0 0.520330 0.695934 0.024700 0.030038
0 0.333346 0.400949 0.023000 0.029314
0 0.013828 0.444805 0.023952 0.029775
0 0.542478 0.316250 0.023871 0.054911
0 0.566360 0.702528 0.024046 0.028993
0 0.055146 0.968900 0.024803 0.030328
0 0.270088 0.697110 0.028703 0.050520
0 0.983526 0.528975 0.021741 0.032501
0 0.679698 0.167071 0.023211 0.031069
0 0.291578 0.751257 0.026150 0.032294
0 0.408016 0.717044 0.025266 0.033943
0 0.363104 0.978790 0.026328 0.032508
0 0.234948 0.416224 0.025037 0.029911
0 0.179128 0.482517 0.025106 0.032838
0 0.505923 0.538242 0.025250 0.028020
0 0.147121 0.455064 0.023673 0.030183
0 0.800728 0.549389 0.023716 0.030341
0 0.098230 0.695335 0.024465 0.030569
0 0.633017 0.968618 0.023556 0.031345
0 0.113880 0.834680 0.027381 0.033639
0 0.290604 0.487471 0.035133 0.046837
0 0.707190 0.131988 0.021196 0.027667
0 0.254626 0.816355 0.024940 0.032339
0 0.739411 0.138426 0.020812 0.029667
0 0.630700 0.156129 0.023133 0.028681
0 0.350381 0.685035 0.026265 0.032833
0 0.707849 0.602723 0.023342 0.032263
0 0.845173 0.453155 0.025395 0.031556
0 0.857173 0.232029 0.024484 0.032898
0 0.369390 0.164768 0.026251 0.033723
0 0.374496 0.431352 0.021362 0.026551
0 0.442399 0.315900 0.026663 0.032596
0 0.828648 0.885778 0.025298 0.033304
0 0.959563 0.213975 0.023193 0.031035
0 0.087356 0.644348 0.025647 0.031016
0 0.368209 0.388411 0.023420 0.028438
0 0.454705 0.630012 0.025321 0.031503
0 0.746963 0.622188 0.037992 0.067205
0 0.851000 0.705210 0.026723 0.034704
0 0.053139 0.354024 0.024769 0.031938
0 0.149106 0.080083 0.025751 0.030580
0 0.994532 0.781866 0.010937 0.036352
0 0.370881 0.460826 0.020557 0.029070
0 0.530710 0.841138 0.024904 0.033352
0 0.505661 0.583931 0.024091 0.029565
0 0.019797 0.240541 0.023840 0.030127
0 0.549639 0.408511 0.024855 0.030096
0 0.167776 0.839061 0.027178 0.036177
0 0.872316 0.335835 0.023041 0.028935
0 0.212099 0.108902 0.023533 0.029723
0 0.421451 0.425027 0.022744 0.027839
0 0.916187 0.798012 0.025913 0.033470
0 0.584762 0.046677 0.023777 0.031138
0 0.506960 0.060722 0.023253 0.030826
0 0.730281 0.728445 0.024626 0.033375
0 0.320136 0.302950 0.024160 0.031989
0 0.792945 0.358831 0.025004 0.032231
0 0.538935 0.970793 0.024158 0.034260
0 0.955079 0.892269 0.024976 0.031524
0 0.393624 0.088174 0.025442 0.031885
0 0.653996 0.292796 0.024601 0.029466
0 0.604039 0.100813 0.022135 0.028123
0 0.179537 0.209027 0.025152 0.031833
0 0.866002 0.081537 0.023261 0.029935
0 0.784153 0.037887 0.022735 0.030444
0 0.613060 0.193901 0.022609 0.030409
0 0.228697 0.046005 0.024151 0.031363
0 0.494867 0.717223 0.020907 0.028428
0 0.229830 0.574852 0.030856 0.035052
0 0.011143 0.010255 0.020225 0.020509
0 0.200172 0.175978 0.023033 0.028226
0 0.016553 0.411991 0.022069 0.026286
0 0.538493 0.725964 0.024097 0.029300
0 0.524432 0.744385 0.024595 0.029711
0 0.045659 0.787280 0.021792 0.029179
0 0.118848 0.945984 0.023472 0.030344
0 0.961536 0.543099 0.029685 0.042447
0 0.004624 0.120782 0.009189 0.032350
0 0.400251 0.444622 0.020582 0.026178
