0 0.304994 0.760844 0.020938 0.028922
0 0.782182 0.989496 0.019804 0.020147
0 0.337288 0.780059 0.021487 0.029142
0 0.707561 0.291570 0.020395 0.025899
0 0.633514 0.111604 0.020049 0.025960
0 0.357394 0.860243 0.019384 0.024821
0 0.922511 0.774840 0.023102 0.026305
0 0.442718 0.230222 0.018709 0.022898
0 0.408734 0.671457 0.019097 0.023260
0 0.754724 0.926863 0.018925 0.025327
0 0.623133 0.826175 0.018906 0.025509
0 0.767980 0.453948 0.018882 0.024266
0 0.781645 0.846833 0.019334 0.024167
0 0.693739 0.740878 0.019584 0.024384
0 0.547135 0.491159 0.017967 0.024269
0 0.082555 0.876755 0.020250 0.023850
0 0.570805 0.617098 0.019680 0.025598
0 0.103944 0.613106 0.017744 0.024024
0 0.206823 0.377691 0.019979 0.025135
0 0.121745 0.342602 0.017898 0.024205
0 0.380923 0.211740 0.019719 0.023330
0 0.279059 0.206078 0.019013 0.024417
0 0.584968 0.276817 0.017729 0.024526
0 0.644224 0.822595 0.019110 0.023822
0 0.879892 0.403506 0.020277 0.023862
0 0.315009 0.457915 0.018841 0.024202
0 0.980317 0.698226 0.018445 0.022978
0 0.914727 0.361557 0.019406 0.023811
0 0.272383 0.278810 0.019411 0.024547
0 0.084759 0.345189 0.016980 0.023150
0 0.176842 0.246247 0.021132 0.025023
0 0.895795 0.018708 0.018638 0.024486
0 0.701745 0.179478 0.019414 0.025286
0 0.761938 0.509595 0.019784 0.026002
0 0.844088 0.132389 0.019202 0.022787
0 0.147661 0.542278 0.019046 0.024257
0 0.335733 0.047158 0.018624 0.024377
0 0.694389 0.460552 0.023164 0.024259
0 0.060806 0.287638 0.019894 0.025118
0 0.210198 0.537697 0.018480 0.023205
0 0.226853 0.972126 0.018402 0.025038
0 0.838828 0.227437 0.019023 0.025641
0 0.610847 0.876440 0.017956 0.022876
0 0.036952 0.625858 0.019268 0.026336
0 0.197774 0.135653 0.019588 0.025504
0 0.460001 0.255663 0.015932 0.023497
0 0.738676 0.880883 0.017523 0.022831
0 0.032360 0.516041 0.018126 0.021773
0 0.738991 0.772420 0.019418 0.023719
0 0.569594 0.949339 0.019215 0.022769
0 0.679791 0.616354 0.020758 0.023576
0 0.060916 0.863259 0.018295 0.023577
0 0.289666 0.384545 0.019900 0.024510
0 0.538079 0.287378 0.019261 0.024312
0 0.313354 0.728340 0.017617 0.024314
0 0.014058 0.568987 0.018956 0.025013
0 0.449219 0.316864 0.019663 0.024114
0 0.211473 0.953380 0.019744 0.023841
0 0.337946 0.082764 0.017618 0.023090
0 0.761714 0.366326 0.018670 0.023588
0 0.792015 0.771458 0.013690 0.021779
0 0.004099 0.067739 0.008198 0.024858
0 0.674073 0.505516 0.015457 0.014403
0 0.708394 0.479218 0.012795 0.017678
0 0.996221 0.112454 0.007559 0.025215
