0 0.624130 0.945445 0.018097 0.025574
0 0.838655 0.331972 0.017880 0.023490
0 0.794858 0.844622 0.019217 0.022754
0 0.479597 0.082723 0.014824 0.019237
0 0.615533 0.667930 0.016804 0.022036
0 0.279601 0.384751 0.018976 0.024268
0 0.384433 0.085186 0.016201 0.021698
0 0.135987 0.175060 0.021266 0.026617
0 0.422020 0.551174 0.015152 0.019743
0 0.520346 0.252209 0.020352 0.026321
0 0.721714 0.224028 0.018684 0.024594
0 0.115724 0.488001 0.015805 0.021155
0 0.319266 0.937297 0.017920 0.022681
0 0.979827 0.705874 0.013281 0.016328
0 0.670221 0.252558 0.017270 0.020954
0 0.463963 0.674811 0.016510 0.021681
0 0.004178 0.676953 0.008355 0.018453
0 0.765726 0.950828 0.016461 0.020351
0 0.004581 0.184913 0.009163 0.016957
0 0.221843 0.706164 0.016627 0.020822
0 0.103527 0.945665 0.018608 0.024265
0 0.032357 0.932977 0.016960 0.023669
0 0.738227 0.546724 0.016725 0.022417
0 0.157276 0.456467 0.015547 0.020150
0 0.417239 0.876610 0.016796 0.020424
0 0.814479 0.870857 0.018563 0.024139
0 0.244161 0.468810 0.020289 0.023507
0 0.099958 0.681185 0.018319 0.022244
0 0.130501 0.230753 0.016520 0.022835
0 0.925280 0.194914 0.013862 0.016453
0 0.119530 0.110652 0.014106 0.017254
0 0.017989 0.046764 0.014687 0.021342
0 0.333376 0.595972 0.018274 0.024928
0 0.249074 0.098891 0.014418 0.019682
0 0.869853 0.343283 0.016419 0.018606
0 0.358414 0.011814 0.015966 0.019335
0 0.558710 0.939007 0.016832 0.020602
0 0.728885 0.919710 0.015638 0.020753
0 0.062140 0.221876 0.019322 0.020105
0 0.332926 0.322936 0.018680 0.023138
0 0.795363 0.962554 0.015964 0.020155
0 0.083357 0.805875 0.016921 0.020766
0 0.934822 0.892333 0.013995 0.018037
0 0.508050 0.118078 0.016975 0.019123
0 0.064819 0.913793 0.014147 0.019272
0 0.029619 0.179851 0.015454 0.019691
0 0.270107 0.075052 0.014106 0.018716
0 0.796449 0.693581 0.016672 0.021682
0 0.815327 0.663695 0.014820 0.020715
0 0.068266 0.545569 0.016056 0.021425
0 0.229688 0.420984 0.012553 0.015902
0 0.975393 0.325496 0.019614 0.024062
0 0.052712 0.522280 0.017479 0.023363
0 0.096526 0.020465 0.013711 0.017502
0 0.070908 0.333676 0.017510 0.020966
0 0.518105 0.969116 0.015205 0.021252
0 0.212605 0.224582 0.015743 0.019310
0 0.381129 0.652602 0.014806 0.018333
0 0.348108 0.645116 0.013157 0.020338
0 0.885978 0.242093 0.011979 0.015408
0 0.942213 0.023261 0.015054 0.017441
0 0.327590 0.820687 0.016423 0.020419
0 0.787507 0.937487 0.015511 0.018175
0 0.286778 0.975529 0.016073 0.018893
0 0.329821 0.037173 0.013378 0.015380
0 0.023769 0.207085 0.011453 0.015698
0 0.802115 0.058772 0.015419 0.019465
0 0.268021 0.107352 0.016852 0.020717
0 0.996435 0.812916 0.007130 0.024084
0 0.530893 0.432429 0.016581 0.021041
0 0.506455 0.963773 0.018964 0.025818
0 0.133254 0.492031 0.012217 0.015849
0 0.656770 0.681003 0.015535 0.020603
0 0.353087 0.099101 0.012305 0.014113
0 0.516319 0.291285 0.016340 0.018800
0 0.012016 0.024272 0.014176 0.018522
0 0.742958 0.187296 0.017890 0.019726
0 0.379824 0.429786 0.013243 0.015469
0 0.565392 0.882497 0.015623 0.019842
0 0.304771 0.011103 0.017207 0.019669
0 0.062292 0.193072 0.013518 0.017703
0 0.059143 0.241884 0.013274 0.018187
0 0.510614 0.964428 0.026216 0.028669
0 0.523858 0.086382 0.015434 0.018623
0 0.035031 0.967660 0.017931 0.020556
0 0.996086 0.954260 0.007827 0.018686
0 0.820908 0.790896 0.017615 0.022506
0 0.080963 0.708046 0.013788 0.016871
0 0.985720 0.153901 0.014618 0.018921
0 0.234584 0.956897 0.016178 0.018813
0 0.503089 0.784964 0.017925 0.021369
0 0.813200 0.093337 0.013910 0.017197
0 0.663137 0.944033 0.012786 0.017174
0 0.988875 0.639252 0.019068 0.021325
0 0.003128 0.768336 0.006256 0.016085
0 0.463007 0.336561 0.013648 0.018760
0 0.588012 0.717951 0.014442 0.017539
0 0.723551 0.220085 0.020790 0.030134
0 0.968141 0.137807 0.016694 0.019923
0 0.113690 0.247020 0.013878 0.017402
0 0.451254 0.773661 0.016020 0.020995
0 0.515716 0.963754 0.018989 0.027492
0 0.211836 0.413225 0.015192 0.018991
0 0.691704 0.965456 0.014186 0.019738
0 0.256118 0.932094 0.015758 0.018621
0 0.264112 0.957856 0.014246 0.018050
0 0.302413 0.054083 0.013542 0.017725
0 0.268807 0.009566 0.014923 0.016385
0 0.009349 0.899943 0.012953 0.017034
0 0.053731 0.161735 0.015757 0.018869
0 0.857392 0.943356 0.016478 0.022044
0 0.742012 0.181813 0.017036 0.021834
0 0.931506 0.846930 0.016984 0.022876
0 0.450838 0.255318 0.013627 0.018255
0 0.976338 0.919534 0.015011 0.017563
0 0.636780 0.009093 0.018491 0.015349
