0 0.268025 0.051438 0.020866 0.023329
0 0.236991 0.395869 0.017463 0.022592
0 0.781719 0.239026 0.018087 0.021699
0 0.244618 0.743650 0.015165 0.020299
0 0.242733 0.556016 0.019161 0.024137
0 0.921579 0.886127 0.018212 0.022622
0 0.642691 0.305958 0.019965 0.025999
0 0.162515 0.294956 0.020370 0.024978
0 0.262758 0.417588 0.018225 0.023854
0 0.185933 0.850087 0.017174 0.023398
0 0.634177 0.607064 0.024242 0.031412
0 0.079898 0.528079 0.017748 0.022236
0 0.775794 0.380129 0.022342 0.024335
0 0.373258 0.459860 0.018200 0.023959
0 0.077381 0.306761 0.021075 0.025434
0 0.891514 0.286745 0.022619 0.023682
0 0.096823 0.507040 0.017789 0.022673
0 0.447927 0.317292 0.017996 0.022512
0 0.092250 0.872033 0.021687 0.025390
0 0.368839 0.560071 0.019965 0.023615
0 0.656355 0.251721 0.020060 0.024259
0 0.523130 0.091917 0.020366 0.025909
0 0.874890 0.637389 0.018400 0.023581
0 0.214071 0.745790 0.016902 0.018411
0 0.129355 0.286073 0.019481 0.024612
0 0.797121 0.616610 0.021110 0.025326
0 0.134630 0.740894 0.016142 0.020668
0 0.163767 0.898303 0.021227 0.026075
0 0.164998 0.836413 0.018336 0.024958
0 0.269354 0.740691 0.016463 0.021845
0 0.873473 0.880563 0.018675 0.024149
0 0.075730 0.453664 0.018755 0.021766
0 0.531148 0.697034 0.018894 0.021630
0 0.955114 0.049411 0.019083 0.025318
0 0.366179 0.343334 0.021049 0.024211
0 0.382487 0.723552 0.019006 0.023833
0 0.310939 0.158162 0.017684 0.023878
0 0.470540 0.278044 0.017056 0.023358
0 0.006769 0.029130 0.013538 0.023843
0 0.934607 0.275501 0.017620 0.021301
0 0.357817 0.297869 0.015710 0.022033
0 0.570422 0.317268 0.019498 0.023133
0 0.868199 0.761974 0.020839 0.025266
0 0.633610 0.714593 0.018975 0.023385
0 0.303424 0.616887 0.017297 0.022720
0 0.182559 0.251113 0.016507 0.020411
0 0.331865 0.362398 0.015936 0.021018
0 0.620119 0.579279 0.019849 0.021919
0 0.108983 0.757957 0.017954 0.022646
0 0.909087 0.908608 0.015628 0.019171
0 0.006834 0.195396 0.013669 0.020940
0 0.485522 0.149942 0.018164 0.024794
0 0.883606 0.253045 0.019768 0.022517
0 0.260506 0.623917 0.018504 0.023380
0 0.318732 0.856715 0.021412 0.026312
0 0.048465 0.418842 0.016410 0.020807
0 0.465095 0.337280 0.019377 0.022632
0 0.477982 0.481919 0.017286 0.020867
0 0.675873 0.792554 0.019679 0.026642
0 0.333703 0.162011 0.016057 0.021418
0 0.523016 0.411703 0.020838 0.024177
0 0.311301 0.265163 0.018763 0.022701
0 0.323388 0.604806 0.016868 0.022101
0 0.388352 0.373573 0.018956 0.022454
0 0.777568 0.212606 0.017168 0.019656
0 0.186014 0.719901 0.026217 0.036945
0 0.982567 0.291720 0.018535 0.023096
0 0.934876 0.140544 0.019809 0.024012
0 0.915618 0.474331 0.021523 0.025680
0 0.801850 0.874386 0.019794 0.023618
0 0.611119 0.221481 0.020123 0.025556
0 0.701490 0.522774 0.016568 0.020546
0 0.203537 0.662987 0.017303 0.023090
0 0.154993 0.223392 0.017385 0.023390
0 0.805563 0.088417 0.018892 0.021640
0 0.899584 0.112858 0.021280 0.025182
0 0.338454 0.299899 0.016657 0.022360
0 0.556745 0.160201 0.017067 0.020774
0 0.317650 0.104186 0.020675 0.024236
0 0.545503 0.656732 0.017731 0.021826
0 0.843976 0.980488 0.018567 0.021742
0 0.680588 0.542064 0.019483 0.023420
0 0.609514 0.155228 0.017777 0.022060
0 0.029461 0.570218 0.017004 0.021708
0 0.040181 0.180922 0.019777 0.023330
0 0.540795 0.117573 0.017662 0.021996
0 0.325065 0.242092 0.018754 0.024715
0 0.021823 0.068313 0.017589 0.023418
0 0.435123 0.670248 0.018110 0.023155
0 0.589431 0.113780 0.017442 0.021129
0 0.889275 0.420553 0.021159 0.026074
0 0.371307 0.143927 0.016314 0.021456
0 0.937289 0.683045 0.018664 0.023968
0 0.267847 0.577978 0.015698 0.019484
0 0.405322 0.047644 0.016830 0.022292
0 0.996770 0.243621 0.006460 0.026007
0 0.297032 0.369540 0.021789 0.029062
0 0.402822 0.340451 0.013076 0.016569
0 0.484488 0.256002 0.014117 0.021387
0 0.327236 0.240387 0.018498 0.023522
0 0.299589 0.367358 0.024358 0.032018
0 0.566173 0.088560 0.015487 0.016646
