0 0.271120 0.571603 0.021733 0.024984
0 0.946172 0.899085 0.022868 0.027416
0 0.513414 0.609237 0.028048 0.036373
0 0.315893 0.600949 0.018411 0.024788
0 0.114116 0.877050 0.022597 0.029444
0 0.411122 0.793853 0.024969 0.035859
0 0.749042 0.675390 0.019416 0.024807
0 0.150428 0.070524 0.018613 0.023087
0 0.720567 0.033478 0.024582 0.030189
0 0.912002 0.105822 0.019250 0.024563
0 0.030112 0.819301 0.018127 0.022386
0 0.212174 0.729998 0.027641 0.034482
0 0.335815 0.274828 0.019134 0.023594
0 0.991985 0.257010 0.016030 0.028797
0 0.257555 0.656074 0.020923 0.023771
0 0.358568 0.176354 0.019467 0.025863
0 0.579744 0.487754 0.020269 0.024413
0 0.351403 0.249758 0.020487 0.024227
0 0.061302 0.717216 0.019745 0.026362
0 0.075951 0.211975 0.024613 0.027993
0 0.183300 0.952158 0.026186 0.029962
0 0.299147 0.588664 0.014421 0.019788
0 0.016559 0.077792 0.018402 0.024776
0 0.589709 0.079613 0.024440 0.028375
0 0.125871 0.451627 0.017744 0.021143
0 0.368628 0.027665 0.021830 0.027560
0 0.546695 0.488908 0.019384 0.024158
0 0.357661 0.544797 0.022307 0.026037
0 0.330104 0.173922 0.018761 0.023834
0 0.821883 0.883046 0.022625 0.026784
0 0.602470 0.229064 0.019806 0.024879
0 0.367183 0.725396 0.017314 0.024654
0 0.251533 0.814921 0.019546 0.021769
0 0.959111 0.652377 0.021757 0.023244
0 0.595864 0.882597 0.019904 0.025204
0 0.391134 0.348916 0.018356 0.022692
0 0.202413 0.822861 0.020351 0.024452
0 0.899391 0.889413 0.020365 0.024265
0 0.626595 0.859074 0.020275 0.024770
0 0.834327 0.398532 0.018903 0.022348
0 0.804523 0.474976 0.020421 0.025493
0 0.370045 0.125998 0.019999 0.024365
0 0.885721 0.142990 0.023436 0.030862
0 0.551558 0.430643 0.019724 0.023649
0 0.295590 0.749472 0.019028 0.023297
0 0.957514 0.067592 0.022207 0.028327
0 0.182074 0.912910 0.020929 0.024572
0 0.347774 0.502022 0.019498 0.025280
0 0.341931 0.731993 0.018040 0.024267
0 0.909593 0.433900 0.021926 0.025580
0 0.624544 0.289201 0.020762 0.026118
0 0.091699 0.729905 0.017760 0.021923
0 0.462811 0.684722 0.021628 0.023566
0 0.238695 0.919726 0.022255 0.028868
0 0.426917 0.742273 0.018452 0.024639
0 0.550474 0.738581 0.020184 0.025276
0 0.004450 0.822969 0.008900 0.027709
0 0.023068 0.501840 0.019399 0.021974
0 0.069495 0.414067 0.019412 0.022886
0 0.523853 0.955719 0.021915 0.028090
0 0.492372 0.738783 0.024215 0.027342
0 0.088055 0.657587 0.020247 0.028822
0 0.828396 0.098962 0.017885 0.023707
0 0.795196 0.986869 0.019670 0.020279
0 0.170493 0.814243 0.017150 0.021527
0 0.331238 0.347336 0.018355 0.024532
0 0.951692 0.768314 0.020375 0.026901
0 0.895223 0.649878 0.020960 0.024332
0 0.337699 0.777269 0.021471 0.024834
0 0.382721 0.907883 0.021023 0.026576
0 0.530322 0.297429 0.019357 0.028257
0 0.087278 0.897882 0.018664 0.022735
0 0.886112 0.102292 0.016939 0.021384
0 0.500791 0.493210 0.019270 0.022960
0 0.097818 0.370202 0.018648 0.021900
0 0.434669 0.855621 0.020948 0.027145
0 0.508888 0.168609 0.017170 0.024715
0 0.159194 0.041557 0.019821 0.022781
0 0.395138 0.635195 0.018867 0.023417
0 0.730281 0.565506 0.020166 0.023965
0 0.883524 0.557211 0.023417 0.026832
0 0.578633 0.163954 0.017887 0.025032
0 0.543908 0.536560 0.019012 0.023090
0 0.651477 0.878813 0.019547 0.023653
0 0.005017 0.240647 0.010033 0.025404
0 0.387499 0.599189 0.018271 0.022529
0 0.561257 0.633831 0.018900 0.024191
0 0.315403 0.096314 0.019485 0.024672
0 0.152749 0.854644 0.018145 0.024816
0 0.961018 0.414698 0.020641 0.023904
0 0.654548 0.353163 0.021998 0.026534
0 0.233301 0.419558 0.020058 0.026018
0 0.066170 0.557554 0.018608 0.021699
0 0.782225 0.917188 0.019934 0.025436
0 0.603669 0.194985 0.019155 0.022096
0 0.584834 0.440572 0.018153 0.022008
0 0.376913 0.074808 0.018223 0.022980
0 0.202575 0.149636 0.018616 0.026725
0 0.727143 0.822100 0.021432 0.025030
0 0.260176 0.627267 0.020632 0.023391
0 0.464869 0.427357 0.022194 0.022748
0 0.824380 0.517859 0.019867 0.022417
0 0.967420 0.008160 0.018621 0.016320
0 0.804368 0.252936 0.020373 0.024759
0 0.559874 0.712379 0.017822 0.022763
0 0.461961 0.327784 0.020599 0.024570
0 0.473269 0.653692 0.017113 0.020699
0 0.028026 0.314717 0.018473 0.020626
0 0.919014 0.907396 0.016685 0.021388
0 0.137387 0.429422 0.019744 0.023070
0 0.638520 0.164274 0.018652 0.025839
0 0.869667 0.466721 0.018226 0.022035
0 0.750568 0.645039 0.020031 0.023829
0 0.273064 0.007020 0.020260 0.014039
0 0.856503 0.848652 0.021476 0.026678
0 0.638711 0.088417 0.018772 0.021671
0 0.488416 0.071359 0.017046 0.021918
0 0.919005 0.478996 0.020020 0.020478
0 0.509057 0.257836 0.015935 0.019986
0 0.775393 0.572777 0.014571 0.017131
0 0.924991 0.500422 0.017427 0.020852
0 0.799735 0.227345 0.018873 0.020622
0 0.660635 0.009675 0.021539 0.017859
0 0.771174 0.553266 0.014483 0.016845
0 0.923165 0.500161 0.018698 0.024573
