0 0.626781 0.944849 0.019163 0.026094
0 0.280850 0.385000 0.019311 0.023702
0 0.750999 0.827037 0.017581 0.023652
0 0.251097 0.470509 0.020500 0.023701
0 0.066092 0.041064 0.017336 0.020971
0 0.544604 0.563082 0.015944 0.019932
0 0.797297 0.603073 0.017824 0.022448
0 0.007912 0.654273 0.015517 0.021341
0 0.596372 0.051560 0.014643 0.017051
0 0.238193 0.499480 0.018637 0.021969
0 0.227605 0.258380 0.014922 0.018346
0 0.771655 0.190592 0.018526 0.022412
0 0.515289 0.292806 0.019168 0.023121
0 0.467088 0.676633 0.017421 0.021625
0 0.085918 0.487218 0.016706 0.020635
0 0.733790 0.909959 0.016399 0.018650
0 0.129444 0.233401 0.018064 0.024046
0 0.695153 0.125304 0.017768 0.024150
0 0.785452 0.654830 0.015980 0.020483
0 0.184426 0.963330 0.013729 0.017093
0 0.747721 0.932897 0.017337 0.020881
0 0.366199 0.641132 0.013466 0.019598
0 0.027623 0.578922 0.016515 0.021616
0 0.010505 0.101658 0.014917 0.019160
0 0.118281 0.489120 0.017461 0.021574
0 0.219493 0.941677 0.015589 0.018804
0 0.511520 0.540125 0.015113 0.017690
0 0.303835 0.825222 0.018238 0.021964
0 0.512829 0.967103 0.021910 0.028506
0 0.747310 0.053537 0.018415 0.024867
0 0.449087 0.030586 0.015788 0.021202
0 0.020928 0.335500 0.014647 0.019575
0 0.691676 0.008931 0.014687 0.014904
0 0.617489 0.624184 0.016231 0.021179
0 0.035020 0.933628 0.016815 0.021467
0 0.026790 0.203652 0.012861 0.017370
0 0.195315 0.871097 0.018464 0.021616
0 0.788587 0.737028 0.019316 0.024100
0 0.208779 0.972807 0.019273 0.021519
0 0.124899 0.167882 0.019832 0.027297
0 0.197445 0.937564 0.015806 0.021608
0 0.115663 0.675694 0.017183 0.021880
0 0.979371 0.667026 0.017133 0.021378
0 0.838646 0.866379 0.014997 0.018305
0 0.480456 0.886540 0.016333 0.020123
0 0.810711 0.258788 0.018464 0.023702
0 0.078069 0.922485 0.018054 0.023088
0 0.228681 0.894783 0.016830 0.019472
0 0.520779 0.568581 0.015621 0.019247
0 0.937908 0.889910 0.015884 0.020032
0 0.815229 0.867791 0.017014 0.022966
0 0.326369 0.811042 0.015831 0.019641
0 0.159453 0.157277 0.016422 0.021490
0 0.401278 0.818065 0.019464 0.025224
0 0.709286 0.939170 0.015405 0.021041
0 0.945353 0.503584 0.018316 0.019608
0 0.493828 0.848724 0.018269 0.021852
0 0.824685 0.520947 0.017303 0.022750
0 0.649157 0.674328 0.018839 0.021514
0 0.568159 0.090584 0.016821 0.020188
0 0.661594 0.334684 0.015488 0.018464
0 0.834924 0.558948 0.015637 0.019582
0 0.763353 0.953910 0.016536 0.020095
0 0.216412 0.226124 0.017060 0.021656
0 0.532621 0.437090 0.015717 0.021064
0 0.020302 0.075200 0.015842 0.020225
0 0.385457 0.087152 0.017253 0.022638
0 0.804839 0.405025 0.017773 0.022846
0 0.589110 0.308406 0.015924 0.021317
0 0.036002 0.129797 0.016182 0.019332
0 0.904072 0.138265 0.014781 0.019067
0 0.284362 0.493073 0.015470 0.021836
0 0.817892 0.897915 0.016043 0.021987
0 0.003486 0.821633 0.006951 0.018390
0 0.944252 0.832287 0.019104 0.024928
0 0.571628 0.618042 0.016551 0.019552
0 0.251295 0.957832 0.016469 0.021771
0 0.705657 0.578006 0.015446 0.017638
0 0.390820 0.767916 0.019305 0.023596
0 0.043731 0.071627 0.015852 0.020949
0 0.132317 0.420321 0.019911 0.023052
0 0.236497 0.865642 0.015595 0.019722
0 0.466327 0.337472 0.013459 0.015995
0 0.452423 0.259593 0.019590 0.023945
0 0.086748 0.846527 0.019881 0.025969
0 0.058893 0.463725 0.015179 0.020122
0 0.735355 0.083444 0.015207 0.017388
0 0.487398 0.138132 0.019932 0.023473
0 0.967982 0.229793 0.018853 0.021941
0 0.317438 0.095453 0.014951 0.020338
0 0.747254 0.565586 0.016753 0.021284
0 0.015639 0.894392 0.014201 0.018716
0 0.721072 0.522366 0.016446 0.023311
0 0.709791 0.900384 0.016711 0.020403
0 0.295862 0.096417 0.014043 0.017975
0 0.508990 0.963784 0.022132 0.025221
0 0.400214 0.010483 0.012968 0.018162
0 0.307472 0.026296 0.015882 0.015887
0 0.376012 0.041218 0.015356 0.020866
0 0.653254 0.773537 0.015807 0.018881
0 0.815022 0.020265 0.015584 0.020468
0 0.311947 0.048063 0.017859 0.022696
0 0.028484 0.705335 0.014079 0.017099
0 0.851636 0.672507 0.016059 0.021047
0 0.042867 0.898175 0.014957 0.020851
0 0.446606 0.497724 0.015091 0.018002
0 0.628979 0.733890 0.015323 0.020264
0 0.585520 0.645876 0.017786 0.021448
0 0.541410 0.943082 0.015344 0.020407
0 0.118197 0.540370 0.017082 0.022423
0 0.957958 0.979867 0.017186 0.021854
0 0.663379 0.601013 0.015799 0.020036
0 0.840954 0.498468 0.017091 0.019936
0 0.638406 0.528624 0.016061 0.019355
0 0.267553 0.608416 0.016227 0.020852
0 0.835844 0.043991 0.013655 0.018671
0 0.072207 0.009222 0.014670 0.016428
0 0.799605 0.979818 0.014889 0.018501
0 0.437808 0.131252 0.015716 0.020147
0 0.649711 0.070991 0.016628 0.020670
0 0.106889 0.469884 0.016374 0.020092
0 0.286337 0.019501 0.015364 0.021832
0 0.380643 0.650085 0.014446 0.020022
0 0.820035 0.970074 0.016339 0.019553
0 0.087436 0.300404 0.013465 0.018772
0 0.260566 0.891620 0.012527 0.015729
0 0.465804 0.861468 0.013627 0.017218
0 0.186098 0.709825 0.016908 0.022957
0 0.050508 0.107562 0.015806 0.019263
0 0.825839 0.927220 0.016505 0.018412
0 0.069463 0.073865 0.013926 0.017930
0 0.866841 0.110445 0.014908 0.017394
0 0.402190 0.676174 0.014052 0.017689
0 0.004648 0.191969 0.009296 0.019331
0 0.755895 0.482553 0.012197 0.017716
0 0.830118 0.077895 0.013023 0.015016
0 0.035179 0.875023 0.012665 0.015133
0 0.862793 0.597946 0.015241 0.020001
0 0.630201 0.333808 0.014823 0.019784
0 0.650043 0.968789 0.013114 0.018081
0 0.798442 0.052985 0.013854 0.018504
0 0.207151 0.095146 0.014437 0.019227
0 0.737561 0.987915 0.010726 0.015084
0 0.424340 0.007964 0.014835 0.014173
0 0.764225 0.739683 0.015304 0.020914
0 0.884133 0.991334 0.016402 0.015207
0 0.084046 0.121807 0.012315 0.016129
0 0.810843 0.671332 0.014930 0.019990
0 0.208346 0.321712 0.015394 0.016715
0 0.362591 0.949519 0.012624 0.016033
0 0.827653 0.026605 0.010819 0.013480
0 0.283423 0.461842 0.015337 0.017332
0 0.687906 0.660791 0.015437 0.020359
0 0.369626 0.968946 0.013601 0.017661
0 0.700124 0.121292 0.019629 0.028974
0 0.215087 0.008488 0.014290 0.014805
0 0.644058 0.104196 0.012627 0.015922
0 0.733354 0.281951 0.012759 0.016524
0 0.515843 0.656081 0.016883 0.021870
0 0.668378 0.990383 0.012316 0.014978
0 0.996657 0.367136 0.006685 0.020599
0 0.703096 0.117083 0.015256 0.022459
0 0.758852 0.456059 0.013007 0.014964
0 0.004176 0.611467 0.008351 0.017788
0 0.164170 0.097604 0.011215 0.015066
0 0.069887 0.008391 0.017025 0.015768
0 0.418903 0.032445 0.016445 0.021533
0 0.337982 0.977336 0.011155 0.015153
0 0.456410 0.211435 0.010470 0.014583
0 0.736689 0.084241 0.017767 0.023323
0 0.458796 0.402666 0.012700 0.018595
0 0.329639 0.044457 0.014923 0.019341
0 0.996725 0.810960 0.006549 0.021771
0 0.669878 0.754009 0.015281 0.017231
0 0.740059 0.248611 0.013418 0.017944
