0 0.787642 0.566673 0.018607 0.024129
0 0.326213 0.035359 0.014914 0.020103
0 0.176101 0.077355 0.017548 0.022417
0 0.179370 0.698598 0.017986 0.024269
0 0.008949 0.762818 0.017098 0.020898
0 0.355451 0.013964 0.016503 0.020906
0 0.530221 0.974211 0.020738 0.026400
0 0.061059 0.052491 0.022851 0.022973
0 0.064099 0.200498 0.017543 0.021922
0 0.662811 0.707697 0.020152 0.024871
0 0.803717 0.659869 0.019900 0.022495
0 0.546559 0.442840 0.018135 0.022282
0 0.816421 0.409044 0.020741 0.026290
0 0.669450 0.038249 0.020574 0.023623
0 0.882023 0.091024 0.022307 0.027184
0 0.404810 0.097058 0.016713 0.022766
0 0.382074 0.107443 0.018296 0.022474
0 0.625614 0.079393 0.018704 0.027400
0 0.092890 0.831841 0.018665 0.022462
0 0.235348 0.445014 0.019414 0.023871
0 0.833049 0.992845 0.017200 0.014310
0 0.401886 0.662370 0.015925 0.020316
0 0.451284 0.950154 0.017431 0.021033
0 0.498102 0.122152 0.019558 0.023775
0 0.467389 0.979334 0.016269 0.018803
0 0.514576 0.948970 0.017342 0.021518
0 0.301043 0.390424 0.019174 0.024213
0 0.236059 0.237341 0.016520 0.020749
0 0.249491 0.808457 0.020215 0.025634
0 0.707932 0.273917 0.017605 0.022783
0 0.694638 0.175885 0.021528 0.026710
0 0.269997 0.470701 0.018953 0.023145
0 0.826368 0.888899 0.019762 0.024167
0 0.027370 0.989261 0.016615 0.016825
0 0.347642 0.113194 0.016474 0.023004
0 0.552533 0.808801 0.020526 0.025566
0 0.155112 0.069200 0.016448 0.020975
0 0.360360 0.049707 0.014328 0.018628
0 0.927729 0.850769 0.017586 0.022182
0 0.357675 0.799682 0.018353 0.022006
0 0.006957 0.574242 0.013765 0.021653
0 0.440417 0.854244 0.018993 0.024084
0 0.672797 0.759534 0.017159 0.022583
0 0.903908 0.856296 0.017532 0.022158
0 0.303544 0.032717 0.018038 0.021491
0 0.320309 0.840668 0.018266 0.021751
0 0.541739 0.949166 0.016921 0.020434
0 0.070128 0.089264 0.018920 0.022633
0 0.299412 0.254768 0.016743 0.022535
0 0.449609 0.767767 0.018159 0.023234
0 0.325048 0.111231 0.017281 0.021998
0 0.052290 0.941157 0.017620 0.022099
0 0.121492 0.612918 0.018233 0.021770
0 0.679876 0.510855 0.020153 0.024390
0 0.774297 0.056681 0.021301 0.025138
0 0.149365 0.240457 0.016729 0.020535
0 0.932430 0.441929 0.020255 0.024738
0 0.990490 0.345933 0.018484 0.025279
0 0.784890 0.409182 0.020289 0.025165
0 0.831703 0.688987 0.019360 0.023585
0 0.157289 0.691339 0.016976 0.021513
0 0.413952 0.769489 0.018435 0.022885
0 0.464682 0.046208 0.015871 0.021893
0 0.445818 0.034255 0.016510 0.019076
0 0.800075 0.290161 0.015783 0.021352
0 0.882224 0.663308 0.019337 0.025200
0 0.782396 0.921848 0.018184 0.022889
0 0.980173 0.188613 0.021408 0.025984
0 0.291546 0.459286 0.016573 0.021651
0 0.383587 0.650882 0.014795 0.020227
0 0.020072 0.408367 0.015851 0.020657
0 0.928829 0.892327 0.018962 0.023132
0 0.927663 0.989910 0.017472 0.017942
0 0.677164 0.632973 0.017574 0.021344
0 0.480422 0.148374 0.018068 0.021412
0 0.747696 0.535032 0.017902 0.021084
0 0.615167 0.779669 0.017270 0.021116
0 0.393545 0.568587 0.018420 0.023073
0 0.881264 0.292094 0.019648 0.023593
0 0.020745 0.624757 0.016257 0.019851
0 0.502517 0.096189 0.016925 0.020640
0 0.378668 0.625400 0.017959 0.023235
0 0.382481 0.740200 0.018839 0.022204
0 0.445073 0.380222 0.017167 0.021526
0 0.488631 0.007003 0.017977 0.014006
0 0.356449 0.443577 0.016703 0.020553
0 0.691825 0.923906 0.018577 0.022730
0 0.196902 0.930143 0.017029 0.021601
0 0.922717 0.374901 0.017629 0.022550
0 0.517483 0.338060 0.017110 0.022415
0 0.107902 0.869224 0.016426 0.021989
0 0.766630 0.577476 0.017920 0.025050
0 0.133861 0.497114 0.017362 0.023572
0 0.087949 0.772578 0.016181 0.019486
0 0.739446 0.577495 0.017409 0.023847
0 0.038417 0.651588 0.018489 0.021444
0 0.043923 0.449536 0.017109 0.022433
0 0.457690 0.813370 0.017748 0.022895
0 0.165907 0.314198 0.017857 0.020724
0 0.869782 0.503393 0.021599 0.024773
0 0.586508 0.410821 0.020450 0.024058
0 0.561483 0.579348 0.019300 0.024219
0 0.045122 0.122020 0.017295 0.023042
0 0.779547 0.297863 0.017135 0.023410
0 0.323632 0.956394 0.015458 0.020166
0 0.101540 0.043501 0.020220 0.020672
0 0.613903 0.849079 0.017904 0.022388
0 0.223484 0.332770 0.016306 0.020998
0 0.458476 0.010980 0.020964 0.019601
0 0.097057 0.065740 0.014454 0.018059
0 0.794840 0.086712 0.020396 0.027706
0 0.472734 0.269697 0.018376 0.023747
0 0.792748 0.608749 0.017244 0.022598
0 0.808637 0.687876 0.018117 0.021657
0 0.477589 0.797672 0.015241 0.019079
0 0.394110 0.007444 0.018725 0.013348
0 0.039563 0.858336 0.017523 0.021694
0 0.656672 0.410563 0.016819 0.022136
0 0.216467 0.507130 0.016572 0.020109
0 0.511841 0.395949 0.018553 0.023385
0 0.725202 0.992655 0.016688 0.014690
0 0.341525 0.050519 0.013762 0.018282
0 0.903129 0.992352 0.017967 0.015133
0 0.833783 0.970862 0.018256 0.020913
0 0.377280 0.979986 0.014937 0.018231
0 0.053683 0.026445 0.015198 0.022184
0 0.587998 0.144659 0.016128 0.021194
0 0.976710 0.487674 0.018224 0.022039
0 0.420611 0.189305 0.017939 0.020420
0 0.685128 0.870192 0.017195 0.021932
0 0.863323 0.882420 0.017302 0.020748
0 0.034809 0.031334 0.012399 0.016523
0 0.130126 0.858060 0.013278 0.013194
0 0.305322 0.363093 0.016574 0.020194
0 0.865564 0.682411 0.018262 0.023961
0 0.217064 0.674731 0.017155 0.021554
0 0.530170 0.869105 0.017195 0.021933
0 0.317117 0.813987 0.016329 0.019953
0 0.380059 0.957603 0.015005 0.018263
0 0.913443 0.960907 0.017195 0.021521
0 0.743031 0.787817 0.017548 0.020303
0 0.414811 0.016942 0.015515 0.017951
0 0.578712 0.261801 0.016450 0.020993
0 0.673410 0.065760 0.013881 0.020461
0 0.217067 0.059582 0.014776 0.016045
0 0.755306 0.595845 0.016479 0.021186
0 0.691041 0.994012 0.019315 0.011977
0 0.720752 0.587554 0.019004 0.023465
0 0.864847 0.052304 0.013879 0.016363
0 0.254944 0.895810 0.013775 0.017339
0 0.431028 0.003858 0.015272 0.007716
0 0.519882 0.360468 0.011961 0.015093
0 0.017805 0.502508 0.010472 0.015208
0 0.996862 0.241683 0.006276 0.021502
0 0.996697 0.006506 0.006606 0.013012
0 0.533064 0.676111 0.014450 0.017444
0 0.558772 0.226867 0.016483 0.017967
0 0.252211 0.762166 0.013791 0.016046
0 0.291705 0.456960 0.020262 0.027650
0 0.477632 0.795438 0.017813 0.022427
0 0.691129 0.996191 0.019583 0.007618
0 0.842864 0.658517 0.014160 0.016424
0 0.167912 0.934230 0.012523 0.017586
0 0.979790 0.394225 0.012077 0.014934
0 0.759851 0.584584 0.020957 0.036392
