0 0.751544 0.874614 0.026828 0.027807
0 0.241174 0.742993 0.016369 0.020281
0 0.097765 0.310115 0.017782 0.021969
0 0.342530 0.246450 0.017628 0.023200
0 0.266164 0.741885 0.016086 0.021604
0 0.773685 0.212161 0.017943 0.018684
0 0.417830 0.475764 0.024986 0.027345
0 0.072819 0.307412 0.018760 0.026135
0 0.908198 0.908463 0.015608 0.019486
0 0.453324 0.614284 0.018889 0.022765
0 0.030641 0.137327 0.015731 0.020333
0 0.772263 0.381099 0.020952 0.021992
0 0.239344 0.555575 0.019123 0.023849
0 0.481295 0.149282 0.016621 0.022892
0 0.086857 0.275123 0.017771 0.019204
0 0.045515 0.418688 0.016410 0.019889
0 0.092471 0.505384 0.018386 0.022983
0 0.076177 0.387518 0.017339 0.021533
0 0.853889 0.142042 0.020288 0.023346
0 0.641847 0.307638 0.018821 0.022213
0 0.779708 0.725819 0.018566 0.022892
0 0.501680 0.245550 0.017384 0.023338
0 0.196970 0.422501 0.016693 0.021296
0 0.170218 0.335165 0.017905 0.022869
0 0.327420 0.268197 0.013730 0.018455
0 0.909561 0.418787 0.015519 0.020670
0 0.569583 0.777810 0.019511 0.024367
0 0.211665 0.745313 0.017075 0.018532
0 0.502232 0.147997 0.016268 0.024471
0 0.465715 0.324269 0.014319 0.019219
0 0.160637 0.893599 0.021331 0.025550
0 0.454677 0.446768 0.018321 0.023113
0 0.571406 0.532359 0.019317 0.024594
0 0.935105 0.227989 0.017934 0.021945
0 0.198848 0.950485 0.018874 0.022798
0 0.977247 0.293529 0.018365 0.023054
0 0.706421 0.110667 0.017465 0.021860
0 0.639034 0.112882 0.018309 0.023787
0 0.445044 0.316957 0.017839 0.022442
0 0.686235 0.323657 0.018162 0.022518
0 0.315729 0.852617 0.019329 0.027384
0 0.547550 0.658239 0.017023 0.021273
0 0.128072 0.283021 0.017738 0.022316
0 0.798134 0.876204 0.018937 0.024462
0 0.109976 0.477110 0.014937 0.023742
0 0.885263 0.422339 0.018271 0.023556
0 0.236791 0.291074 0.017779 0.023457
0 0.335975 0.295166 0.016923 0.020475
0 0.342489 0.008719 0.015833 0.016258
0 0.083087 0.461580 0.016262 0.019687
0 0.802966 0.088962 0.019094 0.019663
0 0.863513 0.516593 0.019710 0.023721
0 0.472261 0.480338 0.016545 0.020867
0 0.870445 0.882388 0.017989 0.021810
0 0.536039 0.392036 0.019583 0.023289
0 0.741704 0.923038 0.018983 0.022982
0 0.207117 0.257712 0.020687 0.021842
0 0.912425 0.392048 0.017115 0.020269
0 0.888617 0.288077 0.019633 0.024432
0 0.934492 0.679658 0.019050 0.023885
0 0.432199 0.673005 0.018101 0.020239
0 0.869519 0.632085 0.020994 0.024337
0 0.149276 0.263593 0.019707 0.023607
0 0.020840 0.108396 0.014221 0.017866
0 0.918694 0.886352 0.017391 0.020859
0 0.030597 0.179402 0.018175 0.021585
0 0.020166 0.707922 0.018472 0.023752
0 0.491306 0.596966 0.016224 0.020304
0 0.778418 0.236548 0.018095 0.021988
0 0.017736 0.409757 0.017243 0.019315
0 0.180285 0.241361 0.015817 0.018724
0 0.533194 0.697676 0.017704 0.020956
0 0.267980 0.571196 0.016734 0.022657
0 0.339070 0.195584 0.016568 0.021023
0 0.319494 0.241477 0.017399 0.020402
0 0.184449 0.982805 0.016410 0.020264
0 0.127541 0.522021 0.016727 0.020659
0 0.439854 0.099869 0.019471 0.023784
0 0.183324 0.721622 0.029389 0.038113
0 0.521648 0.415028 0.016865 0.021041
0 0.307979 0.156129 0.018743 0.024263
0 0.606777 0.153376 0.016287 0.020781
0 0.409172 0.028168 0.016418 0.022430
0 0.554925 0.160302 0.016568 0.019912
0 0.643275 0.509177 0.018431 0.021889
0 0.087137 0.869093 0.021470 0.024171
0 0.305358 0.263089 0.017983 0.023166
0 0.004208 0.027703 0.008416 0.024075
0 0.897988 0.114415 0.020849 0.024626
0 0.855342 0.113737 0.018899 0.021517
0 0.481251 0.259190 0.014168 0.018749
0 0.287478 0.985338 0.016175 0.019244
0 0.993087 0.245647 0.013827 0.019942
0 0.187324 0.724942 0.024470 0.033485
0 0.394768 0.343807 0.012922 0.017425
0 0.300821 0.367802 0.020453 0.023258
