0 0.858047 0.987613 0.015391 0.020437
0 0.313183 0.396841 0.020423 0.024648
0 0.472113 0.024329 0.017352 0.020256
0 0.740835 0.406188 0.020002 0.023936
0 0.272827 0.481293 0.020316 0.027114
0 0.037499 0.992414 0.020840 0.015172
0 0.541613 0.975802 0.023678 0.028965
0 0.562238 0.703882 0.018430 0.024758
0 0.515703 0.099337 0.018807 0.023539
0 0.568834 0.734095 0.019156 0.021366
0 0.405168 0.014665 0.019559 0.022540
0 0.045439 0.183936 0.025837 0.031231
0 0.827431 0.667226 0.018117 0.020942
0 0.750258 0.235604 0.018680 0.023587
0 0.496550 0.012651 0.017820 0.021128
0 0.838506 0.988519 0.015895 0.018083
0 0.063973 0.496316 0.020822 0.024873
0 0.868410 0.770932 0.020045 0.025308
0 0.503962 0.497428 0.017385 0.021813
0 0.752787 0.049480 0.019218 0.024485
0 0.677649 0.158114 0.019993 0.026730
0 0.819530 0.728663 0.019622 0.024466
0 0.432164 0.816497 0.014768 0.018487
0 0.062605 0.944609 0.017688 0.023642
0 0.611587 0.320229 0.020600 0.024542
0 0.262399 0.810549 0.020034 0.024116
0 0.223859 0.429092 0.021020 0.026451
0 0.340976 0.985837 0.017763 0.021173
0 0.879557 0.974676 0.018747 0.022120
0 0.292209 0.463436 0.016576 0.020062
0 0.185928 0.803960 0.020260 0.025159
0 0.025624 0.583028 0.023911 0.029265
0 0.818341 0.692703 0.018884 0.020778
0 0.303785 0.489597 0.018475 0.022528
0 0.585570 0.474591 0.019418 0.024573
0 0.958517 0.045333 0.021504 0.026600
0 0.447336 0.827844 0.015014 0.019216
0 0.873381 0.678977 0.018987 0.022575
0 0.677762 0.813853 0.019783 0.025182
0 0.703155 0.158523 0.016331 0.020933
0 0.409341 0.572226 0.017409 0.022949
0 0.087420 0.817449 0.017092 0.021356
0 0.395522 0.652989 0.015911 0.019895
0 0.537004 0.824404 0.017952 0.022302
0 0.300372 0.724782 0.019283 0.022484
0 0.489909 0.161361 0.017922 0.021791
0 0.555742 0.447825 0.017061 0.022473
0 0.565010 0.188013 0.019491 0.024226
0 0.328872 0.436533 0.018649 0.023550
0 0.720452 0.433527 0.016483 0.020709
0 0.308471 0.043768 0.019808 0.023229
0 0.762486 0.599054 0.015669 0.019967
0 0.796336 0.899068 0.018417 0.021753
0 0.418087 0.830409 0.017446 0.022306
0 0.694825 0.965987 0.017539 0.020602
0 0.193909 0.334449 0.017784 0.022708
0 0.300429 0.363635 0.017158 0.020596
0 0.729398 0.597656 0.017712 0.021982
0 0.914859 0.602845 0.016875 0.020408
0 0.894122 0.164692 0.017934 0.022628
0 0.203234 0.060232 0.018719 0.021788
0 0.235160 0.338821 0.016807 0.021134
0 0.746792 0.950644 0.020436 0.028158
0 0.481291 0.499936 0.018353 0.018986
0 0.180610 0.103228 0.019850 0.024117
0 0.195331 0.726697 0.017988 0.022503
0 0.332128 0.834190 0.019241 0.022776
0 0.239756 0.166431 0.017893 0.020656
0 0.246171 0.242717 0.021340 0.023942
0 0.099717 0.536204 0.018078 0.022465
0 0.231263 0.592918 0.016629 0.022244
0 0.839269 0.565194 0.017715 0.021414
0 0.082341 0.978686 0.018951 0.023214
0 0.535791 0.654326 0.017248 0.021455
0 0.163839 0.075255 0.019407 0.022573
0 0.161221 0.243174 0.018319 0.023406
0 0.104902 0.837733 0.019132 0.023293
0 0.368479 0.798244 0.016941 0.020210
0 0.705620 0.886450 0.015423 0.020723
0 0.167179 0.894799 0.017332 0.021608
0 0.800123 0.008807 0.017788 0.017133
0 0.528529 0.211887 0.018307 0.022161
0 0.144170 0.502204 0.017739 0.023278
0 0.735377 0.876738 0.015740 0.019309
0 0.240945 0.898138 0.018056 0.022702
0 0.433610 0.982342 0.016459 0.019494
0 0.395830 0.288115 0.018058 0.022409
0 0.778146 0.261484 0.015855 0.019244
0 0.992799 0.813802 0.014403 0.028014
0 0.019704 0.515184 0.017118 0.021529
0 0.699321 0.515803 0.019638 0.025023
0 0.456711 0.526340 0.015953 0.020117
0 0.940734 0.429532 0.019008 0.022957
0 0.553796 0.759604 0.016981 0.020632
0 0.243939 0.282110 0.019149 0.024381
0 0.543547 0.374010 0.018597 0.021724
0 0.410214 0.100439 0.018800 0.022306
0 0.864721 0.139161 0.016950 0.021107
0 0.351892 0.121520 0.018203 0.021772
0 0.591142 0.232751 0.019368 0.023351
0 0.829961 0.399137 0.020632 0.028902
0 0.871195 0.492277 0.018021 0.024207
0 0.986708 0.654120 0.016028 0.020461
0 0.660889 0.049749 0.014817 0.016217
0 0.417518 0.653879 0.016438 0.021437
0 0.270129 0.336332 0.017344 0.020496
0 0.900930 0.266168 0.015658 0.018547
0 0.915407 0.683388 0.017623 0.023331
0 0.591819 0.614614 0.014291 0.018032
0 0.836183 0.797208 0.018798 0.021617
0 0.308534 0.307657 0.017929 0.021208
0 0.714611 0.269081 0.017508 0.021635
0 0.951903 0.993502 0.016253 0.012997
0 0.417708 0.218054 0.013947 0.018912
0 0.996281 0.964173 0.007438 0.025964
0 0.387457 0.953432 0.015337 0.018791
0 0.377757 0.971546 0.015157 0.018301
0 0.777362 0.010617 0.015929 0.021233
0 0.766056 0.945429 0.012943 0.021307
0 0.416235 0.532730 0.015759 0.019336
0 0.949813 0.766843 0.014553 0.016675
0 0.380733 0.236238 0.013837 0.016198
0 0.471362 0.850974 0.014075 0.018408
0 0.645081 0.644573 0.012384 0.018199
0 0.299351 0.635985 0.014294 0.017524
0 0.140010 0.796047 0.012198 0.015048
0 0.003526 0.537528 0.007052 0.026370
0 0.700393 0.997549 0.019017 0.004901
0 0.627013 0.118445 0.014647 0.017872
0 0.434478 0.927015 0.013111 0.018027
0 0.009604 0.998331 0.017292 0.003339
0 0.761227 0.889090 0.012715 0.015974
0 0.528274 0.385951 0.014156 0.018212
0 0.936429 0.685982 0.012747 0.016482
0 0.163845 0.217867 0.014278 0.016251
0 0.301464 0.964078 0.013102 0.018489
0 0.003164 0.866979 0.006327 0.026095
0 0.430051 0.818953 0.013759 0.020239
0 0.943189 0.165923 0.012132 0.015944
0 0.614145 0.620666 0.012721 0.014658
0 0.009892 0.979871 0.013368 0.015696
0 0.550925 0.420891 0.010777 0.011479
0 0.809380 0.458840 0.013837 0.016488
0 0.290842 0.461159 0.018274 0.022137
0 0.517731 0.185358 0.013640 0.016027
0 0.468786 0.002559 0.018174 0.005118
0 0.659483 0.715583 0.013222 0.017322
0 0.966208 0.699561 0.010682 0.015601
0 0.995357 0.677543 0.009285 0.015510
0 0.165795 0.977669 0.012639 0.014494
0 0.504010 0.516833 0.014994 0.015120
0 0.996010 0.241270 0.007981 0.012184
0 0.916519 0.055508 0.013053 0.015203
0 0.924822 0.925625 0.013585 0.016160
0 0.482417 0.959219 0.013032 0.014892
0 0.851622 0.002222 0.019680 0.004444
0 0.386600 0.334375 0.011551 0.013617
0 0.700812 0.995909 0.019004 0.008183
0 0.465853 0.307336 0.011915 0.015136
0 0.317594 0.977704 0.011700 0.017204
0 0.914953 0.997412 0.017656 0.005176
0 0.289520 0.972159 0.014244 0.015819
0 0.140196 0.796339 0.015615 0.019067
0 0.379944 0.240390 0.014969 0.023153
0 0.098281 0.109083 0.011889 0.016560
0 0.408835 0.700021 0.011380 0.015745
0 0.914240 0.995613 0.016811 0.008773
0 0.808738 0.384018 0.012210 0.019737
0 0.308631 0.980822 0.011390 0.018075
0 0.185959 0.249538 0.016100 0.019593
0 0.419296 0.240457 0.010894 0.013329
0 0.407186 0.671366 0.013314 0.016425
