0 0.091083 0.680658 0.057245 0.068393
0 0.539652 0.979752 0.023136 0.027455
0 0.626068 0.286124 0.023172 0.026106
0 0.273993 0.479679 0.020685 0.024988
0 0.577093 0.384862 0.018655 0.021750
0 0.889459 0.697015 0.016490 0.020572
0 0.171571 0.530818 0.019160 0.027817
0 0.968906 0.443164 0.017778 0.021928
0 0.403885 0.013482 0.019096 0.020717
0 0.203412 0.227433 0.017721 0.023497
0 0.309431 0.394723 0.019028 0.023405
0 0.561119 0.788650 0.018485 0.022671
0 0.785292 0.069508 0.017496 0.022070
0 0.423999 0.871917 0.014963 0.018752
0 0.834814 0.978516 0.017960 0.020920
0 0.033782 0.991841 0.022246 0.015824
0 0.156021 0.875666 0.019652 0.023524
0 0.519287 0.770803 0.018988 0.023610
0 0.411735 0.659823 0.016653 0.020848
0 0.655842 0.605623 0.019987 0.024291
0 0.397103 0.877320 0.016985 0.023374
0 0.790336 0.828158 0.020015 0.023467
0 0.828243 0.888648 0.019535 0.025002
0 0.193198 0.666712 0.018337 0.020647
0 0.481943 0.310540 0.017637 0.021881
0 0.859096 0.257140 0.018843 0.022230
0 0.141689 0.500628 0.018156 0.024362
0 0.291704 0.462330 0.016899 0.021055
0 0.733993 0.291581 0.018995 0.023692
0 0.430985 0.059665 0.020503 0.022741
0 0.911404 0.164881 0.019585 0.023630
0 0.956237 0.929919 0.020080 0.023581
0 0.815370 0.106315 0.018477 0.023253
0 0.757656 0.060208 0.021281 0.022893
0 0.243421 0.586582 0.020248 0.024634
0 0.514245 0.098945 0.019937 0.024461
0 0.401184 0.591008 0.015708 0.020701
0 0.656118 0.422470 0.017050 0.020729
0 0.469644 0.023622 0.017270 0.020445
0 0.456666 0.566389 0.017616 0.020357
0 0.942558 0.427917 0.019036 0.023708
0 0.800271 0.903752 0.017123 0.020248
0 0.287275 0.519409 0.018440 0.022797
0 0.062990 0.496455 0.019956 0.024430
0 0.511568 0.448836 0.018874 0.023832
0 0.310258 0.038021 0.021299 0.024854
0 0.327391 0.895654 0.018899 0.022194
0 0.177689 0.118659 0.017726 0.021847
0 0.330798 0.836120 0.018710 0.021964
0 0.255752 0.816049 0.019027 0.022451
0 0.277470 0.375274 0.016662 0.020341
0 0.868508 0.685644 0.017171 0.022142
0 0.352439 0.115475 0.019028 0.023105
0 0.739341 0.435799 0.019187 0.025206
0 0.695047 0.965504 0.018499 0.019414
0 0.063426 0.610580 0.016994 0.020051
0 0.195652 0.362364 0.020198 0.023214
0 0.337043 0.984835 0.019475 0.021476
0 0.762870 0.601202 0.016783 0.020286
0 0.443289 0.805546 0.018027 0.022606
0 0.699436 0.883912 0.015845 0.020048
0 0.990963 0.805251 0.017075 0.021129
0 0.633983 0.926273 0.019843 0.025345
0 0.087725 0.814385 0.017342 0.021813
0 0.152110 0.132537 0.019173 0.022881
0 0.815053 0.695263 0.020495 0.021722
0 0.803171 0.472450 0.020720 0.027121
0 0.196627 0.721951 0.019401 0.024594
0 0.983762 0.656391 0.018230 0.022343
0 0.444016 0.621602 0.019490 0.023278
0 0.493622 0.010683 0.018492 0.020207
0 0.728149 0.596890 0.018093 0.021231
0 0.914266 0.506001 0.018419 0.022954
0 0.864759 0.810346 0.017175 0.022700
0 0.804053 0.644529 0.019890 0.021187
0 0.269184 0.793897 0.018056 0.022075
0 0.495865 0.938031 0.017622 0.021820
0 0.554388 0.447527 0.018304 0.021702
0 0.164065 0.076608 0.017887 0.020968
0 0.255866 0.388525 0.017228 0.020719
0 0.392514 0.653832 0.014979 0.020408
0 0.739859 0.091028 0.018386 0.023369
0 0.808857 0.671654 0.017524 0.020473
0 0.559164 0.188777 0.018709 0.023979
0 0.546449 0.765542 0.016750 0.019741
0 0.513213 0.705198 0.018778 0.022180
0 0.133705 0.971777 0.018682 0.021704
0 0.410371 0.101126 0.017818 0.022865
0 0.659732 0.270185 0.017315 0.021786
0 0.145464 0.425774 0.017989 0.022400
0 0.489034 0.158637 0.018537 0.022031
0 0.840828 0.567793 0.016713 0.021690
0 0.106020 0.837751 0.019257 0.023083
0 0.385881 0.973517 0.017052 0.018290
0 0.354820 0.377412 0.018044 0.020364
0 0.536435 0.346756 0.019185 0.022346
0 0.060347 0.945037 0.017344 0.022155
0 0.160087 0.242759 0.018054 0.022317
0 0.777712 0.261294 0.015496 0.020862
0 0.451159 0.532614 0.017401 0.021007
0 0.810092 0.080291 0.018641 0.021538
0 0.246720 0.241420 0.019403 0.022818
0 0.584009 0.471688 0.018924 0.023917
0 0.838486 0.206316 0.015813 0.019872
0 0.919218 0.085421 0.017946 0.023175
0 0.374448 0.311597 0.014490 0.018706
0 0.706872 0.943714 0.016252 0.019639
0 0.385585 0.577573 0.013232 0.016068
0 0.411732 0.856103 0.015138 0.017405
0 0.564306 0.690826 0.014904 0.019140
0 0.231875 0.336862 0.016254 0.020818
0 0.992790 0.150213 0.014419 0.025545
0 0.260080 0.429755 0.018976 0.020622
0 0.204858 0.971077 0.016926 0.020621
0 0.863842 0.351713 0.016487 0.021345
0 0.994888 0.766586 0.010225 0.024173
0 0.720635 0.431076 0.015806 0.021706
0 0.972051 0.740289 0.013833 0.020669
0 0.490630 0.450645 0.014090 0.020017
0 0.648711 0.091213 0.017199 0.019058
0 0.698019 0.994172 0.020005 0.011656
0 0.385958 0.950895 0.015955 0.019083
0 0.626332 0.047673 0.014099 0.017003
0 0.987244 0.318485 0.012716 0.014798
0 0.332732 0.595846 0.014438 0.016903
0 0.269803 0.120015 0.015198 0.020640
0 0.751162 0.943251 0.012343 0.014995
0 0.601877 0.180552 0.013134 0.016894
0 0.099952 0.076194 0.013069 0.017500
0 0.958160 0.700717 0.012982 0.016960
0 0.416744 0.975268 0.013333 0.016357
0 0.917762 0.748886 0.014694 0.016727
0 0.002900 0.572347 0.005801 0.022244
0 0.905690 0.010373 0.011449 0.015682
0 0.274929 0.686430 0.014312 0.016305
0 0.886867 0.010361 0.012305 0.017172
0 0.844786 0.996940 0.022565 0.006120
0 0.480956 0.582239 0.013152 0.015848
0 0.915549 0.996020 0.018115 0.007959
0 0.130383 0.818576 0.012556 0.014997
0 0.306121 0.979647 0.011468 0.016096
0 0.590685 0.736499 0.009787 0.012351
0 0.361630 0.011498 0.013639 0.015649
0 0.637135 0.781286 0.012480 0.014670
0 0.392342 0.650955 0.016937 0.022761
0 0.914700 0.995026 0.017644 0.009947
0 0.658962 0.021606 0.013156 0.013715
0 0.779304 0.459276 0.015025 0.018296
0 0.474268 0.267966 0.014408 0.016746
0 0.179390 0.275803 0.015948 0.020328
0 0.469566 0.849512 0.014501 0.017240
0 0.283142 0.015896 0.012912 0.016908
0 0.912281 0.962268 0.013015 0.013666
0 0.354482 0.304231 0.011591 0.016617
0 0.698234 0.995514 0.019898 0.008972
0 0.386623 0.949146 0.019670 0.024614
0 0.074825 0.156791 0.011973 0.015958
