0 0.723312 0.051525 0.022593 0.028517
0 0.039563 0.992706 0.019823 0.014588
0 0.767867 0.361074 0.026855 0.032125
0 0.275486 0.482466 0.022232 0.026838
0 0.312884 0.395406 0.019363 0.024340
0 0.054414 0.536552 0.024449 0.027503
0 0.013283 0.992261 0.017074 0.015478
0 0.543643 0.977417 0.025127 0.030603
0 0.319277 0.431371 0.018094 0.022469
0 0.208195 0.015222 0.017063 0.020670
0 0.576870 0.125685 0.018180 0.022845
0 0.067784 0.490206 0.018333 0.021466
0 0.797314 0.862291 0.022074 0.030169
0 0.035336 0.480752 0.016652 0.020132
0 0.473595 0.023494 0.017956 0.021971
0 0.516595 0.096565 0.019987 0.025536
0 0.750253 0.235726 0.023240 0.028048
0 0.107290 0.830219 0.018105 0.022958
0 0.128019 0.892906 0.018727 0.022920
0 0.351739 0.639378 0.019533 0.023410
0 0.029322 0.455739 0.017492 0.018647
0 0.088944 0.123359 0.022727 0.028080
0 0.384564 0.955928 0.014798 0.018773
0 0.317688 0.243728 0.017546 0.023159
0 0.745208 0.452629 0.021764 0.025262
0 0.280136 0.342745 0.020569 0.025850
0 0.045538 0.368044 0.018556 0.023530
0 0.848536 0.662596 0.020541 0.024603
0 0.334449 0.836233 0.019185 0.022502
0 0.920764 0.675064 0.021344 0.024798
0 0.340544 0.415659 0.017288 0.022446
0 0.044580 0.770494 0.017335 0.021636
0 0.749827 0.086846 0.018343 0.021606
0 0.875930 0.942608 0.022494 0.025890
0 0.944863 0.066411 0.024111 0.026682
0 0.340597 0.988902 0.017641 0.018071
0 0.341227 0.250382 0.016758 0.022289
0 0.318230 0.730953 0.019627 0.025021
0 0.145384 0.503046 0.017484 0.022957
0 0.970701 0.509372 0.021112 0.024249
0 0.225292 0.747270 0.019274 0.025310
0 0.277331 0.245624 0.018890 0.023691
0 0.543810 0.408398 0.018499 0.022143
0 0.140889 0.477060 0.018526 0.021202
0 0.407139 0.016062 0.020353 0.024433
0 0.495943 0.012152 0.018825 0.021310
0 0.279713 0.523697 0.017793 0.023769
0 0.366032 0.981450 0.017071 0.022506
0 0.607512 0.676870 0.017125 0.020574
0 0.199053 0.723712 0.017467 0.021980
0 0.623179 0.646478 0.020088 0.023955
0 0.579749 0.311472 0.019404 0.023865
0 0.750922 0.056946 0.019718 0.022730
0 0.764201 0.599539 0.018264 0.022884
0 0.085694 0.821819 0.016694 0.020913
0 0.874752 0.682123 0.019755 0.023068
0 0.586093 0.473711 0.020109 0.023878
0 0.369304 0.942966 0.015552 0.020976
0 0.204481 0.831875 0.016848 0.022964
0 0.019684 0.498187 0.017003 0.021706
0 0.945165 0.429943 0.020809 0.023901
0 0.841199 0.565376 0.017851 0.022848
0 0.638940 0.917613 0.019520 0.026023
0 0.656454 0.244278 0.021421 0.025737
0 0.412512 0.101181 0.018800 0.025320
0 0.706547 0.971025 0.018114 0.021728
0 0.284039 0.829562 0.018149 0.023256
0 0.342304 0.308130 0.017342 0.022990
0 0.618846 0.618406 0.022414 0.025223
0 0.483425 0.771721 0.016892 0.019550
0 0.290850 0.085757 0.016387 0.023441
0 0.736390 0.938832 0.017529 0.021167
0 0.235478 0.270392 0.016141 0.022445
0 0.428923 0.702238 0.019295 0.023593
0 0.837275 0.988762 0.019158 0.017872
0 0.877251 0.599935 0.019518 0.023221
0 0.984476 0.660294 0.018424 0.023290
0 0.215249 0.045315 0.017366 0.022743
0 0.928449 0.877407 0.020421 0.025517
0 0.715288 0.737285 0.022455 0.025988
0 0.833284 0.817146 0.019656 0.022916
0 0.457426 0.578912 0.017597 0.022570
0 0.029815 0.269962 0.017530 0.022144
0 0.778796 0.259210 0.017876 0.022635
0 0.064848 0.944680 0.017943 0.023774
0 0.397431 0.652913 0.017873 0.021094
0 0.870313 0.326142 0.024568 0.028710
0 0.488835 0.891220 0.019078 0.023217
0 0.770202 0.177914 0.018664 0.023078
0 0.977817 0.569344 0.020778 0.024578
0 0.372503 0.351952 0.018583 0.023671
0 0.556149 0.447635 0.017603 0.022146
0 0.247894 0.243629 0.018188 0.022228
0 0.583766 0.736423 0.020363 0.025735
0 0.354655 0.119746 0.017769 0.022367
0 0.720316 0.430623 0.018835 0.023169
0 0.162026 0.242298 0.017934 0.022203
0 0.441668 0.804371 0.020315 0.024719
0 0.237668 0.339228 0.017982 0.022399
0 0.505826 0.446596 0.018096 0.025015
0 0.705982 0.888361 0.017290 0.022020
0 0.482644 0.749784 0.016704 0.019260
0 0.903225 0.426392 0.020171 0.023885
0 0.494060 0.150203 0.019081 0.023283
0 0.457007 0.525913 0.017429 0.022398
0 0.874211 0.719071 0.020235 0.023211
0 0.605019 0.095161 0.018131 0.026011
0 0.729295 0.597542 0.020559 0.023758
0 0.589158 0.561692 0.020076 0.025230
0 0.650791 0.121632 0.019780 0.023566
0 0.440183 0.223457 0.019871 0.024471
0 0.774348 0.835327 0.016804 0.019429
0 0.977086 0.961255 0.019728 0.025075
0 0.411337 0.571444 0.018413 0.024332
0 0.866989 0.141236 0.020393 0.024589
0 0.645714 0.523316 0.017993 0.021236
0 0.677194 0.025529 0.016933 0.020394
0 0.448097 0.162832 0.016230 0.022372
0 0.940836 0.188029 0.018543 0.021396
0 0.855761 0.636605 0.019108 0.022488
0 0.192384 0.215367 0.015929 0.017816
0 0.324103 0.594489 0.015252 0.017264
0 0.450479 0.465209 0.014998 0.018966
0 0.471915 0.851114 0.015121 0.019649
0 0.205882 0.923846 0.014515 0.019990
0 0.329637 0.933447 0.013877 0.018231
0 0.553150 0.119662 0.014595 0.017316
0 0.170849 0.262156 0.017220 0.020968
0 0.645102 0.078899 0.013217 0.016686
0 0.188848 0.187478 0.012754 0.014948
0 0.698791 0.997374 0.024190 0.005251
0 0.940289 0.007832 0.011342 0.013679
0 0.348232 0.040193 0.013400 0.016882
