0 0.558529 0.520125 0.022228 0.029290
0 0.164912 0.012727 0.019075 0.021071
0 0.213453 0.314410 0.020384 0.024263
0 0.008191 0.622094 0.016186 0.023687
0 0.701553 0.265478 0.017470 0.022356
0 0.140128 0.358530 0.017385 0.020992
0 0.432944 0.242757 0.019603 0.020389
0 0.850192 0.563232 0.020945 0.026646
0 0.515899 0.046163 0.015861 0.021110
0 0.420628 0.146237 0.018400 0.022396
0 0.548451 0.474478 0.016575 0.020970
0 0.437071 0.742170 0.017784 0.021825
0 0.421023 0.843171 0.017961 0.021230
0 0.464430 0.543724 0.019279 0.022855
0 0.904617 0.769238 0.020492 0.023895
0 0.249553 0.378715 0.016245 0.020566
0 0.982240 0.857154 0.018680 0.022106
0 0.580388 0.476327 0.017015 0.022531
0 0.360425 0.473446 0.015420 0.019668
0 0.680913 0.114732 0.017670 0.021709
0 0.599051 0.116150 0.016885 0.020980
0 0.902584 0.720081 0.019959 0.023740
0 0.141785 0.105598 0.016739 0.021613
0 0.403015 0.103040 0.018193 0.022903
0 0.251615 0.516363 0.018361 0.022228
0 0.607407 0.852360 0.018745 0.023828
0 0.686612 0.706718 0.018678 0.023496
0 0.942812 0.326548 0.019651 0.023585
0 0.316593 0.854297 0.017341 0.021855
0 0.819928 0.899212 0.020196 0.024462
0 0.272516 0.661667 0.018889 0.022021
0 0.986028 0.645087 0.018120 0.023311
0 0.408016 0.227186 0.017511 0.022767
0 0.413385 0.942225 0.019483 0.023429
0 0.890098 0.682762 0.018802 0.023430
0 0.290467 0.618692 0.019368 0.028915
0 0.146811 0.437073 0.016405 0.020397
0 0.470804 0.479651 0.016536 0.021449
0 0.942458 0.922452 0.019722 0.025007
0 0.424739 0.115466 0.018254 0.020454
0 0.793926 0.822048 0.023354 0.025795
0 0.958382 0.957856 0.019054 0.024547
0 0.230699 0.364705 0.015078 0.019792
0 0.335213 0.280836 0.016020 0.020351
0 0.505192 0.911397 0.018191 0.024415
0 0.296944 0.282911 0.016193 0.021789
0 0.625670 0.061183 0.017975 0.022225
0 0.992903 0.772093 0.014194 0.023968
0 0.320638 0.098089 0.017869 0.023195
0 0.491628 0.301076 0.016937 0.021353
0 0.944278 0.447020 0.021282 0.024482
0 0.729016 0.250495 0.018803 0.026067
0 0.422308 0.543978 0.019078 0.024374
0 0.687432 0.953470 0.018485 0.023543
0 0.128460 0.228684 0.017117 0.021566
0 0.115490 0.327960 0.019068 0.023227
0 0.696736 0.235065 0.016651 0.021609
0 0.303010 0.118942 0.016419 0.018586
0 0.384996 0.014357 0.015273 0.019081
0 0.171034 0.323251 0.014061 0.017509
0 0.447029 0.608408 0.018590 0.022252
0 0.777520 0.450546 0.020219 0.025582
0 0.104941 0.475337 0.018422 0.022170
0 0.318695 0.149895 0.019234 0.023297
0 0.427277 0.402824 0.019812 0.025710
0 0.549455 0.306208 0.019615 0.023519
0 0.058315 0.416575 0.016145 0.021392
0 0.700841 0.051115 0.017626 0.021953
0 0.696439 0.758026 0.019571 0.023086
0 0.046799 0.382992 0.018218 0.021241
0 0.606492 0.175779 0.018004 0.023260
0 0.952960 0.241558 0.017008 0.019899
0 0.810913 0.678137 0.017646 0.019940
0 0.481422 0.048773 0.016151 0.020869
0 0.531473 0.525176 0.015850 0.019552
0 0.033272 0.710446 0.016375 0.020290
0 0.543117 0.111696 0.016008 0.020908
0 0.791987 0.767659 0.020384 0.023691
0 0.971836 0.136168 0.015659 0.022219
0 0.423971 0.455250 0.016340 0.019947
0 0.759374 0.640302 0.019076 0.021162
0 0.240705 0.689741 0.015112 0.017564
0 0.034999 0.530492 0.016895 0.022244
0 0.348695 0.807231 0.017466 0.020947
0 0.514027 0.735281 0.016693 0.020148
0 0.408119 0.592321 0.016406 0.020663
0 0.376701 0.656203 0.016469 0.020576
0 0.018128 0.793484 0.011853 0.014163
0 0.475251 0.887020 0.018374 0.023165
0 0.910373 0.167260 0.017543 0.021599
0 0.214308 0.446613 0.018161 0.020039
0 0.230152 0.337823 0.019606 0.022632
0 0.958111 0.173238 0.016145 0.018621
0 0.488358 0.968105 0.018579 0.020244
0 0.324225 0.556369 0.018072 0.021949
0 0.649678 0.690626 0.015466 0.018146
0 0.629440 0.559270 0.015108 0.019678
0 0.230441 0.872268 0.016263 0.020350
0 0.229623 0.421015 0.017410 0.021323
0 0.152696 0.404660 0.018839 0.018810
0 0.799442 0.059036 0.016128 0.020833
0 0.545137 0.437153 0.016750 0.020085
0 0.996414 0.122785 0.007171 0.020003
0 0.913448 0.055899 0.019066 0.023221
0 0.686817 0.285346 0.017487 0.019860
0 0.154482 0.569488 0.015408 0.015580
0 0.307526 0.745210 0.016760 0.019488
0 0.159547 0.561777 0.018609 0.024154
0 0.885078 0.629247 0.016948 0.021666
0 0.267386 0.108661 0.017780 0.020629
0 0.439144 0.235702 0.016113 0.022686
0 0.396161 0.860953 0.015684 0.019293
0 0.428675 0.991152 0.017543 0.015411
0 0.660510 0.553259 0.011268 0.014826
0 0.583023 0.081488 0.011666 0.015188
0 0.563558 0.489968 0.014291 0.018426
0 0.264966 0.110906 0.020938 0.022320
0 0.161881 0.559089 0.015795 0.022718
0 0.434510 0.239195 0.022135 0.026404
