0 0.817293 0.043407 0.015564 0.019840
0 0.123088 0.165632 0.019586 0.025315
0 0.815233 0.266451 0.016956 0.020670
0 0.537477 0.603777 0.016652 0.020327
0 0.627604 0.946427 0.018613 0.024218
0 0.282295 0.385962 0.018480 0.023693
0 0.287126 0.019962 0.017233 0.022752
0 0.310346 0.012871 0.015402 0.021178
0 0.472405 0.922148 0.016500 0.021020
0 0.482120 0.131770 0.019506 0.024971
0 0.514764 0.966975 0.019766 0.026337
0 0.733423 0.983865 0.016690 0.020729
0 0.217936 0.228840 0.017346 0.022725
0 0.273591 0.453221 0.018574 0.022563
0 0.070643 0.038517 0.018730 0.022526
0 0.037124 0.934911 0.017244 0.023358
0 0.836887 0.538330 0.018183 0.024314
0 0.210477 0.942485 0.018578 0.021065
0 0.131694 0.233440 0.017897 0.021184
0 0.119540 0.490374 0.016474 0.022049
0 0.976681 0.714837 0.018021 0.021008
0 0.591582 0.666055 0.016490 0.022783
0 0.647966 0.058748 0.017981 0.023797
0 0.253438 0.471892 0.020122 0.024672
0 0.206820 0.908955 0.014569 0.019310
0 0.742141 0.184363 0.018301 0.022371
0 0.418188 0.663979 0.015255 0.020751
0 0.753933 0.051345 0.016754 0.021218
0 0.010802 0.660276 0.017142 0.022111
0 0.208013 0.989943 0.014582 0.017029
0 0.763129 0.948980 0.017652 0.021261
0 0.816246 0.868401 0.018145 0.022327
0 0.541383 0.075110 0.017751 0.021878
0 0.735825 0.950360 0.015477 0.019628
0 0.808456 0.638992 0.017827 0.021017
0 0.388328 0.087621 0.016029 0.021135
0 0.015884 0.062734 0.016537 0.018843
0 0.504958 0.555434 0.016147 0.020881
0 0.374588 0.811657 0.020005 0.024082
0 0.305511 0.826243 0.017691 0.020414
0 0.534102 0.436635 0.015597 0.021274
0 0.811916 0.759349 0.018251 0.022801
0 0.515697 0.291074 0.018490 0.023862
0 0.008617 0.215956 0.014240 0.016291
0 0.188674 0.250870 0.014899 0.019421
0 0.357109 0.863345 0.019923 0.022672
0 0.532870 0.990584 0.013764 0.015035
0 0.254334 0.956730 0.016216 0.021757
0 0.630463 0.768217 0.017663 0.023021
0 0.655942 0.681872 0.017677 0.021502
0 0.907477 0.138367 0.015292 0.021056
0 0.383657 0.648941 0.015240 0.019125
0 0.236608 0.502901 0.016380 0.023967
0 0.837225 0.914559 0.011589 0.014184
0 0.329573 0.046491 0.014951 0.019075
0 0.622039 0.658634 0.015623 0.020673
0 0.853974 0.669161 0.018096 0.023156
0 0.714525 0.546579 0.018399 0.022396
0 0.026802 0.503536 0.015900 0.018800
0 0.815831 0.082502 0.013734 0.017514
0 0.310715 0.038253 0.016080 0.022131
0 0.129849 0.132692 0.017752 0.020299
0 0.077756 0.920123 0.017929 0.022534
0 0.030714 0.444771 0.017832 0.022838
0 0.504548 0.597253 0.016305 0.020895
0 0.949178 0.510993 0.017104 0.020971
0 0.429359 0.115742 0.017224 0.020051
0 0.655208 0.826353 0.017246 0.021150
0 0.786365 0.656233 0.015373 0.020291
0 0.368759 0.642558 0.012617 0.018870
0 0.328272 0.098942 0.017708 0.023355
0 0.750062 0.858514 0.018221 0.022254
0 0.175530 0.905693 0.017119 0.021909
0 0.805417 0.988334 0.014998 0.018588
0 0.449351 0.016266 0.014891 0.019746
0 0.486429 0.882017 0.017134 0.020494
0 0.644369 0.369370 0.015720 0.020297
0 0.562514 0.044485 0.015109 0.018521
0 0.948390 0.571267 0.012179 0.013155
0 0.194770 0.345734 0.018074 0.023084
0 0.849060 0.513226 0.017353 0.021164
0 0.207830 0.656622 0.016096 0.021158
0 0.935556 0.889951 0.014872 0.019508
0 0.297220 0.098169 0.017253 0.021440
0 0.421148 0.502825 0.013671 0.017543
0 0.859812 0.900394 0.016613 0.020075
0 0.682724 0.694691 0.016291 0.020823
0 0.886863 0.100120 0.017260 0.023280
0 0.807291 0.710935 0.015736 0.019299
0 0.262842 0.514796 0.015635 0.020678
0 0.550936 0.333383 0.015451 0.020482
0 0.462397 0.869128 0.015108 0.019449
0 0.704824 0.586958 0.015732 0.021503
0 0.627157 0.082913 0.014476 0.016485
0 0.205986 0.323042 0.014853 0.019359
0 0.117956 0.767324 0.019041 0.022083
0 0.186684 0.975316 0.017291 0.020064
0 0.965994 0.251258 0.020031 0.024070
0 0.808773 0.405410 0.017827 0.022725
0 0.604407 0.353509 0.018627 0.022787
0 0.045841 0.072092 0.017513 0.021885
0 0.112286 0.541621 0.017692 0.020844
0 0.466533 0.677273 0.016931 0.021171
0 0.827054 0.579314 0.015432 0.019743
0 0.327600 0.814079 0.015380 0.020147
0 0.098850 0.015559 0.011937 0.018985
0 0.970542 0.871483 0.020680 0.023734
0 0.847628 0.956151 0.014282 0.020327
0 0.781664 0.818800 0.014808 0.018512
0 0.011540 0.093722 0.015970 0.018680
0 0.071475 0.075974 0.016989 0.021388
0 0.809351 0.076587 0.012578 0.016348
0 0.823699 0.898777 0.017276 0.020396
0 0.751908 0.567178 0.017361 0.021409
0 0.568817 0.676364 0.015069 0.019760
0 0.839834 0.029229 0.011452 0.012888
0 0.674206 0.137227 0.016912 0.024389
0 0.654937 0.608886 0.015972 0.024156
0 0.490824 0.529958 0.014758 0.019200
0 0.817390 0.966869 0.016129 0.020488
0 0.452873 0.262176 0.019097 0.023410
0 0.398993 0.012961 0.014046 0.021060
0 0.686973 0.131415 0.014300 0.018955
0 0.374924 0.044393 0.014280 0.017298
0 0.028938 0.479771 0.015962 0.019741
0 0.791567 0.267300 0.014370 0.019335
0 0.863212 0.623477 0.016875 0.022253
0 0.089552 0.848625 0.017025 0.022401
0 0.736677 0.458088 0.012378 0.015102
0 0.017807 0.893581 0.015125 0.019700
0 0.044912 0.898740 0.014214 0.017683
0 0.138889 0.077646 0.016794 0.018939
0 0.373799 0.237449 0.012873 0.015889
0 0.100399 0.476980 0.016955 0.023504
0 0.257032 0.597112 0.017711 0.019423
0 0.840292 0.047464 0.013410 0.017630
0 0.077239 0.709777 0.017933 0.021731
0 0.243287 0.938459 0.011424 0.014884
0 0.398290 0.668414 0.014157 0.017674
0 0.033456 0.132296 0.016443 0.022158
0 0.060935 0.672903 0.015270 0.018602
0 0.112121 0.915171 0.014303 0.020712
0 0.363960 0.951575 0.013635 0.017033
0 0.670873 0.791683 0.015393 0.020286
0 0.411098 0.424352 0.013023 0.014581
0 0.466962 0.337203 0.015250 0.019344
0 0.780743 0.075941 0.018275 0.021464
0 0.419565 0.040236 0.016103 0.021116
0 0.367748 0.974191 0.014704 0.016728
0 0.736004 0.249646 0.016052 0.019444
0 0.052512 0.106709 0.015724 0.019863
0 0.889772 0.984459 0.015540 0.019046
0 0.612495 0.113553 0.016272 0.022075
0 0.674197 0.991492 0.015057 0.014904
0 0.490718 0.717133 0.011516 0.016124
0 0.995472 0.327006 0.009057 0.018154
0 0.330910 0.019267 0.015743 0.022918
0 0.030070 0.308069 0.013697 0.014986
0 0.650758 0.535611 0.015176 0.018651
0 0.697513 0.015278 0.015334 0.020223
0 0.743572 0.502330 0.014362 0.017830
0 0.237440 0.745643 0.010993 0.013416
0 0.685459 0.133461 0.016707 0.022787
0 0.518793 0.677192 0.016691 0.022641
0 0.036411 0.876443 0.015162 0.019387
0 0.215487 0.008263 0.012586 0.014372
0 0.829817 0.252086 0.011855 0.017555
0 0.638197 0.473682 0.012271 0.014959
0 0.416374 0.691827 0.012693 0.015189
0 0.631847 0.109947 0.010999 0.016821
0 0.350846 0.632970 0.012552 0.017243
0 0.737262 0.268666 0.012510 0.015665
0 0.947750 0.198914 0.012785 0.014969
0 0.095048 0.701055 0.012234 0.015277
0 0.740191 0.586491 0.013978 0.016652
0 0.220614 0.643430 0.013447 0.018883
0 0.461994 0.135937 0.014921 0.020105
0 0.315034 0.532079 0.011648 0.013089
0 0.034599 0.832065 0.011218 0.015244
0 0.286554 0.975750 0.011826 0.013597
0 0.557949 0.450625 0.012959 0.016724
0 0.547903 0.878010 0.012557 0.015795
0 0.060146 0.133833 0.013509 0.016211
0 0.198919 0.128476 0.011913 0.016933
0 0.049794 0.007544 0.012765 0.013752
0 0.097564 0.145383 0.013289 0.015322
0 0.494289 0.502003 0.011507 0.013301
0 0.420738 0.500211 0.016885 0.021443
0 0.129562 0.912051 0.011586 0.015757
0 0.963536 0.205403 0.010318 0.015505
0 0.428295 0.322596 0.010882 0.013981
0 0.844543 0.820261 0.012520 0.015307
0 0.054691 0.107746 0.013982 0.019563
