0 0.625501 0.173734 0.025187 0.026542
0 0.664542 0.013289 0.017000 0.020652
0 0.255158 0.467764 0.019385 0.024905
0 0.640034 0.960536 0.020452 0.024452
0 0.520786 0.968570 0.022105 0.027650
0 0.117846 0.162802 0.019796 0.026229
0 0.279036 0.459522 0.019016 0.024015
0 0.869008 0.581755 0.019735 0.022570
0 0.294310 0.025666 0.016579 0.021016
0 0.401141 0.010299 0.014810 0.016875
0 0.487376 0.128778 0.018685 0.023556
0 0.813994 0.642976 0.016983 0.022787
0 0.793615 0.654661 0.016696 0.021739
0 0.315304 0.039434 0.016244 0.019224
0 0.992347 0.333289 0.015105 0.020698
0 0.786602 0.081616 0.019184 0.025986
0 0.793878 0.951842 0.015751 0.018841
0 0.678658 0.707127 0.016866 0.020701
0 0.496961 0.696935 0.017168 0.020610
0 0.287450 0.387774 0.018754 0.022091
0 0.627378 0.732448 0.017859 0.022077
0 0.123645 0.493786 0.016962 0.022517
0 0.723745 0.567809 0.017779 0.020756
0 0.762257 0.954303 0.017181 0.023844
0 0.654248 0.704399 0.016003 0.018928
0 0.045259 0.904933 0.015814 0.017192
0 0.423966 0.151643 0.019044 0.021672
0 0.350171 0.040554 0.015559 0.020168
0 0.249822 0.947481 0.017763 0.021275
0 0.331109 0.102526 0.017589 0.021666
0 0.740374 0.221931 0.017842 0.021066
0 0.137742 0.235697 0.016121 0.021212
0 0.556014 0.419796 0.018155 0.022682
0 0.304305 0.103309 0.017200 0.020665
0 0.681621 0.992328 0.018557 0.014533
0 0.668215 0.894852 0.015756 0.019362
0 0.941168 0.895570 0.015439 0.019982
0 0.005955 0.579329 0.011910 0.015399
0 0.435985 0.681220 0.016534 0.021410
0 0.077742 0.857189 0.018354 0.024534
0 0.070351 0.051088 0.017921 0.020189
0 0.064101 0.397427 0.017156 0.021478
0 0.372769 0.643433 0.014740 0.017447
0 0.340116 0.926957 0.018659 0.023578
0 0.315576 0.014725 0.015636 0.019599
0 0.009705 0.503988 0.016527 0.021155
0 0.887399 0.959897 0.016109 0.020082
0 0.493699 0.095221 0.016929 0.020018
0 0.819752 0.991558 0.017222 0.015838
0 0.871345 0.010192 0.016373 0.018432
0 0.314342 0.834998 0.017166 0.021125
0 0.895107 0.987520 0.016761 0.019223
0 0.763738 0.056553 0.018538 0.024429
0 0.394021 0.084686 0.016762 0.019954
0 0.384812 0.658378 0.015287 0.018324
0 0.830191 0.281924 0.021571 0.021668
0 0.500931 0.360268 0.017656 0.021330
0 0.043050 0.936691 0.016475 0.022489
0 0.714049 0.591370 0.017051 0.020319
0 0.506442 0.763981 0.020834 0.025205
0 0.511607 0.301197 0.020133 0.022891
0 0.539141 0.439421 0.017774 0.022539
0 0.465216 0.676107 0.017281 0.020171
0 0.821698 0.881279 0.017965 0.022028
0 0.222678 0.233120 0.017229 0.022028
0 0.183420 0.532227 0.018151 0.021546
0 0.835071 0.586005 0.015912 0.018654
0 0.620085 0.898781 0.018159 0.024137
0 0.539337 0.062854 0.014879 0.019142
0 0.411615 0.028423 0.014824 0.017025
0 0.855180 0.785793 0.017833 0.020751
0 0.323991 0.743232 0.016012 0.020041
0 0.754402 0.570113 0.018636 0.022802
0 0.796651 0.448400 0.019604 0.022373
0 0.913752 0.149132 0.017972 0.022414
0 0.683730 0.614903 0.017444 0.019987
0 0.800533 0.050221 0.014005 0.025359
0 0.217285 0.331606 0.016860 0.020466
0 0.692916 0.015518 0.015825 0.021461
0 0.791164 0.287101 0.015009 0.018696
0 0.056621 0.082639 0.020613 0.024929
0 0.857818 0.675641 0.017793 0.022254
0 0.027773 0.077234 0.017842 0.019136
0 0.091702 0.166524 0.017249 0.021167
0 0.431073 0.042326 0.023387 0.022793
0 0.683716 0.270834 0.016911 0.022419
0 0.871009 0.554127 0.018354 0.021088
0 0.793555 0.788978 0.017800 0.022034
0 0.112086 0.737985 0.016204 0.022795
0 0.861733 0.040889 0.015356 0.020653
0 0.823556 0.966164 0.017349 0.020190
0 0.047733 0.120181 0.019349 0.025464
0 0.670143 0.867333 0.014442 0.016601
0 0.910195 0.077899 0.017621 0.023864
0 0.661904 0.598896 0.019796 0.025157
0 0.459688 0.261460 0.018568 0.022483
0 0.457297 0.592587 0.016620 0.020986
0 0.617900 0.439925 0.018153 0.022332
0 0.962335 0.551606 0.018268 0.021815
0 0.233134 0.810187 0.019365 0.025522
0 0.424410 0.729866 0.018275 0.021909
0 0.856136 0.975921 0.017236 0.020994
0 0.991923 0.794097 0.015801 0.022346
0 0.553223 0.809912 0.017104 0.021230
0 0.077297 0.116129 0.017092 0.020792
0 0.277968 0.914998 0.015673 0.019543
0 0.664374 0.683194 0.017261 0.020855
0 0.176782 0.577399 0.018311 0.021755
0 0.659349 0.057519 0.017365 0.021632
0 0.616431 0.114625 0.020647 0.025720
0 0.333976 0.565689 0.015628 0.019771
0 0.224977 0.649683 0.017237 0.021005
0 0.022638 0.895073 0.016922 0.020515
0 0.423583 0.008799 0.016588 0.015569
0 0.880300 0.741956 0.018234 0.022672
0 0.197569 0.664983 0.016575 0.020352
0 0.080968 0.572925 0.019470 0.023019
0 0.994627 0.959429 0.010746 0.026114
0 0.950797 0.204444 0.014962 0.017678
0 0.074768 0.076926 0.012996 0.021898
0 0.467123 0.142495 0.017395 0.021220
0 0.481587 0.006421 0.017919 0.012843
0 0.745077 0.592731 0.014801 0.019606
0 0.390634 0.972989 0.014506 0.018873
0 0.034277 0.599128 0.016830 0.021404
0 0.498826 0.392146 0.017793 0.021627
0 0.435389 0.376887 0.015341 0.017773
0 0.047476 0.879985 0.013548 0.017942
0 0.239146 0.755279 0.012597 0.014853
0 0.387415 0.213937 0.013626 0.016010
0 0.370218 0.977027 0.014907 0.017159
0 0.332653 0.049327 0.013639 0.020548
0 0.141546 0.671175 0.011869 0.016541
0 0.807566 0.075497 0.013420 0.017276
0 0.363629 0.955219 0.014895 0.018719
0 0.736458 0.828980 0.014151 0.018052
0 0.469401 0.539498 0.012835 0.015325
0 0.515988 0.141657 0.013376 0.016200
0 0.338476 0.019602 0.017089 0.023575
0 0.467664 0.540600 0.014400 0.016740
0 0.715535 0.485320 0.014245 0.014497
0 0.745697 0.963544 0.010944 0.013511
0 0.829877 0.025682 0.010851 0.014586
0 0.542793 0.876544 0.011763 0.013589
0 0.924870 0.940828 0.011924 0.015564
0 0.397581 0.352330 0.011986 0.015407
0 0.469045 0.317248 0.015699 0.017498
0 0.381336 0.006582 0.017027 0.012471
0 0.356913 0.677373 0.014572 0.017851
0 0.175370 0.306626 0.015170 0.016686
0 0.385839 0.458537 0.014604 0.014804
0 0.271726 0.527758 0.013818 0.017788
0 0.073908 0.080852 0.015147 0.027683
0 0.606864 0.056037 0.012897 0.013814
0 0.594722 0.894059 0.012944 0.016967
0 0.286943 0.006917 0.014812 0.013618
0 0.792902 0.949279 0.018818 0.023719
0 0.227977 0.009808 0.013672 0.017293
0 0.748639 0.906382 0.013168 0.016134
0 0.752370 0.418556 0.011245 0.017038
