0 0.705539 0.273014 0.015331 0.021099
0 0.216505 0.325035 0.020470 0.028606
0 0.559082 0.529014 0.025309 0.033709
0 0.945258 0.331933 0.017744 0.020393
0 0.456929 0.465056 0.014791 0.019477
0 0.722323 0.254697 0.015333 0.020165
0 0.166501 0.022416 0.017204 0.021695
0 0.700254 0.764927 0.015131 0.020024
0 0.361793 0.469913 0.015024 0.018175
0 0.510239 0.460346 0.016116 0.021304
0 0.317876 0.555866 0.017023 0.021764
0 0.682345 0.124443 0.016362 0.020652
0 0.982897 0.648371 0.017163 0.021011
0 0.965907 0.810257 0.014944 0.019547
0 0.369879 0.007784 0.015180 0.013329
0 0.068311 0.384458 0.017926 0.023068
0 0.956525 0.893824 0.013528 0.017671
0 0.249845 0.388685 0.016752 0.020274
0 0.415223 0.554807 0.018598 0.023246
0 0.844351 0.788791 0.017949 0.021002
0 0.150250 0.445392 0.016762 0.022580
0 0.945455 0.277955 0.017358 0.020310
0 0.404069 0.238562 0.017567 0.022329
0 0.302600 0.051495 0.017988 0.022611
0 0.297726 0.286772 0.018049 0.021635
0 0.440582 0.019763 0.014938 0.019501
0 0.917166 0.475575 0.022228 0.023848
0 0.059488 0.422235 0.014845 0.019510
0 0.433178 0.754193 0.016737 0.021125
0 0.296026 0.134857 0.017755 0.023120
0 0.703009 0.738823 0.016553 0.021529
0 0.719354 0.757525 0.015873 0.022105
0 0.927008 0.773481 0.015402 0.018556
0 0.684527 0.286971 0.014383 0.019682
0 0.946264 0.457268 0.014430 0.017565
0 0.960321 0.690761 0.017383 0.020400
0 0.385047 0.053014 0.014045 0.017494
0 0.231901 0.369551 0.017111 0.023341
0 0.599245 0.185898 0.016898 0.020119
0 0.119943 0.387950 0.016623 0.020196
0 0.956527 0.309133 0.016551 0.020417
0 0.137023 0.365508 0.017695 0.022778
0 0.968275 0.351171 0.018089 0.023133
0 0.217631 0.451454 0.017544 0.020590
0 0.972608 0.460553 0.015677 0.022222
0 0.381196 0.664015 0.017153 0.020793
0 0.622737 0.062126 0.018036 0.023198
0 0.393637 0.970990 0.018584 0.022240
0 0.145870 0.114179 0.016310 0.019787
0 0.386786 0.842801 0.016626 0.020833
0 0.254585 0.524744 0.017653 0.021515
0 0.294064 0.559843 0.015431 0.020336
0 0.434155 0.244978 0.015323 0.018646
0 0.239439 0.316336 0.018628 0.024557
0 0.090362 0.278385 0.014517 0.016342
0 0.143350 0.141935 0.013088 0.016912
0 0.442385 0.398191 0.016173 0.020983
0 0.349351 0.736638 0.020680 0.021787
0 0.079777 0.178822 0.016181 0.019610
0 0.350462 0.808999 0.016307 0.018709
0 0.262142 0.665414 0.018324 0.022688
0 0.306959 0.579815 0.016886 0.020374
0 0.414767 0.091873 0.018995 0.023906
0 0.555495 0.322264 0.019997 0.025382
0 0.939416 0.991714 0.027244 0.015920
0 0.604621 0.860637 0.016911 0.022213
0 0.375077 0.450594 0.019310 0.023126
0 0.337930 0.291559 0.015904 0.019546
0 0.276167 0.714804 0.015159 0.019723
0 0.781080 0.456013 0.018110 0.023148
0 0.706743 0.701245 0.016207 0.019421
0 0.358140 0.829728 0.016046 0.019606
0 0.245075 0.031998 0.013272 0.016356
0 0.092084 0.258657 0.015798 0.016804
0 0.735643 0.988088 0.018582 0.018821
0 0.856200 0.572986 0.018636 0.022409
0 0.692646 0.059276 0.016724 0.020158
0 0.413063 0.887368 0.018081 0.023184
0 0.796989 0.823410 0.019642 0.024990
0 0.425455 0.152171 0.017835 0.021736
0 0.490428 0.462156 0.014723 0.020167
0 0.349414 0.545646 0.015902 0.018621
0 0.291204 0.708461 0.014612 0.018857
0 0.903152 0.775381 0.017445 0.021830
0 0.437442 0.623114 0.018776 0.025515
0 0.644320 0.781851 0.017077 0.021610
0 0.837671 0.026327 0.016780 0.019634
0 0.676190 0.965784 0.016577 0.020561
0 0.472940 0.303492 0.016306 0.020220
0 0.955889 0.433951 0.016004 0.017956
0 0.220630 0.720351 0.016517 0.021792
0 0.260260 0.660637 0.019844 0.030591
0 0.867735 0.528204 0.016825 0.018380
0 0.742788 0.958818 0.012318 0.017546
0 0.635586 0.419556 0.015350 0.019306
0 0.549739 0.444984 0.016051 0.020291
0 0.140553 0.571141 0.017606 0.020758
0 0.792758 0.558706 0.015861 0.019703
0 0.950771 0.818545 0.013784 0.018463
0 0.670351 0.111500 0.013004 0.016160
0 0.905418 0.732135 0.015288 0.019963
0 0.946226 0.481181 0.013678 0.022248
0 0.996841 0.778394 0.006318 0.022137
0 0.962101 0.853640 0.014829 0.018071
0 0.559480 0.981212 0.015444 0.019282
0 0.520153 0.743178 0.015494 0.018488
0 0.045571 0.384009 0.014772 0.021314
0 0.328212 0.109825 0.018413 0.020754
0 0.301407 0.883735 0.016862 0.021795
0 0.307874 0.992152 0.014257 0.013355
0 0.971575 0.709821 0.014998 0.017687
0 0.754818 0.652087 0.015978 0.021436
0 0.689756 0.714611 0.017921 0.020060
0 0.144606 0.694969 0.018026 0.018816
0 0.988045 0.798266 0.014170 0.018110
0 0.740543 0.600680 0.019387 0.023217
0 0.623876 0.884339 0.011521 0.014935
0 0.003816 0.520296 0.007631 0.021844
0 0.905148 0.168313 0.015104 0.019581
0 0.621862 0.992583 0.012747 0.012616
0 0.800210 0.286735 0.012847 0.018738
0 0.426058 0.336677 0.014896 0.018234
0 0.961735 0.966634 0.017009 0.025846
0 0.421947 0.470068 0.014972 0.019066
0 0.132882 0.982501 0.016719 0.022075
0 0.081101 0.922374 0.023090 0.022879
0 0.963358 0.182403 0.014006 0.016984
0 0.201175 0.557845 0.014470 0.017286
0 0.353851 0.485481 0.014424 0.016448
0 0.204425 0.591515 0.010806 0.014982
0 0.267502 0.116113 0.016217 0.019580
0 0.417707 0.749097 0.011045 0.017305
0 0.870701 0.113608 0.013051 0.015765
0 0.533977 0.534849 0.015150 0.018938
0 0.149747 0.019396 0.013040 0.020304
0 0.846735 0.804187 0.014970 0.013645
0 0.218993 0.722251 0.020454 0.023577
0 0.703428 0.249054 0.011821 0.015338
0 0.056718 0.618904 0.012144 0.012660
0 0.439248 0.457425 0.013946 0.020014
0 0.967468 0.151586 0.017896 0.020866
0 0.996901 0.656416 0.006198 0.021706
0 0.384385 0.051671 0.018262 0.019780
0 0.142547 0.573121 0.020575 0.020032
0 0.413717 0.087732 0.020367 0.029638
0 0.639518 0.343585 0.012906 0.015304
0 0.359548 0.474303 0.018630 0.025716
0 0.732135 0.266988 0.014691 0.019074
0 0.115233 0.538611 0.019783 0.026896
0 0.936018 0.443823 0.012807 0.015979
0 0.118727 0.538928 0.017539 0.025043
