0 0.347673 0.992558 0.016262 0.013986
0 0.800461 0.290773 0.015529 0.017715
0 0.268525 0.473113 0.018651 0.022536
0 0.690867 0.667956 0.015959 0.022215
0 0.531706 0.974692 0.022003 0.027466
0 0.802704 0.661161 0.017546 0.023321
0 0.505880 0.099031 0.017641 0.021420
0 0.473233 0.695528 0.017994 0.022075
0 0.363835 0.047478 0.015427 0.021073
0 0.344976 0.114393 0.017063 0.022064
0 0.811951 0.311618 0.020145 0.022860
0 0.826309 0.889414 0.019969 0.024939
0 0.497951 0.127918 0.020224 0.023377
0 0.795385 0.501982 0.019919 0.023114
0 0.251389 0.808766 0.021807 0.026049
0 0.452940 0.830273 0.019107 0.024518
0 0.303231 0.389921 0.019328 0.024641
0 0.039405 0.097850 0.020241 0.024201
0 0.015221 0.324319 0.017234 0.020980
0 0.569436 0.711527 0.019330 0.023124
0 0.180757 0.696781 0.016098 0.021799
0 0.912666 0.809022 0.018235 0.021705
0 0.404036 0.655096 0.015752 0.019266
0 0.096772 0.141187 0.018627 0.023401
0 0.149016 0.549229 0.020354 0.024757
0 0.217819 0.990240 0.017377 0.016703
0 0.725590 0.054881 0.020264 0.025004
0 0.702218 0.849952 0.018474 0.022213
0 0.120716 0.009970 0.015431 0.015646
0 0.826529 0.654928 0.018766 0.024719
0 0.797345 0.089318 0.020062 0.025423
0 0.077938 0.761766 0.017603 0.020915
0 0.177498 0.036309 0.017079 0.023200
0 0.406198 0.564460 0.018632 0.024972
0 0.076493 0.085304 0.018978 0.022722
0 0.741466 0.576154 0.016359 0.021109
0 0.547023 0.443623 0.018015 0.021900
0 0.157017 0.071395 0.016514 0.019951
0 0.478317 0.865114 0.016643 0.020491
0 0.484945 0.270340 0.018418 0.022611
0 0.094455 0.832220 0.019013 0.022602
0 0.670004 0.655282 0.018394 0.023286
0 0.614939 0.323702 0.020968 0.024730
0 0.413827 0.008728 0.013480 0.015683
0 0.928961 0.991537 0.017501 0.015978
0 0.953558 0.800140 0.017224 0.022576
0 0.159709 0.691868 0.015637 0.020858
0 0.451903 0.041787 0.015932 0.019950
0 0.303768 0.037545 0.018242 0.021952
0 0.866575 0.686214 0.018780 0.022699
0 0.217115 0.508649 0.016185 0.020493
0 0.053041 0.942474 0.017329 0.021685
0 0.222051 0.328379 0.017888 0.021363
0 0.882127 0.650870 0.022517 0.025869
0 0.433412 0.005610 0.016606 0.011221
0 0.697271 0.414349 0.017711 0.023998
0 0.321894 0.122344 0.017470 0.022527
0 0.238056 0.237672 0.017053 0.020330
0 0.074883 0.977368 0.018301 0.020558
0 0.011384 0.748219 0.018340 0.021316
0 0.421480 0.483602 0.018808 0.022147
0 0.740088 0.919653 0.018581 0.022308
0 0.298195 0.258936 0.017379 0.022186
0 0.135140 0.498427 0.016410 0.022223
0 0.027993 0.990595 0.016828 0.016042
0 0.935068 0.443743 0.018497 0.021080
0 0.356720 0.797155 0.017029 0.021674
0 0.403485 0.101132 0.016704 0.021183
0 0.834132 0.993501 0.019017 0.012998
0 0.090895 0.009959 0.025201 0.019399
0 0.018929 0.411578 0.016015 0.019364
0 0.481918 0.152080 0.016695 0.020654
0 0.839119 0.319702 0.020845 0.025644
0 0.545058 0.898137 0.017203 0.022188
0 0.799165 0.827107 0.017072 0.021608
0 0.513078 0.396032 0.019102 0.024509
0 0.895594 0.053696 0.021789 0.029040
0 0.769207 0.579537 0.018232 0.024951
0 0.887762 0.391999 0.019928 0.024576
0 0.678374 0.307223 0.020736 0.026180
0 0.612184 0.046417 0.016060 0.020811
0 0.775429 0.057916 0.019262 0.023952
0 0.738363 0.153041 0.017765 0.021457
0 0.207862 0.881120 0.016577 0.021398
0 0.801168 0.269303 0.016255 0.019538
0 0.988214 0.346167 0.021012 0.026332
0 0.553925 0.263015 0.018682 0.022529
0 0.828504 0.949169 0.016720 0.019997
0 0.323004 0.842245 0.019051 0.022979
0 0.045647 0.499693 0.018421 0.028348
0 0.443684 0.692749 0.017173 0.022815
0 0.931561 0.789332 0.016277 0.020665
0 0.344617 0.050623 0.013841 0.019062
0 0.285983 0.336613 0.017998 0.022148
0 0.401995 0.073976 0.017552 0.020510
0 0.291314 0.456244 0.016920 0.022274
0 0.903730 0.180911 0.018226 0.023062
0 0.462252 0.020903 0.016088 0.018716
0 0.112232 0.859509 0.015308 0.021670
0 0.498005 0.881931 0.016589 0.019425
0 0.533821 0.945565 0.018770 0.021676
0 0.809798 0.693089 0.019741 0.021551
0 0.927217 0.908758 0.017483 0.022003
0 0.628277 0.083493 0.019787 0.027592
0 0.773333 0.449766 0.017975 0.020786
0 0.075198 0.375567 0.016432 0.022805
0 0.635235 0.699699 0.017798 0.021293
0 0.024573 0.624218 0.016365 0.019586
0 0.703659 0.530798 0.017119 0.020993
0 0.233762 0.627142 0.017972 0.023016
0 0.337011 0.768921 0.016675 0.021855
0 0.393713 0.326648 0.016362 0.021277
0 0.472447 0.318010 0.016172 0.021196
0 0.802167 0.528485 0.016472 0.022547
0 0.348736 0.006054 0.015185 0.012107
0 0.724060 0.589640 0.016482 0.020424
0 0.629901 0.756757 0.017872 0.021991
0 0.407795 0.693325 0.017316 0.021935
0 0.461879 0.800582 0.018679 0.022901
0 0.591406 0.478506 0.019537 0.023402
0 0.190061 0.232808 0.016219 0.021046
0 0.150233 0.241621 0.016703 0.021200
0 0.354251 0.882257 0.014969 0.021901
0 0.384896 0.651330 0.015897 0.018952
0 0.115103 0.701330 0.016116 0.020256
0 0.040134 0.652407 0.016765 0.021510
0 0.877984 0.803295 0.018108 0.021666
0 0.233941 0.973116 0.015638 0.020265
0 0.946906 0.241621 0.018112 0.020630
0 0.392492 0.010129 0.017626 0.016066
0 0.981934 0.437449 0.017620 0.021675
0 0.332254 0.294103 0.016132 0.020660
0 0.519954 0.737578 0.012346 0.015370
0 0.755919 0.715784 0.016905 0.020199
0 0.379096 0.958276 0.014986 0.018452
0 0.494268 0.730181 0.018134 0.020733
0 0.754583 0.599038 0.017002 0.019379
0 0.878881 0.960051 0.014180 0.016930
0 0.252043 0.761580 0.012517 0.015968
0 0.584301 0.235509 0.015662 0.018277
0 0.549175 0.784046 0.015877 0.021501
0 0.374232 0.980593 0.016474 0.017703
0 0.837075 0.974092 0.017021 0.019410
0 0.685378 0.872806 0.017627 0.020335
0 0.451887 0.102195 0.015646 0.020183
0 0.551589 0.618494 0.016798 0.020437
0 0.238073 0.758529 0.011078 0.017279
0 0.411279 0.819851 0.013834 0.016623
0 0.037788 0.036148 0.014778 0.016614
0 0.572904 0.173725 0.016307 0.021260
0 0.394532 0.632718 0.014624 0.015222
0 0.524399 0.360877 0.013765 0.016090
0 0.485965 0.004191 0.018712 0.008382
0 0.691063 0.994659 0.020786 0.010682
0 0.866146 0.025520 0.014756 0.018344
0 0.454013 0.953176 0.012328 0.015896
0 0.269802 0.852749 0.012478 0.014239
0 0.183278 0.894677 0.013257 0.018004
0 0.034340 0.463747 0.012659 0.014297
0 0.703993 0.232044 0.014842 0.017987
0 0.082724 0.024996 0.016530 0.015454
0 0.086428 0.023479 0.020740 0.010671
0 0.302367 0.867446 0.012683 0.014014
0 0.087107 0.021546 0.022527 0.017119
0 0.785138 0.664345 0.011736 0.021341
0 0.076886 0.938408 0.011363 0.014275
