0 0.074725 0.108913 0.017000 0.020673
0 0.912491 0.883005 0.016883 0.021198
0 0.123991 0.909377 0.017523 0.022554
0 0.791638 0.201885 0.015406 0.019767
0 0.982276 0.293149 0.017482 0.021790
0 0.835262 0.136367 0.017244 0.022466
0 0.325238 0.911078 0.016537 0.022160
0 0.233700 0.553737 0.018977 0.022899
0 0.212453 0.775358 0.019852 0.022760
0 0.049595 0.680644 0.015308 0.020456
0 0.435405 0.118428 0.016787 0.020904
0 0.361728 0.807816 0.016981 0.021936
0 0.030918 0.824581 0.018310 0.020226
0 0.774587 0.149581 0.019369 0.025449
0 0.167097 0.986571 0.017452 0.018559
0 0.614376 0.062078 0.015861 0.021102
0 0.212233 0.733651 0.017318 0.020952
0 0.126170 0.796797 0.018184 0.022463
0 0.004895 0.457964 0.009790 0.022264
0 0.087085 0.502973 0.019542 0.023693
0 0.340960 0.113564 0.017863 0.022151
0 0.171251 0.565189 0.016206 0.020501
0 0.034786 0.774589 0.014351 0.020667
0 0.006300 0.169910 0.012601 0.024126
0 0.948598 0.776700 0.017386 0.020969
0 0.878728 0.312386 0.016615 0.021504
0 0.154355 0.896997 0.018568 0.024341
0 0.789854 0.869284 0.018749 0.022316
0 0.726359 0.892846 0.017305 0.022983
0 0.771561 0.203478 0.014052 0.019486
0 0.878990 0.871419 0.015023 0.018979
0 0.636879 0.365356 0.014143 0.019741
0 0.238083 0.738005 0.015386 0.024312
0 0.080733 0.947053 0.016955 0.021537
0 0.782286 0.110449 0.017954 0.022149
0 0.178107 0.911968 0.016319 0.020820
0 0.268669 0.381076 0.016650 0.019078
0 0.089012 0.868688 0.014964 0.017989
0 0.290184 0.542259 0.015939 0.017825
0 0.341043 0.306079 0.015932 0.018445
0 0.308530 0.572787 0.015471 0.020046
0 0.829976 0.975848 0.018299 0.019727
0 0.145002 0.143484 0.013705 0.020200
0 0.301996 0.295673 0.013328 0.016202
0 0.482178 0.785206 0.017026 0.022087
0 0.522666 0.408613 0.016606 0.020463
0 0.248167 0.354886 0.016476 0.019997
0 0.435270 0.380045 0.016288 0.019827
0 0.666577 0.129932 0.015326 0.017677
0 0.419885 0.036500 0.015130 0.019389
0 0.790170 0.836397 0.022691 0.024173
0 0.049525 0.413882 0.016831 0.021173
0 0.140220 0.168301 0.017406 0.022192
0 0.630103 0.252672 0.015295 0.020430
0 0.072338 0.044064 0.014654 0.017956
0 0.557838 0.165546 0.015002 0.017643
0 0.146716 0.623447 0.021204 0.025107
0 0.774633 0.232690 0.016266 0.018029
0 0.651387 0.243737 0.015748 0.021157
0 0.366372 0.216273 0.016989 0.021899
0 0.663439 0.172011 0.016629 0.021397
0 0.869205 0.633442 0.015687 0.019204
0 0.794432 0.388284 0.016023 0.019270
0 0.277627 0.302158 0.017766 0.020499
0 0.435557 0.666838 0.015321 0.020883
0 0.272576 0.586774 0.016156 0.017920
0 0.045686 0.844569 0.017748 0.023637
0 0.522993 0.632908 0.016640 0.020770
0 0.046249 0.602815 0.016897 0.021030
0 0.068755 0.082685 0.015982 0.017170
0 0.146759 0.333716 0.015849 0.019211
0 0.089672 0.130667 0.017788 0.022961
0 0.794672 0.383915 0.018353 0.026308
0 0.708886 0.737814 0.014438 0.023841
0 0.645020 0.235252 0.019073 0.025250
0 0.692897 0.737025 0.012487 0.019842
0 0.994907 0.236742 0.010185 0.021774
0 0.299951 0.151244 0.014572 0.019217
0 0.794282 0.837846 0.017822 0.022988
0 0.286614 0.411680 0.013533 0.015450
0 0.925845 0.140869 0.012835 0.015069
0 0.876082 0.256929 0.014685 0.019436
0 0.070833 0.081797 0.014846 0.015754
0 0.885420 0.421518 0.014751 0.018834
0 0.331013 0.376401 0.015757 0.016937
0 0.486979 0.408117 0.015788 0.018884
0 0.649072 0.239113 0.020550 0.029496
0 0.310088 0.416811 0.012719 0.016564
0 0.266702 0.738600 0.013270 0.017869
0 0.790068 0.199443 0.019903 0.025804
