0 0.912401 0.882406 0.016911 0.021324
0 0.150412 0.143908 0.015596 0.022227
0 0.566436 0.156999 0.014206 0.019200
0 0.967140 0.941876 0.017203 0.022052
0 0.452164 0.087782 0.017535 0.022826
0 0.050221 0.414935 0.016795 0.020940
0 0.225105 0.764115 0.018902 0.020871
0 0.159086 0.891204 0.019569 0.024724
0 0.653716 0.221071 0.017591 0.023499
0 0.238169 0.740223 0.014431 0.018433
0 0.231537 0.551589 0.017208 0.022089
0 0.788837 0.178260 0.016670 0.021143
0 0.086674 0.500038 0.018627 0.022561
0 0.354089 0.088266 0.016916 0.021790
0 0.344657 0.307477 0.015102 0.018162
0 0.875148 0.872289 0.017152 0.020771
0 0.373908 0.763160 0.017315 0.022302
0 0.076810 0.091940 0.016953 0.021149
0 0.213180 0.731462 0.016159 0.022017
0 0.124388 0.907861 0.016793 0.021141
0 0.166420 0.580491 0.021264 0.024181
0 0.331105 0.513260 0.015250 0.019678
0 0.792272 0.833311 0.021126 0.025924
0 0.180365 0.954227 0.020008 0.024324
0 0.789129 0.865110 0.018461 0.021549
0 0.552251 0.143721 0.013799 0.017668
0 0.954350 0.766311 0.015986 0.019709
0 0.310129 0.419386 0.014217 0.017281
0 0.052123 0.678894 0.017105 0.018786
0 0.631800 0.228727 0.015848 0.021449
0 0.010475 0.150006 0.017670 0.023252
0 0.091495 0.031275 0.016524 0.020186
0 0.187846 0.874222 0.016953 0.021126
0 0.779046 0.112517 0.018332 0.023103
0 0.284210 0.298473 0.016017 0.021487
0 0.020631 0.420463 0.014090 0.018125
0 0.791194 0.063521 0.017804 0.022722
0 0.832663 0.091920 0.017088 0.020823
0 0.349353 0.861462 0.018396 0.021213
0 0.308914 0.500575 0.015783 0.019375
0 0.994668 0.420549 0.010664 0.019230
0 0.794699 0.384443 0.016664 0.020869
0 0.269432 0.379518 0.015689 0.020873
0 0.995733 0.176657 0.008534 0.018931
0 0.503545 0.367654 0.016738 0.018598
0 0.050263 0.585553 0.015539 0.019024
0 0.419367 0.034245 0.015011 0.018852
0 0.775644 0.202838 0.015693 0.020894
0 0.624271 0.039290 0.016267 0.019694
0 0.170767 0.291598 0.016894 0.021574
0 0.066573 0.736361 0.016049 0.021240
0 0.451311 0.332891 0.015782 0.020552
0 0.126528 0.795181 0.016782 0.021386
0 0.188265 0.537540 0.015542 0.019891
0 0.056570 0.818092 0.017226 0.021928
0 0.433706 0.665213 0.015195 0.018906
0 0.552535 0.591345 0.017205 0.021933
0 0.981684 0.290244 0.018265 0.023030
0 0.520517 0.408596 0.017794 0.020745
0 0.088630 0.873085 0.014583 0.018737
0 0.494226 0.753983 0.016930 0.022092
0 0.032546 0.822318 0.019550 0.021891
0 0.108015 0.094246 0.018114 0.023636
0 0.875304 0.278991 0.016449 0.019986
0 0.310682 0.398193 0.015533 0.016499
0 0.285318 0.556429 0.013773 0.019983
0 0.379956 0.191206 0.017628 0.021502
0 0.164274 0.163960 0.017172 0.022258
0 0.707862 0.700259 0.014278 0.016618
0 0.238417 0.737539 0.016297 0.022529
0 0.830789 0.977120 0.016961 0.019174
0 0.075113 0.061963 0.017883 0.017424
0 0.734843 0.846976 0.017029 0.019350
0 0.878025 0.212472 0.014897 0.018176
0 0.643015 0.300306 0.012876 0.015925
0 0.775126 0.232325 0.013983 0.017743
0 0.698770 0.688756 0.012025 0.016615
0 0.300328 0.147905 0.015160 0.020697
0 0.867058 0.629236 0.018364 0.020208
0 0.676391 0.144452 0.014915 0.019134
0 0.652397 0.217465 0.020242 0.030860
0 0.706709 0.698350 0.015929 0.018733
0 0.996078 0.236591 0.007845 0.022961
0 0.655314 0.329472 0.014052 0.018751
0 0.544526 0.655462 0.013765 0.017143
0 0.241085 0.577340 0.016020 0.019646
0 0.510459 0.009672 0.014364 0.017127
0 0.154905 0.972972 0.015428 0.020894
0 0.089288 0.942092 0.014931 0.020803
0 0.680805 0.087938 0.014779 0.019276
0 0.885064 0.423025 0.016543 0.019086
