0 0.628739 0.327871 0.019959 0.025733
0 0.155299 0.892090 0.019093 0.023776
0 0.767634 0.858191 0.024272 0.030097
0 0.911837 0.883210 0.017041 0.020962
0 0.232698 0.553591 0.018635 0.024011
0 0.007137 0.265574 0.014274 0.022689
0 0.772028 0.234235 0.017000 0.021188
0 0.146184 0.922360 0.016784 0.021799
0 0.326987 0.216965 0.019611 0.023534
0 0.974136 0.290769 0.017339 0.021707
0 0.283057 0.574130 0.015716 0.020535
0 0.867781 0.873591 0.016845 0.019691
0 0.085593 0.504398 0.019150 0.023335
0 0.865521 0.331273 0.017147 0.022257
0 0.208617 0.741736 0.018449 0.021079
0 0.654055 0.275495 0.022223 0.022991
0 0.718636 0.349510 0.018595 0.023096
0 0.611020 0.014849 0.016321 0.022426
0 0.326565 0.119948 0.016721 0.022345
0 0.901996 0.713850 0.021845 0.023103
0 0.927943 0.398983 0.018147 0.022512
0 0.323675 0.409937 0.015397 0.019156
0 0.969091 0.016096 0.018654 0.024688
0 0.302402 0.333593 0.017991 0.022647
0 0.293352 0.903710 0.017278 0.021830
0 0.235153 0.737054 0.015922 0.026348
0 0.859987 0.261395 0.020766 0.024167
0 0.677618 0.288885 0.016387 0.020542
0 0.430047 0.291743 0.018583 0.022708
0 0.314961 0.241151 0.015491 0.018458
0 0.368809 0.045065 0.018609 0.023061
0 0.310681 0.278315 0.015133 0.017871
0 0.051405 0.838004 0.015902 0.020006
0 0.274748 0.011047 0.017410 0.019002
0 0.787199 0.254732 0.019474 0.024506
0 0.169494 0.747121 0.016846 0.021016
0 0.662529 0.182277 0.016487 0.020441
0 0.551940 0.008709 0.016404 0.015946
0 0.124884 0.906947 0.018027 0.023244
0 0.096273 0.566561 0.016921 0.020499
0 0.635979 0.297630 0.015079 0.016658
0 0.519421 0.404947 0.017477 0.022921
0 0.548978 0.147623 0.014123 0.015978
0 0.083729 0.873033 0.015539 0.019685
0 0.164773 0.848678 0.020917 0.028946
0 0.790514 0.870917 0.017635 0.022885
0 0.297446 0.255785 0.017636 0.020220
0 0.384457 0.484610 0.018571 0.022107
0 0.008020 0.729155 0.015861 0.020618
0 0.055292 0.218426 0.018904 0.023321
0 0.584616 0.269489 0.016797 0.020936
0 0.634908 0.028580 0.020875 0.023096
0 0.042838 0.413067 0.017336 0.020644
0 0.028928 0.962261 0.017542 0.025010
0 0.865316 0.624555 0.018977 0.022694
0 0.426604 0.560276 0.016985 0.020728
0 0.307093 0.716595 0.016137 0.018839
0 0.121674 0.280637 0.016314 0.021726
0 0.550568 0.171631 0.016675 0.020191
0 0.542898 0.656508 0.013983 0.018593
0 0.461939 0.023411 0.017663 0.023346
0 0.070685 0.297185 0.019876 0.023737
0 0.264904 0.653318 0.016726 0.019794
0 0.489513 0.844425 0.019642 0.024904
0 0.943651 0.495761 0.016554 0.021527
0 0.383341 0.361676 0.017376 0.020770
0 0.930134 0.219057 0.018583 0.021135
0 0.215738 0.058114 0.014920 0.019233
0 0.922602 0.481565 0.017227 0.019356
0 0.799627 0.080960 0.016158 0.018595
0 0.427801 0.666558 0.016046 0.020937
0 0.314717 0.387577 0.017297 0.019457
0 0.123455 0.798280 0.016327 0.021070
0 0.329089 0.292901 0.014329 0.018590
0 0.768660 0.206962 0.018466 0.020622
0 0.662092 0.581180 0.017907 0.021441
0 0.334637 0.478653 0.016970 0.021838
0 0.419913 0.346577 0.018648 0.023758
0 0.050211 0.134809 0.015412 0.017897
0 0.505066 0.661061 0.016372 0.020383
0 0.242742 0.455751 0.017776 0.021927
0 0.600242 0.150646 0.015258 0.018613
0 0.283372 0.746302 0.016484 0.022213
0 0.145240 0.267885 0.019357 0.024567
0 0.933846 0.675016 0.017438 0.019164
0 0.436266 0.113534 0.018043 0.021242
0 0.879980 0.420489 0.016951 0.021093
0 0.263523 0.736848 0.013349 0.017133
0 0.633957 0.503003 0.017478 0.022521
0 0.174063 0.080173 0.016501 0.020207
0 0.027594 0.178397 0.016223 0.020352
0 0.821765 0.980653 0.019513 0.021715
0 0.299524 0.149563 0.017091 0.021394
0 0.381772 0.476178 0.021657 0.034027
0 0.262011 0.571981 0.015371 0.019450
0 0.181883 0.006446 0.016891 0.011940
0 0.058135 0.173247 0.017582 0.020947
0 0.142937 0.270270 0.017126 0.022069
0 0.135277 0.096973 0.015402 0.016776
0 0.113482 0.606467 0.013076 0.016590
0 0.990929 0.242804 0.017105 0.016990
0 0.827588 0.234978 0.016493 0.018689
0 0.150959 0.263561 0.014352 0.018976
0 0.056818 0.170750 0.017766 0.022971
0 0.900759 0.110090 0.015561 0.017515
0 0.084991 0.954774 0.015736 0.018540
0 0.536180 0.873160 0.014566 0.017567
