0 0.139754 0.369149 0.018872 0.022339
0 0.559658 0.528948 0.023515 0.032188
0 0.520067 0.468281 0.016366 0.021099
0 0.216408 0.321619 0.020027 0.027717
0 0.234172 0.742425 0.018401 0.020713
0 0.780814 0.789496 0.021515 0.022669
0 0.983883 0.646811 0.018039 0.021815
0 0.706196 0.272281 0.015814 0.021416
0 0.251014 0.388020 0.015899 0.019411
0 0.961107 0.313822 0.016376 0.022243
0 0.294316 0.562927 0.015739 0.019426
0 0.723965 0.253917 0.016001 0.020673
0 0.240213 0.316343 0.017916 0.024834
0 0.326383 0.109197 0.018045 0.023446
0 0.319935 0.558655 0.019381 0.025113
0 0.717438 0.747039 0.016704 0.022233
0 0.390430 0.844659 0.017389 0.021997
0 0.781389 0.454044 0.018678 0.023520
0 0.903968 0.774400 0.018399 0.022930
0 0.398479 0.486755 0.017534 0.022887
0 0.795180 0.824844 0.020981 0.024017
0 0.231901 0.369438 0.017053 0.022226
0 0.405670 0.233505 0.016872 0.022636
0 0.946659 0.332843 0.016654 0.019987
0 0.316692 0.059601 0.019558 0.023435
0 0.958525 0.695979 0.016310 0.020031
0 0.121927 0.293909 0.014858 0.018695
0 0.436836 0.753404 0.017417 0.025425
0 0.067032 0.391016 0.018291 0.022827
0 0.482093 0.488408 0.015589 0.020094
0 0.440298 0.402380 0.017618 0.021802
0 0.420010 0.548557 0.017745 0.022722
0 0.948899 0.456384 0.016060 0.020979
0 0.629839 0.066706 0.018049 0.022377
0 0.736318 0.990053 0.017396 0.016344
0 0.398322 0.783362 0.018567 0.020114
0 0.957808 0.848122 0.018738 0.024008
0 0.299925 0.287629 0.015993 0.023101
0 0.255460 0.523999 0.018143 0.022254
0 0.061216 0.424073 0.015944 0.019931
0 0.382167 0.663582 0.016586 0.020049
0 0.678095 0.963437 0.015650 0.019641
0 0.497938 0.019621 0.017436 0.025982
0 0.218850 0.452932 0.018245 0.020368
0 0.139334 0.574344 0.017822 0.023400
0 0.469632 0.065319 0.013502 0.017716
0 0.750611 0.751223 0.015237 0.019881
0 0.969483 0.286180 0.016788 0.020878
0 0.307635 0.579683 0.016409 0.019471
0 0.426551 0.154993 0.018350 0.022009
0 0.962100 0.965479 0.017200 0.025807
0 0.492379 0.461185 0.015831 0.020407
0 0.600096 0.186292 0.016609 0.020221
0 0.352324 0.768761 0.017018 0.018279
0 0.480073 0.300350 0.017590 0.021354
0 0.684724 0.286872 0.015277 0.021389
0 0.731925 0.864095 0.016477 0.021247
0 0.605644 0.859459 0.018143 0.022885
0 0.927858 0.776870 0.015383 0.020527
0 0.435524 0.245097 0.015120 0.019672
0 0.803961 0.571017 0.016295 0.019485
0 0.700908 0.764690 0.016382 0.021362
0 0.805777 0.640287 0.019085 0.022416
0 0.032162 0.539277 0.018504 0.021801
0 0.340190 0.287884 0.016730 0.021490
0 0.691095 0.713376 0.017813 0.022271
0 0.483220 0.970490 0.016044 0.021629
0 0.427544 0.466291 0.016068 0.018385
0 0.856715 0.571935 0.018995 0.022516
0 0.363247 0.830598 0.019396 0.028033
0 0.504429 0.047057 0.014522 0.018664
0 0.153903 0.391273 0.016216 0.021839
0 0.974788 0.152924 0.016406 0.021717
0 0.146242 0.113312 0.016753 0.020357
0 0.226464 0.572169 0.014252 0.017415
0 0.560282 0.319647 0.020326 0.024662
0 0.440183 0.623413 0.016306 0.022380
0 0.362382 0.468204 0.016652 0.019514
0 0.904618 0.732766 0.017438 0.018704
0 0.550085 0.443027 0.015355 0.018263
0 0.349790 0.545937 0.016073 0.019801
0 0.151185 0.444695 0.016247 0.022879
0 0.660458 0.951412 0.011022 0.015092
0 0.163828 0.020715 0.024069 0.024080
0 0.246067 0.628296 0.012985 0.013664
0 0.693408 0.057490 0.017931 0.020740
0 0.520462 0.742631 0.015834 0.019890
0 0.370090 0.007586 0.017125 0.013118
0 0.559796 0.980166 0.015840 0.019088
0 0.105911 0.204378 0.015999 0.020122
0 0.711728 0.494316 0.015076 0.018491
0 0.185808 0.724437 0.015460 0.021875
0 0.406198 0.955336 0.017495 0.021369
0 0.535982 0.535864 0.014921 0.018349
0 0.101424 0.283347 0.013974 0.020036
0 0.414804 0.090612 0.021783 0.025866
0 0.800395 0.984609 0.013466 0.013373
0 0.963857 0.180665 0.013925 0.016804
0 0.261678 0.661804 0.019220 0.029019
0 0.351479 0.806679 0.016919 0.020634
0 0.464879 0.478857 0.014699 0.017764
0 0.906947 0.036849 0.016739 0.018629
0 0.994222 0.528570 0.011556 0.019130
0 0.159673 0.152018 0.012708 0.017801
0 0.034915 0.287279 0.017861 0.022727
0 0.684453 0.122958 0.017350 0.020859
0 0.996722 0.133286 0.006557 0.018836
0 0.267887 0.117955 0.017474 0.021238
0 0.046416 0.383137 0.016038 0.021048
0 0.996441 0.776952 0.007117 0.023493
0 0.501346 0.374591 0.014004 0.017780
0 0.923262 0.164040 0.010968 0.014021
0 0.272859 0.072887 0.014249 0.017234
0 0.756645 0.647566 0.016894 0.022942
0 0.295485 0.131112 0.017008 0.021861
0 0.355811 0.484713 0.012820 0.014677
0 0.942173 0.438508 0.014612 0.015049
0 0.800231 0.284224 0.015433 0.022141
0 0.677029 0.110378 0.012200 0.014643
0 0.904420 0.168580 0.015538 0.018150
0 0.789543 0.789241 0.019274 0.022261
0 0.660543 0.354171 0.011798 0.013378
0 0.159120 0.020564 0.025593 0.022408
0 0.813133 0.362150 0.011991 0.016165
0 0.152305 0.979288 0.015012 0.018889
0 0.070253 0.652542 0.012523 0.014891
0 0.927916 0.780453 0.016189 0.026292
0 0.993735 0.034371 0.011878 0.016059
0 0.004847 0.732860 0.009694 0.015827
0 0.351797 0.757898 0.017943 0.026772
0 0.927894 0.792985 0.014853 0.016928
0 0.003128 0.095399 0.006255 0.019190
0 0.901622 0.163460 0.017556 0.023731
0 0.705931 0.248483 0.012482 0.016799
0 0.734575 0.267269 0.015551 0.019329
0 0.903590 0.166237 0.018776 0.022985
0 0.784959 0.789371 0.027852 0.023914
0 0.614287 0.639942 0.012650 0.015465
0 0.351999 0.754401 0.016294 0.020735
0 0.731137 0.262090 0.017823 0.026077
0 0.359350 0.479015 0.017333 0.022241
