0 0.491527 0.009423 0.016857 0.017711
0 0.455011 0.008704 0.016258 0.015083
0 0.281130 0.827576 0.018131 0.023593
0 0.860754 0.106629 0.020375 0.024411
0 0.343350 0.970895 0.015806 0.021235
0 0.399996 0.012377 0.019212 0.018868
0 0.379450 0.106314 0.016802 0.020702
0 0.828011 0.891708 0.018399 0.022948
0 0.783625 0.666098 0.015199 0.019418
0 0.288688 0.458623 0.016911 0.021093
0 0.190833 0.668493 0.018053 0.020355
0 0.483243 0.333360 0.017189 0.023240
0 0.881431 0.175541 0.019858 0.025842
0 0.907556 0.025204 0.020126 0.024682
0 0.536834 0.974445 0.021694 0.028372
0 0.516674 0.689776 0.019315 0.022613
0 0.407435 0.103379 0.016358 0.020718
0 0.983102 0.519747 0.017153 0.019518
0 0.272325 0.475512 0.019836 0.025205
0 0.655442 0.460175 0.018224 0.022481
0 0.407264 0.656996 0.015054 0.019040
0 0.846894 0.878851 0.015814 0.020019
0 0.778992 0.060080 0.018491 0.023204
0 0.304144 0.040451 0.019603 0.021384
0 0.845496 0.237576 0.017587 0.022091
0 0.700083 0.529690 0.017278 0.021041
0 0.692943 0.950926 0.016707 0.021316
0 0.351047 0.111795 0.018469 0.022263
0 0.668480 0.202347 0.019548 0.023621
0 0.546695 0.534930 0.018324 0.022872
0 0.543419 0.652065 0.016006 0.019737
0 0.796614 0.091381 0.019303 0.023871
0 0.366528 0.030817 0.021502 0.024964
0 0.936435 0.431431 0.017663 0.021355
0 0.389784 0.066771 0.018948 0.022014
0 0.666267 0.245326 0.018912 0.025211
0 0.813335 0.690974 0.016668 0.021420
0 0.143557 0.331831 0.019528 0.024087
0 0.942474 0.500704 0.018371 0.021809
0 0.160631 0.073622 0.016818 0.021000
0 0.470081 0.022732 0.015651 0.019366
0 0.234453 0.884319 0.019189 0.024993
0 0.371062 0.914951 0.018042 0.021680
0 0.768313 0.178188 0.018575 0.023190
0 0.139100 0.499761 0.016614 0.021801
0 0.242731 0.238337 0.018541 0.022233
0 0.421857 0.006653 0.017641 0.013305
0 0.606161 0.620494 0.017343 0.021892
0 0.726465 0.597037 0.017377 0.020351
0 0.613673 0.147580 0.012387 0.017115
0 0.685614 0.515941 0.015368 0.019121
0 0.399685 0.632135 0.015550 0.017946
0 0.984218 0.029790 0.019214 0.024259
0 0.808401 0.666246 0.016907 0.020227
0 0.801394 0.415369 0.020062 0.022970
0 0.560296 0.464581 0.018073 0.022449
0 0.195305 0.137032 0.020426 0.022952
0 0.372735 0.940927 0.013676 0.016798
0 0.580876 0.790223 0.017911 0.022136
0 0.176707 0.548419 0.017339 0.022924
0 0.327578 0.987522 0.018024 0.019123
0 0.308593 0.444957 0.015543 0.020846
0 0.899603 0.689005 0.015094 0.019565
0 0.509356 0.099662 0.017843 0.022252
0 0.364032 0.799180 0.018043 0.022329
0 0.897946 0.373581 0.019833 0.023277
0 0.942408 0.939095 0.016479 0.019939
0 0.086536 0.275953 0.016131 0.020316
0 0.761122 0.595231 0.016759 0.019611
0 0.391363 0.937231 0.014662 0.018282
0 0.505339 0.026038 0.015162 0.017335
0 0.511403 0.716017 0.017259 0.021167
0 0.098516 0.832579 0.019245 0.024682
0 0.329584 0.837351 0.016207 0.020456
0 0.030818 0.942458 0.016580 0.020595
0 0.409418 0.078836 0.014191 0.016746
0 0.929940 0.978912 0.016014 0.018585
0 0.983616 0.551464 0.018078 0.021362
0 0.306141 0.391864 0.021580 0.024318
0 0.961058 0.970987 0.017952 0.022767
0 0.160537 0.782927 0.017505 0.021492
0 0.582840 0.465578 0.016075 0.020885
0 0.630486 0.076459 0.019516 0.025007
0 0.279689 0.028212 0.017035 0.021527
0 0.847168 0.649704 0.016015 0.019656
0 0.221106 0.511415 0.014985 0.021669
0 0.462882 0.901732 0.018877 0.023846
0 0.322175 0.739771 0.017744 0.020773
0 0.136930 0.074819 0.016586 0.022147
0 0.864564 0.076707 0.017631 0.019482
0 0.131536 0.789096 0.016764 0.022406
0 0.154244 0.241662 0.017210 0.020383
0 0.253518 0.812479 0.020066 0.025249
0 0.468749 0.348584 0.015920 0.019513
0 0.549523 0.442380 0.016004 0.018287
0 0.766631 0.464832 0.016708 0.021045
0 0.057279 0.943786 0.017995 0.021927
0 0.871398 0.680278 0.017388 0.022640
0 0.934332 0.404396 0.017877 0.020618
0 0.775765 0.258304 0.016281 0.020865
0 0.348499 0.053795 0.014629 0.018049
0 0.017524 0.037197 0.018717 0.022853
0 0.708423 0.507015 0.016967 0.019951
0 0.205046 0.495915 0.015508 0.019600
0 0.694165 0.993748 0.019341 0.012503
0 0.621605 0.046023 0.019430 0.022635
0 0.030478 0.338708 0.017947 0.021895
0 0.543242 0.764852 0.015397 0.020785
0 0.180582 0.693130 0.018427 0.022839
0 0.559424 0.105268 0.015775 0.019057
0 0.039217 0.597667 0.016693 0.020459
0 0.104003 0.521278 0.017843 0.023963
0 0.413841 0.687146 0.015006 0.021091
0 0.388430 0.652336 0.013770 0.018378
0 0.432815 0.601831 0.017522 0.020570
0 0.152389 0.551002 0.020378 0.025619
0 0.518496 0.466523 0.017330 0.022493
0 0.701522 0.215950 0.017243 0.024640
0 0.728319 0.817548 0.016787 0.020869
0 0.041060 0.652389 0.017009 0.020386
0 0.512810 0.395829 0.018783 0.023881
0 0.867126 0.254870 0.016093 0.024971
0 0.487248 0.156771 0.017259 0.021587
0 0.789422 0.536007 0.014959 0.017434
0 0.804227 0.291246 0.015516 0.019397
0 0.367365 0.963486 0.013724 0.018119
0 0.904139 0.962112 0.018078 0.022171
0 0.035177 0.699833 0.019567 0.023499
0 0.384896 0.958794 0.013780 0.018387
0 0.230662 0.334231 0.016660 0.020968
0 0.975070 0.681116 0.017517 0.022481
0 0.027554 0.988042 0.019167 0.018789
0 0.837655 0.975223 0.018506 0.020598
0 0.790585 0.906581 0.016751 0.020974
0 0.740938 0.579728 0.019727 0.026237
0 0.312039 0.419964 0.012213 0.018316
0 0.583278 0.889280 0.013096 0.016638
0 0.489931 0.829133 0.014892 0.018262
0 0.695012 0.876621 0.016679 0.019790
0 0.558255 0.277543 0.013639 0.018104
0 0.602935 0.908400 0.014665 0.017755
0 0.927032 0.847548 0.013800 0.018391
0 0.439701 0.670288 0.011672 0.014039
0 0.436216 0.626529 0.013048 0.016676
0 0.225190 0.768223 0.014867 0.019989
0 0.257447 0.758201 0.013731 0.017507
0 0.105363 0.317253 0.013527 0.019020
0 0.433768 0.560874 0.014442 0.018839
0 0.713920 0.967781 0.015417 0.017658
0 0.242056 0.025873 0.014032 0.014113
0 0.454263 0.688469 0.013980 0.017261
0 0.479278 0.821637 0.009841 0.015048
0 0.879114 0.503822 0.011925 0.013726
0 0.548674 0.439790 0.016753 0.018599
0 0.115773 0.863795 0.012476 0.016344
0 0.286186 0.688514 0.013427 0.016751
0 0.241350 0.306499 0.013583 0.015794
0 0.709830 0.572126 0.012721 0.017755
0 0.020503 0.781424 0.012827 0.016292
0 0.548748 0.318988 0.014109 0.019570
0 0.302689 0.977915 0.011800 0.015559
0 0.914853 0.803789 0.012855 0.017061
0 0.728718 0.744437 0.015133 0.017453
0 0.870139 0.861157 0.013942 0.017832
0 0.903253 0.875595 0.012277 0.016738
0 0.991838 0.335318 0.014729 0.017577
0 0.708413 0.648441 0.014012 0.020909
0 0.909333 0.993912 0.020041 0.012176
0 0.542543 0.651536 0.018830 0.023987
0 0.394525 0.407484 0.012940 0.017545
0 0.558819 0.183706 0.013765 0.017565
0 0.598537 0.149290 0.011166 0.014527
0 0.326787 0.698133 0.013799 0.016746
0 0.909538 0.996385 0.019264 0.007231
0 0.217825 0.200163 0.016152 0.017699
0 0.381041 0.332678 0.010886 0.015034
0 0.105067 0.316170 0.018448 0.021088
0 0.543156 0.762709 0.018858 0.023019
0 0.562951 0.827012 0.015232 0.018741
0 0.837032 0.996785 0.021585 0.006430
0 0.454713 0.997370 0.022462 0.005260
0 0.558997 0.829722 0.015168 0.016697
0 0.902890 0.611383 0.012872 0.018321
0 0.453512 0.995466 0.023021 0.009068
0 0.838872 0.128562 0.013252 0.016617
0 0.855818 0.194141 0.012472 0.014864
0 0.629469 0.139630 0.012661 0.013419
0 0.352095 0.765905 0.013380 0.015611
0 0.164379 0.258250 0.014184 0.015449
0 0.691376 0.523337 0.018543 0.021630
