0 0.815048 0.645671 0.018864 0.023776
0 0.521107 0.966456 0.022386 0.026032
0 0.487906 0.130698 0.018730 0.025576
0 0.119182 0.165656 0.020848 0.026782
0 0.294165 0.027701 0.015974 0.021010
0 0.639498 0.961203 0.020298 0.024376
0 0.257667 0.467172 0.020621 0.026141
0 0.758862 0.945138 0.018851 0.023985
0 0.623214 0.723393 0.017550 0.021931
0 0.653289 0.698826 0.015558 0.018602
0 0.867978 0.584257 0.019336 0.020825
0 0.793219 0.654031 0.017107 0.022606
0 0.315441 0.039912 0.014796 0.020336
0 0.819056 0.990595 0.016186 0.016372
0 0.008728 0.577597 0.014743 0.015744
0 0.123479 0.493660 0.016487 0.021484
0 0.372773 0.645171 0.014597 0.017778
0 0.537631 0.439285 0.017304 0.021575
0 0.989754 0.792226 0.017556 0.020927
0 0.284108 0.457274 0.019485 0.023695
0 0.422593 0.153741 0.017614 0.019964
0 0.499496 0.096636 0.016122 0.019426
0 0.677972 0.700375 0.017790 0.022510
0 0.347979 0.039551 0.015436 0.019458
0 0.051129 0.078248 0.017284 0.022513
0 0.787451 0.080414 0.019774 0.024483
0 0.739956 0.222841 0.017613 0.021076
0 0.661598 0.897244 0.016183 0.020536
0 0.020750 0.896590 0.016074 0.020882
0 0.101152 0.286947 0.018125 0.021161
0 0.496195 0.696608 0.017316 0.020443
0 0.751020 0.566335 0.018181 0.024072
0 0.303350 0.097351 0.017715 0.020229
0 0.711129 0.588645 0.017602 0.022720
0 0.046497 0.905799 0.015195 0.017542
0 0.036712 0.593658 0.017451 0.023129
0 0.137326 0.235679 0.016779 0.020549
0 0.913522 0.146643 0.017156 0.020886
0 0.286784 0.387061 0.018287 0.022371
0 0.508062 0.305813 0.018566 0.022586
0 0.762255 0.054395 0.020158 0.025462
0 0.469820 0.677896 0.016072 0.020079
0 0.042592 0.937063 0.015690 0.022527
0 0.425207 0.725141 0.017603 0.021500
0 0.655125 0.596438 0.019421 0.024895
0 0.895637 0.986850 0.016295 0.020274
0 0.395077 0.085208 0.016034 0.018718
0 0.829892 0.284125 0.020725 0.023418
0 0.618100 0.111490 0.020604 0.026818
0 0.624887 0.176276 0.023465 0.027705
0 0.680710 0.991984 0.018556 0.014726
0 0.663936 0.676995 0.016738 0.019465
0 0.793415 0.447901 0.017995 0.021889
0 0.429949 0.042250 0.021516 0.023189
0 0.678920 0.612924 0.019525 0.020531
0 0.385838 0.659032 0.015441 0.018896
0 0.455521 0.594175 0.015921 0.020542
0 0.047781 0.117933 0.018626 0.025433
0 0.822400 0.880025 0.018954 0.022058
0 0.867658 0.557343 0.019257 0.022806
0 0.459105 0.263058 0.018008 0.021261
0 0.253782 0.945945 0.017011 0.018524
0 0.688018 0.032747 0.015931 0.020192
0 0.434178 0.674976 0.015945 0.019915
0 0.790111 0.781069 0.018208 0.023398
0 0.619113 0.894055 0.019219 0.025563
0 0.851897 0.780224 0.017340 0.021614
0 0.665360 0.028926 0.018071 0.022291
0 0.820054 0.966537 0.018001 0.022206
0 0.276052 0.909438 0.015580 0.019279
0 0.556579 0.418774 0.017796 0.024161
0 0.906468 0.101162 0.017974 0.023938
0 0.330682 0.102529 0.017158 0.021368
0 0.870869 0.028193 0.016279 0.020407
0 0.960787 0.552361 0.016993 0.022013
0 0.222516 0.232178 0.017717 0.021585
0 0.310362 0.838017 0.017060 0.020929
0 0.395489 0.961519 0.014706 0.018708
0 0.942381 0.894426 0.016413 0.020409
0 0.021625 0.081910 0.017721 0.018835
0 0.617589 0.439851 0.018184 0.022124
0 0.655638 0.070574 0.016860 0.020539
0 0.313226 0.015112 0.015138 0.021337
0 0.847630 0.969559 0.017102 0.021220
0 0.552198 0.809648 0.017226 0.021793
0 0.500704 0.366589 0.017746 0.023189
0 0.536779 0.073671 0.015201 0.017938
0 0.401054 0.008449 0.014183 0.013614
0 0.723124 0.567149 0.017227 0.020124
0 0.065427 0.052249 0.020155 0.024647
0 0.858664 0.053969 0.016322 0.020844
0 0.180561 0.570776 0.018670 0.021957
0 0.506720 0.758671 0.019728 0.022566
0 0.120440 0.723211 0.017687 0.021194
0 0.187486 0.532255 0.020397 0.022764
0 0.885151 0.960522 0.016280 0.020042
0 0.334906 0.566844 0.014727 0.018145
0 0.834349 0.590253 0.016460 0.020677
0 0.467798 0.143063 0.017985 0.020694
0 0.407656 0.031643 0.014478 0.019910
0 0.788360 0.287338 0.016012 0.019946
0 0.741519 0.589626 0.016714 0.021636
0 0.087163 0.568815 0.017901 0.021425
0 0.004183 0.042101 0.008367 0.017908
0 0.090546 0.171775 0.018053 0.021076
0 0.880150 0.737221 0.018662 0.022419
0 0.343272 0.915809 0.019043 0.025234
0 0.992618 0.338276 0.014765 0.020872
0 0.789904 0.945855 0.015998 0.019633
0 0.011537 0.507156 0.016781 0.019391
0 0.858226 0.677057 0.019181 0.022764
0 0.074185 0.120365 0.018094 0.021486
0 0.995982 0.266784 0.008036 0.022922
0 0.499023 0.393109 0.017834 0.021432
0 0.326473 0.731888 0.016320 0.019562
0 0.365854 0.953290 0.015384 0.017466
0 0.217473 0.328983 0.016426 0.019759
0 0.949456 0.212786 0.014953 0.017534
0 0.670610 0.869820 0.016494 0.020118
0 0.684188 0.283314 0.017468 0.022002
0 0.071572 0.395153 0.018755 0.023537
0 0.803162 0.052893 0.014574 0.023651
0 0.079920 0.859658 0.018806 0.022806
0 0.044308 0.881085 0.015175 0.017931
0 0.427739 0.011086 0.015515 0.019219
0 0.435412 0.376926 0.015905 0.017169
0 0.737302 0.414246 0.012260 0.015723
0 0.387048 0.223846 0.013683 0.015425
0 0.227062 0.640088 0.018131 0.022502
0 0.331735 0.046977 0.013173 0.022856
0 0.749609 0.974304 0.010980 0.013959
0 0.199446 0.661164 0.014564 0.018705
0 0.234948 0.805934 0.018967 0.023543
0 0.400743 0.353704 0.012313 0.014970
0 0.072452 0.078279 0.013810 0.021009
0 0.471998 0.322946 0.014498 0.018181
0 0.512673 0.147508 0.013436 0.016384
0 0.471254 0.541915 0.013127 0.014998
0 0.336102 0.017009 0.017053 0.023569
0 0.372689 0.974418 0.015140 0.017098
0 0.144230 0.667242 0.011926 0.017014
0 0.804304 0.056937 0.016394 0.026542
0 0.735911 0.828929 0.013528 0.016800
0 0.384246 0.832004 0.011578 0.015323
0 0.833333 0.033328 0.011714 0.014458
0 0.456705 0.866408 0.012587 0.017164
0 0.792938 0.168525 0.011533 0.015846
0 0.600165 0.080561 0.014244 0.016307
0 0.392537 0.463026 0.013322 0.017513
0 0.280412 0.717578 0.014034 0.016274
0 0.596643 0.525191 0.010904 0.016281
0 0.864670 0.488999 0.013458 0.016271
0 0.961734 0.233911 0.011436 0.014595
0 0.409200 0.977390 0.013097 0.017524
0 0.751029 0.420260 0.012318 0.014975
0 0.484077 0.473700 0.013194 0.015842
0 0.833608 0.674725 0.013464 0.017638
0 0.594032 0.894405 0.011904 0.016159
0 0.620754 0.109088 0.019926 0.031643
0 0.625151 0.100441 0.013411 0.018519
0 0.751497 0.898047 0.011479 0.013704
0 0.480249 0.004672 0.014271 0.009343
0 0.942966 0.376567 0.011925 0.014850
0 0.286727 0.006749 0.015569 0.013499
0 0.583267 0.413680 0.011048 0.013633
0 0.713798 0.489975 0.012348 0.016057
0 0.623165 0.223259 0.014445 0.015709
0 0.223454 0.010199 0.011524 0.017040
0 0.778110 0.155785 0.011804 0.014930
0 0.627479 0.178894 0.022795 0.024738
