0 0.616438 0.302325 0.019082 0.023110
0 0.233041 0.554615 0.018645 0.024468
0 0.911693 0.883367 0.017235 0.021439
0 0.786659 0.836948 0.022117 0.025859
0 0.851262 0.245984 0.018664 0.022041
0 0.008926 0.246052 0.017369 0.022864
0 0.923701 0.358928 0.016718 0.022016
0 0.716394 0.310311 0.017721 0.023009
0 0.976747 0.289779 0.018638 0.023023
0 0.771087 0.233715 0.016592 0.020413
0 0.860502 0.304955 0.016757 0.021675
0 0.793933 0.869894 0.019606 0.025088
0 0.124617 0.909757 0.018334 0.023390
0 0.151391 0.922342 0.018525 0.022878
0 0.123405 0.797606 0.017282 0.020270
0 0.325465 0.201706 0.019891 0.024169
0 0.155070 0.818882 0.021160 0.027618
0 0.451108 0.010501 0.016993 0.018145
0 0.428357 0.267752 0.018601 0.023861
0 0.137151 0.247925 0.016723 0.023880
0 0.630355 0.015795 0.018200 0.023414
0 0.888718 0.655665 0.020018 0.023250
0 0.155856 0.888891 0.019939 0.025450
0 0.432887 0.670084 0.015311 0.019844
0 0.327575 0.109062 0.018522 0.022909
0 0.212787 0.739800 0.016987 0.021332
0 0.293674 0.330752 0.019876 0.022980
0 0.770388 0.204922 0.015745 0.020618
0 0.792678 0.247789 0.017745 0.024839
0 0.870162 0.873097 0.016573 0.020019
0 0.683646 0.268935 0.015631 0.019575
0 0.298467 0.687340 0.015541 0.018755
0 0.411328 0.324875 0.018142 0.024241
0 0.580572 0.937167 0.018375 0.022642
0 0.372227 0.028049 0.018067 0.021092
0 0.057172 0.201018 0.018282 0.021889
0 0.865899 0.622132 0.019073 0.020677
0 0.914355 0.452869 0.017310 0.021042
0 0.940116 0.456788 0.014902 0.021379
0 0.083108 0.874905 0.015660 0.020144
0 0.044198 0.413830 0.016390 0.020648
0 0.485900 0.789735 0.018512 0.022417
0 0.169717 0.066002 0.016967 0.021426
0 0.085686 0.504674 0.019325 0.024316
0 0.660230 0.535555 0.014679 0.019602
0 0.046679 0.128564 0.016509 0.018669
0 0.236634 0.740380 0.015828 0.021671
0 0.734854 0.988679 0.018451 0.018794
0 0.052922 0.788785 0.017525 0.020592
0 0.259403 0.611895 0.016829 0.021876
0 0.065916 0.268573 0.018169 0.023434
0 0.428573 0.518759 0.018064 0.022987
0 0.827715 0.982347 0.017597 0.022872
0 0.512543 0.608301 0.016888 0.021748
0 0.329462 0.408077 0.014008 0.017588
0 0.940139 0.819610 0.013318 0.016408
0 0.155525 0.733772 0.015821 0.020722
0 0.538340 0.165612 0.015815 0.019705
0 0.655323 0.166553 0.016170 0.019301
0 0.887505 0.840622 0.014160 0.018828
0 0.882105 0.420287 0.019380 0.024282
0 0.520817 0.405571 0.017050 0.021088
0 0.283022 0.523978 0.016624 0.020329
0 0.581389 0.241396 0.017493 0.019671
0 0.634457 0.503524 0.014675 0.017742
0 0.310427 0.277059 0.014691 0.018099
0 0.540880 0.656466 0.017227 0.020514
0 0.287947 0.721238 0.017426 0.022408
0 0.370703 0.344224 0.015113 0.019311
0 0.120164 0.272126 0.018885 0.023852
0 0.006960 0.730197 0.013920 0.022310
0 0.030300 0.916127 0.017912 0.025439
0 0.260692 0.572365 0.013723 0.017363
0 0.314630 0.390952 0.017623 0.020737
0 0.297439 0.841110 0.018636 0.023278
0 0.551503 0.149460 0.013701 0.017428
0 0.600905 0.153004 0.015418 0.020101
0 0.135767 0.075341 0.014207 0.017160
0 0.054722 0.159464 0.018738 0.023331
0 0.800522 0.081468 0.016567 0.020803
0 0.109049 0.521595 0.016421 0.019681
0 0.652389 0.274301 0.020627 0.023555
0 0.244809 0.454728 0.017749 0.022390
0 0.641213 0.299371 0.014635 0.018770
0 0.299151 0.152070 0.016908 0.021094
0 0.935257 0.679274 0.014744 0.020593
0 0.525577 0.818624 0.013961 0.019067
0 0.330296 0.451483 0.015343 0.018811
0 0.990782 0.244038 0.017011 0.018052
0 0.660322 0.271181 0.015038 0.023214
0 0.314937 0.241014 0.015461 0.017823
0 0.994048 0.267498 0.011793 0.016669
0 0.924734 0.176404 0.017654 0.022555
0 0.605943 0.008464 0.014909 0.015186
0 0.376832 0.444155 0.014982 0.017297
0 0.218299 0.035475 0.014383 0.016552
0 0.295568 0.255874 0.018825 0.019857
0 0.829603 0.231480 0.016732 0.018899
0 0.024805 0.179818 0.016195 0.020564
0 0.270245 0.006377 0.017671 0.012350
0 0.081292 0.950603 0.016001 0.020183
0 0.438038 0.093822 0.016201 0.021940
0 0.056236 0.991965 0.019351 0.014522
0 0.827254 0.230264 0.017183 0.018331
0 0.552421 0.007654 0.016244 0.013901
0 0.536869 0.802403 0.012822 0.015129
0 0.180206 0.005562 0.016031 0.011125
0 0.010361 0.011770 0.015234 0.019873
0 0.903101 0.104673 0.015915 0.022051
