0 0.772355 0.379477 0.021293 0.021679
0 0.153475 0.926242 0.019751 0.022454
0 0.772776 0.210563 0.018368 0.018901
0 0.327418 0.268573 0.013710 0.017858
0 0.443543 0.317765 0.016516 0.021759
0 0.098154 0.304409 0.016947 0.022172
0 0.695593 0.831114 0.027032 0.030042
0 0.073277 0.305591 0.017959 0.025376
0 0.044360 0.416953 0.016461 0.020120
0 0.237935 0.553775 0.019564 0.025102
0 0.264164 0.741448 0.016689 0.022170
0 0.239729 0.742027 0.016180 0.020372
0 0.641161 0.304358 0.018205 0.023416
0 0.481560 0.149432 0.017588 0.022561
0 0.210048 0.747676 0.016115 0.019544
0 0.545473 0.659630 0.017039 0.021377
0 0.354413 0.990776 0.016529 0.015334
0 0.722552 0.681283 0.019656 0.024519
0 0.157958 0.888135 0.019884 0.024530
0 0.058859 0.453889 0.015126 0.020323
0 0.662991 0.309806 0.016701 0.022656
0 0.202715 0.267206 0.017810 0.022189
0 0.655212 0.077377 0.017389 0.022893
0 0.529513 0.483924 0.019929 0.024237
0 0.991582 0.177832 0.016836 0.025978
0 0.492561 0.373107 0.020501 0.025616
0 0.976290 0.293439 0.017762 0.023545
0 0.164515 0.401334 0.018129 0.022216
0 0.523216 0.744501 0.019033 0.023692
0 0.775581 0.236178 0.018456 0.022467
0 0.978900 0.575014 0.017380 0.020993
0 0.801548 0.088626 0.018740 0.019545
0 0.172932 0.240930 0.022023 0.024067
0 0.362697 0.449587 0.022852 0.027874
0 0.391071 0.078807 0.017991 0.023820
0 0.797847 0.872624 0.020091 0.024173
0 0.092980 0.504122 0.018849 0.023007
0 0.867134 0.631312 0.020071 0.025900
0 0.916798 0.884188 0.018173 0.020883
0 0.057700 0.266059 0.018480 0.020237
0 0.530174 0.696616 0.018431 0.021296
0 0.869666 0.878868 0.018478 0.023079
0 0.808785 0.115863 0.019971 0.023715
0 0.292506 0.977517 0.017361 0.019147
0 0.858381 0.375530 0.018742 0.021794
0 0.107047 0.480456 0.015301 0.019754
0 0.340232 0.231467 0.017988 0.023418
0 0.887151 0.419850 0.020998 0.024412
0 0.126683 0.282674 0.019761 0.023966
0 0.887751 0.392320 0.018420 0.019762
0 0.477416 0.226413 0.018587 0.022342
0 0.134292 0.953062 0.018217 0.022177
0 0.316557 0.242389 0.015953 0.019036
0 0.681984 0.877568 0.019765 0.023145
0 0.809337 0.488891 0.019069 0.023083
0 0.486540 0.121609 0.017803 0.021885
0 0.249308 0.960146 0.017787 0.022954
0 0.004959 0.028850 0.009917 0.021900
0 0.143804 0.323601 0.017966 0.023332
0 0.312978 0.854758 0.019861 0.024943
0 0.419470 0.427067 0.018666 0.022206
0 0.018047 0.402768 0.015912 0.020481
0 0.853961 0.113616 0.019019 0.023328
0 0.306631 0.155407 0.019167 0.023001
0 0.603398 0.099899 0.018775 0.023736
0 0.410384 0.578118 0.018208 0.021622
0 0.935580 0.222251 0.018868 0.024018
0 0.470822 0.473711 0.017482 0.021750
0 0.475658 0.586449 0.016924 0.020894
0 0.269745 0.572906 0.015615 0.019645
0 0.520146 0.409896 0.017563 0.022851
0 0.303955 0.263182 0.018565 0.022297
0 0.003644 0.695138 0.007289 0.026110
0 0.308751 0.189492 0.015616 0.019854
0 0.906337 0.905806 0.014932 0.019873
0 0.888554 0.285918 0.023449 0.022911
0 0.333162 0.293779 0.016604 0.021443
0 0.934539 0.677671 0.018365 0.020507
0 0.022404 0.363432 0.017649 0.020754
0 0.081853 0.467448 0.016030 0.021250
0 0.642751 0.507431 0.019249 0.025061
0 0.005845 0.130740 0.011690 0.021237
0 0.179865 0.721269 0.021114 0.032935
0 0.431692 0.673250 0.018267 0.019559
0 0.117914 0.242612 0.019762 0.024031
0 0.606830 0.154189 0.016832 0.020344
0 0.091308 0.872887 0.019949 0.022788
0 0.448787 0.289973 0.015115 0.020704
0 0.897349 0.112883 0.021192 0.023741
0 0.552869 0.159066 0.015449 0.019477
0 0.479812 0.256739 0.014527 0.019572
0 0.145789 0.215765 0.015240 0.018567
0 0.031226 0.177295 0.018914 0.023656
0 0.993286 0.245240 0.013428 0.019103
0 0.901237 0.109715 0.019657 0.024384
0 0.005051 0.694539 0.010102 0.024683
0 0.192621 0.725471 0.018152 0.031222
0 0.995575 0.843521 0.008849 0.017611
0 0.361543 0.006949 0.014597 0.012297
0 0.049287 0.569332 0.012409 0.013426
0 0.297209 0.370925 0.019726 0.022763
