0 0.560105 0.526473 0.022629 0.030531
0 0.077641 0.401902 0.017962 0.022433
0 0.402913 0.798464 0.015673 0.020397
0 0.307656 0.575609 0.015603 0.020694
0 0.577467 0.483550 0.016847 0.020932
0 0.518712 0.464086 0.015301 0.017493
0 0.490555 0.975425 0.016597 0.017955
0 0.214424 0.321053 0.020733 0.026167
0 0.705778 0.270103 0.015495 0.021156
0 0.388491 0.089428 0.017552 0.022107
0 0.518875 0.029195 0.020430 0.022383
0 0.826676 0.902038 0.017805 0.020586
0 0.162863 0.018324 0.020833 0.023426
0 0.286674 0.603472 0.014202 0.017847
0 0.421419 0.546274 0.019072 0.021808
0 0.804337 0.768927 0.017220 0.018995
0 0.250768 0.387030 0.015498 0.019324
0 0.255188 0.527208 0.018458 0.021533
0 0.217549 0.451588 0.017486 0.021301
0 0.945907 0.330745 0.017082 0.021230
0 0.780521 0.450793 0.018893 0.023583
0 0.440626 0.397168 0.020076 0.021369
0 0.684495 0.281902 0.015205 0.020065
0 0.144495 0.361336 0.018989 0.023302
0 0.461118 0.822229 0.019409 0.021328
0 0.794760 0.821780 0.021351 0.024481
0 0.007229 0.545733 0.014458 0.023537
0 0.116388 0.210368 0.017260 0.020202
0 0.238751 0.315277 0.017743 0.024526
0 0.870587 0.587182 0.013704 0.018653
0 0.880468 0.687202 0.017943 0.023271
0 0.700735 0.762771 0.016757 0.020481
0 0.854801 0.569304 0.017637 0.021236
0 0.698482 0.224898 0.020223 0.021974
0 0.980570 0.849171 0.018242 0.022384
0 0.600985 0.860601 0.018274 0.023265
0 0.680018 0.957857 0.017197 0.020990
0 0.436223 0.485122 0.017938 0.022897
0 0.324425 0.107156 0.017112 0.020417
0 0.947413 0.453003 0.016718 0.021937
0 0.196629 0.418729 0.015837 0.018933
0 0.989122 0.710001 0.016135 0.019559
0 0.629260 0.062145 0.018265 0.023163
0 0.324292 0.558550 0.016349 0.021140
0 0.167879 0.292767 0.014871 0.017636
0 0.538944 0.061889 0.014856 0.018527
0 0.372175 0.008082 0.015769 0.014982
0 0.217584 0.772741 0.016333 0.018458
0 0.770974 0.773965 0.017248 0.022514
0 0.782153 0.568346 0.018455 0.022443
0 0.231843 0.365656 0.016867 0.024135
0 0.441749 0.749117 0.016563 0.020425
0 0.141714 0.320297 0.015542 0.016535
0 0.305093 0.788014 0.016368 0.019929
0 0.609836 0.180672 0.016902 0.020722
0 0.415195 0.090712 0.017491 0.021209
0 0.378779 0.550280 0.016035 0.019934
0 0.986416 0.648556 0.016768 0.021865
0 0.590168 0.060820 0.014388 0.017810
0 0.272236 0.663644 0.018500 0.026702
0 0.913595 0.170348 0.017888 0.024337
0 0.440001 0.618376 0.016008 0.021470
0 0.387417 0.829981 0.017104 0.030120
0 0.032947 0.535304 0.015814 0.018440
0 0.492751 0.458846 0.015864 0.021397
0 0.428530 0.461474 0.016537 0.017274
0 0.561039 0.308003 0.020244 0.023797
0 0.931305 0.052795 0.015992 0.021863
0 0.151300 0.443519 0.015129 0.020193
0 0.684250 0.119271 0.016222 0.021593
0 0.403422 0.232154 0.016121 0.021991
0 0.354149 0.804177 0.016609 0.021223
0 0.145410 0.110695 0.017498 0.021286
0 0.339924 0.285594 0.015612 0.018919
0 0.724815 0.252843 0.016554 0.021206
0 0.902937 0.774908 0.019951 0.024763
0 0.960336 0.309048 0.017246 0.023598
0 0.418390 0.843226 0.017672 0.021667
0 0.381637 0.661582 0.015997 0.019711
0 0.310508 0.132428 0.017121 0.021998
0 0.077755 0.284949 0.019347 0.022446
0 0.299150 0.287766 0.015811 0.022148
0 0.049473 0.382869 0.015798 0.020202
0 0.294032 0.082478 0.014047 0.016945
0 0.558894 0.979571 0.016041 0.019051
0 0.874242 0.837791 0.024093 0.023548
0 0.961332 0.962834 0.017829 0.024493
0 0.243435 0.640964 0.012951 0.015565
0 0.976619 0.171318 0.010318 0.013941
0 0.290796 0.569803 0.013528 0.018225
0 0.756818 0.643935 0.017914 0.023326
0 0.366536 0.476230 0.018576 0.021180
0 0.995556 0.775668 0.008888 0.021898
0 0.535505 0.531787 0.015977 0.020576
0 0.265753 0.116656 0.017295 0.021169
0 0.901935 0.731937 0.018252 0.021023
0 0.549578 0.440882 0.014178 0.017344
0 0.483309 0.308375 0.017154 0.021233
0 0.708526 0.245457 0.011067 0.014651
0 0.060810 0.421412 0.015120 0.018681
0 0.003558 0.666032 0.007116 0.023403
0 0.424466 0.149776 0.016730 0.023001
0 0.690384 0.712096 0.017372 0.021385
0 0.023364 0.805591 0.013678 0.016701
0 0.177088 0.170413 0.013964 0.018379
0 0.021813 0.109016 0.014843 0.017874
0 0.519126 0.739274 0.015175 0.019050
0 0.435306 0.245110 0.015956 0.017765
0 0.143333 0.564064 0.018180 0.019151
0 0.596740 0.417314 0.014750 0.017743
0 0.511668 0.485109 0.015774 0.019106
0 0.980413 0.804529 0.017378 0.025019
0 0.704785 0.059156 0.018149 0.022146
0 0.880116 0.841166 0.019273 0.022018
0 0.060448 0.722621 0.011382 0.015034
0 0.401838 0.866490 0.013580 0.016518
0 0.437022 0.983323 0.015436 0.018898
0 0.951988 0.204690 0.012055 0.013957
0 0.434988 0.231117 0.015362 0.022371
0 0.135071 0.731402 0.011467 0.012623
0 0.962029 0.178312 0.013030 0.016477
0 0.152426 0.572009 0.012139 0.016705
0 0.943609 0.440758 0.015480 0.016869
0 0.022411 0.554790 0.012127 0.017240
0 0.997063 0.129262 0.005873 0.017085
0 0.733644 0.265050 0.014019 0.016416
0 0.144666 0.320832 0.020242 0.018848
0 0.004827 0.665220 0.009654 0.022671
0 0.663544 0.684176 0.011430 0.013351
0 0.358288 0.479800 0.014802 0.017889
0 0.435315 0.236426 0.016708 0.031642
0 0.679995 0.600982 0.011920 0.014860
0 0.900689 0.057033 0.011505 0.017491
0 0.363302 0.478261 0.024545 0.021005
0 0.150110 0.321892 0.014230 0.016461
0 0.951617 0.204291 0.014551 0.018080
0 0.147250 0.321629 0.020085 0.016811
0 0.897448 0.055345 0.011528 0.016807
