0 0.631405 0.947148 0.019642 0.024903
0 0.813814 0.266059 0.017956 0.021305
0 0.282541 0.385403 0.019672 0.024658
0 0.124461 0.164239 0.019885 0.025801
0 0.825856 0.597713 0.012307 0.014299
0 0.434748 0.119877 0.016002 0.021001
0 0.726198 0.957591 0.018129 0.021772
0 0.655246 0.680337 0.017543 0.022169
0 0.541403 0.965606 0.015395 0.020921
0 0.816814 0.866052 0.017455 0.021497
0 0.658475 0.817132 0.015826 0.020927
0 0.615001 0.656789 0.016116 0.021004
0 0.036288 0.932903 0.015914 0.024995
0 0.330068 0.045511 0.014597 0.018618
0 0.447766 0.028333 0.017157 0.020909
0 0.117892 0.489593 0.017188 0.022044
0 0.067550 0.072921 0.015372 0.021765
0 0.536983 0.584706 0.017027 0.021497
0 0.287370 0.018468 0.018547 0.023010
0 0.517096 0.293454 0.017791 0.023785
0 0.513290 0.969155 0.021258 0.029691
0 0.479959 0.896961 0.017183 0.022246
0 0.482169 0.132038 0.019371 0.024005
0 0.210837 0.964558 0.015338 0.020306
0 0.747695 0.840571 0.020699 0.022867
0 0.719226 0.527546 0.019699 0.023714
0 0.252111 0.468819 0.018923 0.022362
0 0.009826 0.657985 0.017328 0.021746
0 0.130938 0.233015 0.016566 0.021067
0 0.649998 0.349288 0.015558 0.019592
0 0.935413 0.889015 0.014413 0.018846
0 0.049867 0.106778 0.014653 0.019870
0 0.844027 0.889453 0.016370 0.019956
0 0.801161 0.620811 0.017774 0.021636
0 0.755518 0.962389 0.015732 0.020963
0 0.007983 0.298821 0.011816 0.012487
0 0.387424 0.086553 0.015062 0.019926
0 0.215808 0.923901 0.018080 0.021753
0 0.816315 0.014682 0.016424 0.020526
0 0.817716 0.891446 0.015355 0.020901
0 0.091720 0.686209 0.017023 0.023217
0 0.216357 0.227663 0.017471 0.022127
0 0.072409 0.427861 0.019550 0.023170
0 0.808455 0.683217 0.015142 0.019281
0 0.975200 0.240087 0.020150 0.023708
0 0.574626 0.061005 0.014431 0.018761
0 0.068314 0.040092 0.017977 0.021435
0 0.253852 0.959155 0.014631 0.017301
0 0.749504 0.934659 0.016422 0.022495
0 0.194744 0.250329 0.016530 0.019833
0 0.110195 0.543293 0.017130 0.022323
0 0.310578 0.041837 0.017349 0.024032
0 0.980712 0.697088 0.017730 0.022750
0 0.758785 0.184072 0.018756 0.022930
0 0.942501 0.506404 0.016879 0.021285
0 0.832926 0.528725 0.017897 0.022687
0 0.380144 0.793277 0.019427 0.024336
0 0.751937 0.049261 0.017168 0.019776
0 0.784414 0.774517 0.015787 0.019856
0 0.232063 0.640036 0.016158 0.020333
0 0.148184 0.741354 0.018253 0.022318
0 0.804562 0.406151 0.018673 0.022379
0 0.019966 0.065700 0.016270 0.020343
0 0.148188 0.140775 0.016796 0.021727
0 0.727326 0.921087 0.017883 0.020592
0 0.555343 0.080106 0.017247 0.018865
0 0.492150 0.858516 0.020391 0.021485
0 0.369600 0.640249 0.015995 0.020491
0 0.021048 0.215042 0.014125 0.018016
0 0.329017 0.809803 0.015173 0.019795
0 0.849490 0.511668 0.019070 0.024331
0 0.185298 0.963077 0.016914 0.022997
0 0.304955 0.825427 0.016703 0.020421
0 0.373255 0.842839 0.019102 0.022605
0 0.532137 0.435234 0.016646 0.020864
0 0.322844 0.111041 0.017194 0.019370
0 0.042432 0.071481 0.015676 0.022984
0 0.465213 0.674924 0.016277 0.021228
0 0.732604 0.091452 0.014300 0.017899
0 0.084404 0.660486 0.015277 0.018826
0 0.512033 0.579560 0.015122 0.019483
0 0.786155 0.655117 0.015327 0.020618
0 0.236923 0.496826 0.020267 0.022310
0 0.561929 0.330377 0.016546 0.022101
0 0.217766 0.893654 0.015745 0.020637
0 0.828646 0.566617 0.015555 0.017760
0 0.466770 0.336880 0.014167 0.017007
0 0.854182 0.672263 0.017658 0.020093
0 0.646366 0.063782 0.015750 0.022435
0 0.687210 0.677532 0.017145 0.021070
0 0.878830 0.098602 0.017859 0.021683
0 0.818621 0.967282 0.015807 0.020718
0 0.838772 0.934233 0.016841 0.020464
0 0.267661 0.501637 0.015281 0.020216
0 0.101925 0.471569 0.016638 0.021815
0 0.838574 0.042458 0.015923 0.022616
0 0.680051 0.142569 0.017514 0.024525
0 0.079719 0.923677 0.017425 0.022301
0 0.825834 0.079548 0.013991 0.018265
0 0.038842 0.903414 0.016999 0.019471
0 0.513089 0.665115 0.015563 0.021486
0 0.423277 0.009126 0.015036 0.015464
0 0.952966 0.866575 0.018459 0.023125
0 0.805074 0.987916 0.014755 0.017934
0 0.297996 0.100067 0.015538 0.019367
0 0.029345 0.131550 0.017212 0.020803
0 0.661001 0.603937 0.018556 0.025416
0 0.807015 0.747323 0.017747 0.019932
0 0.058159 0.495510 0.015574 0.019297
0 0.017196 0.893268 0.015818 0.018258
0 0.426923 0.503684 0.014855 0.016857
0 0.452897 0.260681 0.018102 0.023451
0 0.695750 0.018706 0.017399 0.019661
0 0.586817 0.659341 0.015571 0.020671
0 0.837451 0.039940 0.012554 0.016061
0 0.075004 0.464299 0.012459 0.016124
0 0.774671 0.986354 0.014382 0.018763
0 0.274740 0.453692 0.018303 0.023116
0 0.635048 0.089832 0.014333 0.017821
0 0.382889 0.647365 0.015283 0.020665
0 0.511437 0.711141 0.011925 0.013777
0 0.186105 0.876374 0.017853 0.023593
0 0.005244 0.085338 0.010488 0.020587
0 0.784859 0.272772 0.014630 0.020068
0 0.703622 0.582707 0.016818 0.020826
0 0.374547 0.044636 0.015553 0.019311
0 0.908828 0.136502 0.015951 0.019099
0 0.672923 0.989269 0.015837 0.017643
0 0.312990 0.014993 0.015959 0.022232
0 0.519325 0.642746 0.011695 0.014808
0 0.867596 0.614945 0.017898 0.019567
0 0.749101 0.562978 0.016396 0.019345
0 0.996613 0.375477 0.006774 0.019710
0 0.746606 0.492865 0.012862 0.018740
0 0.089593 0.848389 0.016982 0.023023
0 0.733005 0.452401 0.013150 0.015507
0 0.968704 0.566762 0.013229 0.015012
0 0.126599 0.562018 0.011607 0.015605
0 0.691110 0.133650 0.012675 0.019591
0 0.163931 0.078419 0.016477 0.020133
0 0.402045 0.221599 0.012902 0.016691
0 0.813183 0.045938 0.015432 0.020368
0 0.269985 0.576295 0.016667 0.022358
0 0.590896 0.233939 0.012536 0.013916
0 0.629656 0.755930 0.013940 0.023257
0 0.371103 0.969726 0.015111 0.019159
0 0.051516 0.466920 0.014297 0.019842
0 0.888416 0.989054 0.015458 0.016916
0 0.174143 0.987676 0.012932 0.016867
0 0.397788 0.013561 0.013385 0.020227
0 0.507924 0.554115 0.016197 0.018490
0 0.983134 0.964051 0.015748 0.017605
0 0.207029 0.320821 0.013495 0.016526
0 0.035027 0.876499 0.014566 0.014930
0 0.448357 0.190245 0.011974 0.015523
0 0.611140 0.110844 0.015178 0.021032
0 0.464980 0.865672 0.013142 0.016444
0 0.232672 0.336192 0.015714 0.018395
0 0.419274 0.037353 0.018693 0.020761
0 0.502524 0.492883 0.011523 0.015713
0 0.829400 0.905427 0.011258 0.013256
0 0.104137 0.013122 0.012879 0.019201
0 0.419853 0.648660 0.014830 0.017805
0 0.470632 0.662605 0.013194 0.013864
0 0.565218 0.654574 0.015038 0.020337
0 0.995150 0.323798 0.009573 0.017878
0 0.496552 0.378985 0.014261 0.018744
0 0.670472 0.777463 0.014816 0.018298
0 0.390349 0.088444 0.016670 0.020849
0 0.740238 0.585745 0.015365 0.018351
0 0.490663 0.526486 0.012741 0.015552
0 0.871290 0.055121 0.011812 0.015893
0 0.003083 0.728631 0.006166 0.021980
0 0.003216 0.333144 0.006431 0.023404
0 0.617819 0.347515 0.017697 0.022585
0 0.211224 0.991233 0.017973 0.017534
0 0.641685 0.529937 0.015645 0.021565
0 0.736003 0.250250 0.014425 0.018771
0 0.743112 0.416101 0.010697 0.015066
0 0.363251 0.949499 0.014405 0.017327
0 0.817890 0.012646 0.016996 0.020086
0 0.061994 0.129511 0.013138 0.016958
0 0.691036 0.408846 0.012160 0.015718
0 0.736121 0.275692 0.012443 0.017229
