0 0.637393 0.841869 0.054924 0.063635
0 0.163791 0.700649 0.043957 0.052279
0 0.547582 0.978094 0.023927 0.029287
0 0.846055 0.663232 0.023977 0.024725
0 0.118329 0.055557 0.026038 0.031029
0 0.099098 0.474010 0.023813 0.029832
0 0.502289 0.013514 0.019735 0.023012
0 0.341320 0.379347 0.016855 0.021550
0 0.672848 0.553569 0.019360 0.023693
0 0.871369 0.684233 0.017579 0.022818
0 0.468762 0.787148 0.027298 0.032942
0 0.034722 0.968152 0.016934 0.019295
0 0.702678 0.033962 0.019436 0.021326
0 0.172753 0.820530 0.022461 0.025392
0 0.275951 0.478093 0.022997 0.028576
0 0.143887 0.762319 0.019458 0.023447
0 0.892383 0.676400 0.015605 0.020701
0 0.300610 0.199362 0.020410 0.021299
0 0.557678 0.441255 0.015893 0.021689
0 0.321745 0.391813 0.021184 0.024384
0 0.334946 0.266188 0.022009 0.023321
0 0.015304 0.380460 0.019657 0.023825
0 0.414258 0.105827 0.018322 0.021825
0 0.045746 0.992506 0.018968 0.014987
0 0.770047 0.047646 0.017733 0.021836
0 0.317649 0.461096 0.017843 0.020994
0 0.362247 0.219944 0.015890 0.019590
0 0.334877 0.018746 0.019252 0.023324
0 0.791538 0.322487 0.021400 0.027412
0 0.971759 0.591216 0.019468 0.025035
0 0.362314 0.660939 0.020142 0.024470
0 0.504791 0.506284 0.017020 0.021442
0 0.750372 0.908384 0.017877 0.022114
0 0.832070 0.806212 0.021981 0.024586
0 0.978986 0.380822 0.019334 0.023168
0 0.776958 0.194698 0.020423 0.024932
0 0.205273 0.707193 0.018576 0.022544
0 0.382509 0.330543 0.019672 0.024612
0 0.624301 0.973961 0.020161 0.021281
0 0.368267 0.181860 0.019124 0.021810
0 0.714236 0.736306 0.020774 0.025664
0 0.346036 0.992559 0.018647 0.014883
0 0.067882 0.441162 0.017124 0.021264
0 0.686420 0.851144 0.017461 0.022046
0 0.404289 0.647088 0.016324 0.019374
0 0.483434 0.626826 0.017563 0.022072
0 0.084441 0.304597 0.018816 0.023258
0 0.661468 0.589971 0.016016 0.019360
0 0.640505 0.493236 0.018457 0.022546
0 0.259947 0.678052 0.019568 0.023885
0 0.427873 0.547822 0.016744 0.021199
0 0.872393 0.634032 0.017642 0.023542
0 0.080693 0.183479 0.018240 0.021862
0 0.983945 0.655131 0.020511 0.022734
0 0.191118 0.390229 0.018010 0.022644
0 0.004478 0.506883 0.008955 0.022940
0 0.815064 0.788979 0.015303 0.019405
0 0.750735 0.059032 0.018896 0.024448
0 0.026001 0.428805 0.021112 0.023583
0 0.783061 0.871964 0.017177 0.021770
0 0.532584 0.682465 0.016848 0.019659
0 0.004970 0.969216 0.009940 0.024571
0 0.580780 0.475559 0.019211 0.024787
0 0.784299 0.397816 0.020786 0.026229
0 0.411406 0.895008 0.015900 0.019991
0 0.607131 0.077518 0.018212 0.023114
0 0.651849 0.012340 0.018333 0.022464
0 0.988293 0.792025 0.019834 0.024406
0 0.613033 0.251437 0.018605 0.023381
0 0.074249 0.410837 0.018681 0.021061
0 0.471973 0.183328 0.017945 0.023294
0 0.409493 0.018076 0.021079 0.021802
0 0.147708 0.503271 0.018328 0.024511
0 0.384470 0.249310 0.017097 0.020096
0 0.863567 0.958078 0.018275 0.020668
0 0.008478 0.694154 0.016470 0.020648
0 0.534755 0.704797 0.016765 0.020458
0 0.392980 0.566406 0.017731 0.021589
0 0.623055 0.666295 0.017640 0.021812
0 0.605634 0.315710 0.018600 0.023240
0 0.885491 0.569754 0.017907 0.022138
0 0.940961 0.366457 0.018539 0.023460
0 0.354405 0.810617 0.019255 0.022225
0 0.867939 0.764613 0.018432 0.021630
0 0.763713 0.600383 0.016913 0.020714
0 0.736722 0.413503 0.015575 0.019664
0 0.693201 0.008602 0.013728 0.014410
0 0.255406 0.239394 0.019025 0.023082
0 0.882216 0.524194 0.017514 0.020852
0 0.317492 0.772904 0.018376 0.022760
0 0.701240 0.178193 0.019046 0.023266
0 0.536584 0.392561 0.015880 0.020672
0 0.493176 0.149717 0.017570 0.021106
0 0.919047 0.873771 0.018678 0.022072
0 0.174123 0.242112 0.020259 0.022442
0 0.825905 0.092947 0.017343 0.021080
0 0.355796 0.121319 0.017401 0.022245
0 0.756405 0.568801 0.018181 0.020970
0 0.474781 0.486189 0.017216 0.020539
0 0.092023 0.813003 0.019047 0.023347
0 0.970070 0.126300 0.016714 0.020561
0 0.384208 0.953387 0.018074 0.022302
0 0.008325 0.074800 0.015632 0.017122
0 0.243610 0.772245 0.018094 0.022202
0 0.540346 0.807997 0.017647 0.021181
0 0.802276 0.234224 0.017014 0.020309
0 0.868484 0.143940 0.016737 0.020728
0 0.595394 0.285681 0.015982 0.018261
0 0.723516 0.882555 0.016554 0.020715
0 0.900150 0.280621 0.021097 0.026933
0 0.427103 0.905049 0.015314 0.019206
0 0.090654 0.699120 0.018644 0.022691
0 0.011245 0.303166 0.022194 0.024732
0 0.683159 0.467593 0.016856 0.020507
0 0.235591 0.335596 0.018857 0.022972
0 0.047686 0.455603 0.017089 0.024992
0 0.238109 0.953334 0.016159 0.017591
0 0.349255 0.551786 0.015423 0.017437
0 0.801573 0.824422 0.016887 0.020039
0 0.582537 0.062032 0.015996 0.019079
0 0.666513 0.052575 0.013669 0.020058
0 0.475570 0.120543 0.016936 0.027167
0 0.862899 0.279662 0.014083 0.017480
0 0.255660 0.976635 0.016369 0.016816
0 0.354120 0.899386 0.016815 0.020713
0 0.538225 0.437165 0.012415 0.017639
0 0.696068 0.653129 0.013797 0.017079
0 0.884249 0.913718 0.016851 0.021284
0 0.535232 0.884241 0.014568 0.016295
0 0.213333 0.160939 0.013850 0.016456
0 0.148075 0.357096 0.012969 0.018144
0 0.483339 0.003604 0.016412 0.007208
0 0.229342 0.876481 0.015173 0.018023
0 0.777756 0.840598 0.012315 0.014971
0 0.963134 0.860696 0.013018 0.019688
0 0.700618 0.998177 0.023500 0.003646
0 0.172971 0.263551 0.016719 0.018748
0 0.004131 0.784626 0.008235 0.021060
0 0.206474 0.929899 0.013597 0.016900
0 0.054540 0.916263 0.016001 0.017153
0 0.174616 0.189544 0.012250 0.015582
0 0.410997 0.976048 0.012585 0.015705
0 0.271980 0.989327 0.011035 0.015808
0 0.817880 0.698247 0.011788 0.015882
0 0.010424 0.754660 0.012949 0.015605
