0 0.912273 0.882697 0.016531 0.020524
0 0.157158 0.894333 0.019882 0.025477
0 0.792146 0.867226 0.020589 0.022268
0 0.289766 0.298137 0.017078 0.020038
0 0.958326 0.749754 0.015646 0.020233
0 0.386317 0.744617 0.016071 0.019674
0 0.081086 0.095271 0.017349 0.022305
0 0.966796 0.909683 0.016589 0.020653
0 0.833448 0.079137 0.016519 0.020112
0 0.183928 0.941262 0.017308 0.020798
0 0.981267 0.292547 0.017693 0.022472
0 0.559227 0.575336 0.016610 0.020661
0 0.876306 0.871817 0.015569 0.019596
0 0.996448 0.159607 0.007104 0.020931
0 0.796537 0.054556 0.018808 0.024118
0 0.266893 0.377802 0.016202 0.021550
0 0.233285 0.552678 0.018461 0.023558
0 0.027109 0.410681 0.013904 0.018468
0 0.569058 0.147928 0.015039 0.018319
0 0.128968 0.796227 0.015664 0.022031
0 0.793949 0.170420 0.016133 0.019937
0 0.018481 0.146689 0.017742 0.021409
0 0.081349 0.726310 0.015637 0.019029
0 0.235930 0.763923 0.017360 0.021845
0 0.310369 0.417605 0.013109 0.015627
0 0.087302 0.501323 0.019123 0.024518
0 0.342907 0.493089 0.014085 0.017899
0 0.169752 0.967036 0.023338 0.026668
0 0.063478 0.665288 0.017641 0.022552
0 0.161611 0.142753 0.016263 0.023792
0 0.124822 0.909162 0.017113 0.019514
0 0.369798 0.839852 0.015320 0.020994
0 0.658743 0.213775 0.018076 0.024777
0 0.097705 0.025726 0.015275 0.018769
0 0.032168 0.820594 0.018064 0.023287
0 0.794220 0.835593 0.020201 0.023418
0 0.738411 0.824027 0.016366 0.020223
0 0.363787 0.082372 0.018022 0.022689
0 0.213883 0.730478 0.015454 0.024425
0 0.462195 0.317363 0.014930 0.019051
0 0.795554 0.382282 0.018531 0.021957
0 0.461154 0.081075 0.017346 0.021208
0 0.344552 0.308867 0.016226 0.019456
0 0.631072 0.032588 0.016284 0.020957
0 0.118495 0.087068 0.017487 0.024635
0 0.266695 0.324266 0.012727 0.017629
0 0.347717 0.229569 0.013857 0.018095
0 0.502046 0.738015 0.016183 0.021411
0 0.514033 0.009230 0.015641 0.016146
0 0.236966 0.738464 0.015385 0.019573
0 0.200068 0.524982 0.015693 0.019399
0 0.051627 0.415712 0.016944 0.020274
0 0.775630 0.232722 0.018016 0.019470
0 0.435307 0.664976 0.015284 0.018060
0 0.544918 0.654817 0.015244 0.020246
0 0.006147 0.102579 0.012295 0.020802
0 0.419991 0.036797 0.016420 0.019307
0 0.995866 0.236900 0.008268 0.022949
0 0.874600 0.261973 0.017907 0.020959
0 0.868911 0.633531 0.017143 0.021932
0 0.318357 0.488750 0.015264 0.019661
0 0.194932 0.862856 0.017505 0.020857
0 0.387941 0.187006 0.016021 0.019240
0 0.786629 0.103208 0.018735 0.026558
0 0.664786 0.316238 0.014159 0.018895
0 0.236148 0.734801 0.016153 0.025447
0 0.519788 0.409363 0.017384 0.021107
0 0.683601 0.131678 0.015639 0.018812
0 0.514930 0.357637 0.017243 0.019892
0 0.301264 0.150357 0.016199 0.020082
0 0.777950 0.204859 0.017758 0.021042
0 0.692208 0.076095 0.016137 0.019701
0 0.831135 0.977058 0.017900 0.019738
0 0.178159 0.158846 0.016282 0.020656
0 0.635504 0.221426 0.015374 0.020393
0 0.172653 0.569833 0.020005 0.025647
0 0.057300 0.806299 0.016445 0.022980
0 0.345768 0.337231 0.014668 0.018630
0 0.991163 0.400696 0.016628 0.020964
0 0.865470 0.631294 0.018377 0.022732
0 0.644653 0.299758 0.014249 0.017642
0 0.185400 0.287330 0.014573 0.019849
0 0.292961 0.542281 0.014923 0.019331
0 0.078163 0.059722 0.016303 0.016823
0 0.023163 0.180045 0.015401 0.019133
0 0.552082 0.145050 0.013648 0.017869
0 0.656989 0.212539 0.021911 0.030058
0 0.061779 0.577421 0.015654 0.018139
0 0.085265 0.870367 0.015675 0.020503
0 0.706796 0.680988 0.017366 0.021414
0 0.302016 0.260098 0.014460 0.017216
0 0.704907 0.673833 0.014350 0.017474
0 0.936949 0.679332 0.016089 0.017787
0 0.286662 0.409021 0.013420 0.017036
0 0.310560 0.288594 0.013689 0.016240
