0 0.841809 0.538017 0.017767 0.024216
0 0.515884 0.967819 0.019463 0.025185
0 0.530593 0.608478 0.016917 0.018437
0 0.594277 0.667376 0.018069 0.024110
0 0.037439 0.934954 0.018052 0.023391
0 0.751864 0.862480 0.020178 0.023703
0 0.818723 0.265623 0.016447 0.022825
0 0.123514 0.164427 0.019909 0.024705
0 0.283138 0.385919 0.019579 0.023629
0 0.628438 0.946435 0.018853 0.024404
0 0.401347 0.011459 0.013899 0.018399
0 0.815887 0.870358 0.018181 0.022825
0 0.533825 0.068857 0.015796 0.019120
0 0.754752 0.049699 0.016644 0.020776
0 0.983526 0.716532 0.018312 0.021368
0 0.209983 0.948168 0.017031 0.020241
0 0.255264 0.955015 0.015996 0.021760
0 0.624348 0.663809 0.015435 0.020820
0 0.739831 0.190346 0.017807 0.022547
0 0.384185 0.648341 0.014836 0.019599
0 0.418602 0.506763 0.013937 0.017694
0 0.469059 0.929743 0.017634 0.021242
0 0.767137 0.958992 0.016288 0.020334
0 0.288487 0.015984 0.019612 0.023118
0 0.369517 0.640841 0.014901 0.020644
0 0.822359 0.040140 0.015453 0.018581
0 0.374142 0.815397 0.020399 0.024379
0 0.937991 0.890921 0.015334 0.019288
0 0.545950 0.338022 0.016765 0.022439
0 0.133636 0.234516 0.018546 0.024495
0 0.709316 0.545977 0.018293 0.022192
0 0.303250 0.825994 0.016866 0.020938
0 0.811828 0.071665 0.013757 0.018573
0 0.786565 0.656182 0.016774 0.020434
0 0.536676 0.436267 0.016950 0.020286
0 0.488708 0.529824 0.014510 0.019342
0 0.114151 0.536476 0.017011 0.020939
0 0.482506 0.132478 0.019049 0.026926
0 0.554575 0.038533 0.015528 0.019377
0 0.253736 0.469780 0.020108 0.024782
0 0.218140 0.229209 0.017730 0.022487
0 0.209031 0.323166 0.015963 0.019648
0 0.070673 0.036148 0.018700 0.022010
0 0.184346 0.259217 0.015144 0.019529
0 0.469826 0.870942 0.015555 0.018126
0 0.704989 0.583511 0.016121 0.021541
0 0.119084 0.491014 0.016732 0.022143
0 0.830901 0.574608 0.014424 0.017600
0 0.741443 0.946694 0.016993 0.019746
0 0.313306 0.041086 0.016396 0.021663
0 0.656341 0.681160 0.017925 0.021830
0 0.675018 0.135334 0.015975 0.022817
0 0.379652 0.036265 0.016440 0.019723
0 0.975706 0.245503 0.020096 0.023367
0 0.844839 0.967427 0.015592 0.020589
0 0.948435 0.508317 0.017472 0.020967
0 0.075473 0.919310 0.016840 0.021045
0 0.859635 0.903754 0.015995 0.019779
0 0.485607 0.892386 0.020368 0.023516
0 0.069588 0.077049 0.018054 0.021051
0 0.388134 0.087785 0.016720 0.022053
0 0.511783 0.291390 0.017266 0.022853
0 0.169228 0.911282 0.016874 0.022132
0 0.276265 0.453629 0.019778 0.021602
0 0.807380 0.634694 0.017337 0.021108
0 0.806099 0.989055 0.014954 0.016806
0 0.572230 0.678232 0.015626 0.019417
0 0.501198 0.549971 0.016632 0.021795
0 0.684100 0.694446 0.017237 0.022055
0 0.431263 0.113430 0.017321 0.020375
0 0.329055 0.814545 0.015599 0.020245
0 0.974007 0.874428 0.019080 0.023665
0 0.011112 0.660122 0.017418 0.022133
0 0.818069 0.968306 0.016362 0.020317
0 0.044179 0.072182 0.017046 0.021088
0 0.015526 0.504779 0.017583 0.021021
0 0.853890 0.670081 0.017905 0.021762
0 0.654228 0.059467 0.016991 0.022586
0 0.176514 0.974818 0.016192 0.019533
0 0.804806 0.761074 0.018824 0.024061
0 0.128631 0.137864 0.017245 0.018954
0 0.328674 0.100773 0.016746 0.022110
0 0.198199 0.924098 0.015366 0.023233
0 0.008509 0.448673 0.017018 0.024016
0 0.346671 0.861535 0.018291 0.022177
0 0.045965 0.898750 0.014544 0.018846
0 0.807992 0.712697 0.015776 0.019640
0 0.907620 0.137127 0.016093 0.020303
0 0.808592 0.406940 0.017822 0.021123
0 0.826149 0.897251 0.016363 0.021323
0 0.124716 0.066063 0.016634 0.020178
0 0.423681 0.041365 0.018214 0.023701
0 0.296197 0.100562 0.015428 0.018506
0 0.753709 0.566734 0.017380 0.021680
0 0.467483 0.676967 0.016825 0.020976
0 0.019774 0.127914 0.016550 0.021588
0 0.838435 0.917292 0.011431 0.015115
0 0.846228 0.509640 0.018567 0.022982
0 0.236419 0.935041 0.011513 0.014535
0 0.313645 0.015034 0.015656 0.021416
0 0.992917 0.384322 0.014141 0.022687
0 0.671488 0.989904 0.017004 0.017164
0 0.044195 0.113401 0.014627 0.019738
0 0.259356 0.512707 0.015836 0.022852
0 0.005118 0.217313 0.010235 0.016288
0 0.461373 0.134282 0.016120 0.021901
0 0.597719 0.352020 0.016847 0.021685
0 0.201274 0.663863 0.016055 0.022199
0 0.737247 0.268225 0.013988 0.018879
0 0.778875 0.824032 0.015747 0.019885
0 0.315885 0.533589 0.012099 0.017528
0 0.498003 0.597164 0.017084 0.022884
0 0.104131 0.780683 0.017117 0.020889
0 0.844982 0.466794 0.010732 0.013771
0 0.018423 0.480152 0.015279 0.020267
0 0.394133 0.430629 0.012625 0.016469
0 0.886163 0.102177 0.016907 0.021882
0 0.792445 0.264463 0.014316 0.019157
0 0.016111 0.058485 0.016099 0.017967
0 0.235283 0.502493 0.017161 0.023776
0 0.739950 0.989078 0.017620 0.017824
0 0.652565 0.600006 0.018417 0.021381
0 0.097907 0.480801 0.015718 0.023311
0 0.826384 0.007429 0.015017 0.013831
0 0.739558 0.587810 0.015320 0.018312
0 0.627620 0.100194 0.011648 0.013793
0 0.017864 0.894933 0.015749 0.019237
0 0.421266 0.661255 0.015402 0.020390
0 0.655703 0.532550 0.017999 0.022373
0 0.833562 0.249004 0.012675 0.016851
0 0.094901 0.917226 0.009820 0.013990
0 0.452901 0.262662 0.017886 0.023076
0 0.742718 0.506853 0.016474 0.019982
0 0.465821 0.338338 0.013948 0.019464
0 0.362431 0.953260 0.014632 0.017423
0 0.090164 0.850233 0.017434 0.024623
0 0.186520 0.335993 0.016091 0.020714
0 0.642375 0.373957 0.015796 0.020370
0 0.872056 0.056167 0.012926 0.018332
0 0.654063 0.831654 0.016041 0.020054
0 0.616297 0.114857 0.017681 0.021953
0 0.216998 0.291086 0.012290 0.017450
0 0.014985 0.093479 0.015224 0.018721
0 0.668886 0.803131 0.014298 0.016804
0 0.449011 0.007154 0.016237 0.012727
0 0.688052 0.128507 0.013723 0.018131
0 0.036984 0.878838 0.012918 0.016261
0 0.654628 0.603882 0.018209 0.022337
0 0.302333 0.545237 0.015170 0.017552
0 0.066812 0.482191 0.013313 0.016919
0 0.867892 0.626765 0.017907 0.021452
0 0.630318 0.080562 0.013340 0.016356
0 0.944789 0.198291 0.012570 0.015208
0 0.558429 0.449902 0.012331 0.018093
0 0.890145 0.987222 0.015416 0.018988
0 0.052229 0.006302 0.013804 0.012467
0 0.064062 0.719252 0.016315 0.022340
0 0.843420 0.049411 0.015142 0.017700
0 0.744596 0.461190 0.011882 0.015442
0 0.427146 0.321980 0.013788 0.015691
0 0.829677 0.021942 0.012202 0.011954
0 0.783769 0.076374 0.016385 0.021148
0 0.252318 0.598938 0.016701 0.019764
0 0.018563 0.920446 0.011705 0.015916
0 0.733218 0.241409 0.017916 0.018612
0 0.349528 0.637566 0.014114 0.018187
0 0.699992 0.017852 0.015221 0.021479
0 0.710628 0.980006 0.011798 0.015364
0 0.520370 0.681819 0.015615 0.023942
0 0.413988 0.601342 0.012100 0.013898
0 0.423854 0.903213 0.012744 0.013944
0 0.324280 0.074141 0.010878 0.012733
0 0.332241 0.047194 0.014183 0.018497
0 0.365429 0.974847 0.016652 0.018126
0 0.400290 0.670534 0.015852 0.018608
0 0.635567 0.472925 0.011630 0.014461
0 0.627835 0.773409 0.018823 0.024097
0 0.495268 0.385537 0.014765 0.020318
0 0.542592 0.885020 0.014752 0.017727
0 0.222836 0.906233 0.011383 0.013277
0 0.236966 0.746498 0.013302 0.014193
0 0.946153 0.691812 0.011256 0.016762
0 0.220305 0.008531 0.012508 0.014672
0 0.333588 0.046074 0.019044 0.018605
0 0.625769 0.771201 0.018090 0.023723
0 0.686154 0.130710 0.016659 0.021982
0 0.642714 0.006855 0.013534 0.012310
