0 0.912157 0.883816 0.017008 0.020918
0 0.233104 0.555326 0.019473 0.022967
0 0.236516 0.742329 0.015141 0.020976
0 0.177743 0.845054 0.018384 0.022212
0 0.060578 0.145242 0.016967 0.022159
0 0.857240 0.211681 0.017391 0.022399
0 0.981657 0.294474 0.017872 0.021958
0 0.789483 0.874122 0.019402 0.023153
0 0.153904 0.896937 0.020824 0.024951
0 0.087094 0.504096 0.020264 0.024998
0 0.965901 0.839193 0.016900 0.020741
0 0.769481 0.207149 0.016742 0.020886
0 0.782887 0.181550 0.017727 0.025117
0 0.124618 0.910014 0.017943 0.023055
0 0.348500 0.885562 0.017840 0.022712
0 0.875066 0.874720 0.015926 0.019504
0 0.123229 0.796797 0.017579 0.022128
0 0.328173 0.141774 0.019421 0.023766
0 0.004610 0.190258 0.009220 0.022139
0 0.294958 0.659902 0.016932 0.021990
0 0.130498 0.165938 0.016603 0.018967
0 0.012326 0.836483 0.013985 0.018894
0 0.422742 0.160015 0.019556 0.021966
0 0.018406 0.664777 0.016545 0.022163
0 0.800873 0.153685 0.017889 0.021527
0 0.681722 0.210054 0.015532 0.020265
0 0.622645 0.098498 0.015493 0.019284
0 0.125100 0.203342 0.019011 0.023882
0 0.784315 0.841370 0.023204 0.024373
0 0.558502 0.176161 0.014444 0.018310
0 0.317357 0.030430 0.018229 0.022253
0 0.270999 0.409957 0.014555 0.017684
0 0.665983 0.190282 0.014857 0.019344
0 0.148263 0.627180 0.016796 0.021586
0 0.278680 0.587622 0.015813 0.018126
0 0.820649 0.449122 0.014041 0.019120
0 0.482281 0.780816 0.017577 0.022524
0 0.739857 0.959527 0.017098 0.020058
0 0.698431 0.817414 0.017923 0.024400
0 0.031235 0.819773 0.018392 0.021618
0 0.050650 0.682232 0.015733 0.018593
0 0.300571 0.150244 0.015676 0.017919
0 0.314043 0.418028 0.012735 0.015466
0 0.324065 0.970981 0.016868 0.019477
0 0.210895 0.736892 0.019254 0.021266
0 0.479769 0.466893 0.016182 0.021191
0 0.118163 0.696709 0.020394 0.025989
0 0.817526 0.449406 0.019319 0.021378
0 0.897195 0.370620 0.017197 0.021895
0 0.652656 0.256388 0.018645 0.024779
0 0.833794 0.982347 0.017212 0.021012
0 0.650619 0.252319 0.021642 0.032519
0 0.276487 0.307732 0.017806 0.022765
0 0.798855 0.226451 0.015700 0.019043
0 0.046928 0.413888 0.019370 0.022868
0 0.113149 0.028792 0.013484 0.017668
0 0.071684 0.172413 0.017243 0.021396
0 0.416605 0.447675 0.015910 0.018725
0 0.122356 0.385913 0.014653 0.019424
0 0.627367 0.263167 0.015981 0.021055
0 0.544114 0.651678 0.016452 0.018718
0 0.264442 0.617595 0.016822 0.023610
0 0.086443 0.875677 0.016187 0.019089
0 0.054595 0.074244 0.016859 0.021189
0 0.548590 0.147595 0.014425 0.016327
0 0.364775 0.251032 0.016788 0.022013
0 0.868322 0.634574 0.018048 0.020735
0 0.772970 0.233089 0.014931 0.018731
0 0.521846 0.409176 0.018201 0.022472
0 0.537224 0.712987 0.017928 0.020639
0 0.032265 0.866506 0.018024 0.022681
0 0.857683 0.060771 0.016213 0.020086
0 0.638034 0.445603 0.014292 0.017748
0 0.887864 0.316391 0.015945 0.020237
0 0.989649 0.241579 0.017893 0.017172
0 0.635058 0.506309 0.015675 0.021211
0 0.492299 0.082381 0.016651 0.018961
0 0.342037 0.304808 0.016582 0.021738
0 0.310154 0.396226 0.014455 0.018403
0 0.419115 0.035430 0.015745 0.020523
0 0.240443 0.409049 0.015155 0.019925
0 0.431470 0.666043 0.014164 0.018225
0 0.942792 0.205190 0.014262 0.018361
0 0.776101 0.030253 0.015651 0.016126
0 0.297835 0.285766 0.012167 0.015915
0 0.083193 0.948049 0.014458 0.020532
0 0.148805 0.945067 0.013343 0.017204
0 0.054223 0.109835 0.016231 0.017613
0 0.234675 0.736277 0.017545 0.026331
0 0.641144 0.297484 0.013392 0.017236
0 0.602889 0.150636 0.015150 0.018355
0 0.163143 0.024889 0.015065 0.016092
0 0.701903 0.816127 0.018155 0.022858
0 0.022056 0.179670 0.013759 0.019378
0 0.243297 0.579524 0.014698 0.021310
