0 0.624142 0.012050 0.017655 0.019835
0 0.550375 0.510925 0.021788 0.028362
0 0.412013 0.535250 0.017615 0.021987
0 0.264653 0.649375 0.016613 0.020181
0 0.242312 0.505435 0.019981 0.023853
0 0.362914 0.529918 0.018195 0.023440
0 0.193994 0.342380 0.017935 0.023962
0 0.719984 0.251549 0.016952 0.023101
0 0.975286 0.860675 0.020356 0.024236
0 0.206264 0.305391 0.021765 0.025641
0 0.536008 0.470218 0.019226 0.023933
0 0.160278 0.007101 0.017066 0.014201
0 0.244565 0.663482 0.020488 0.022886
0 0.691461 0.254049 0.022883 0.026733
0 0.286304 0.271582 0.017021 0.023035
0 0.705483 0.365481 0.020957 0.026104
0 0.436377 0.603110 0.018801 0.023450
0 0.974426 0.636757 0.019903 0.022663
0 0.678682 0.697302 0.020103 0.024294
0 0.851261 0.237352 0.018938 0.024372
0 0.391391 0.527434 0.015912 0.020680
0 0.747298 0.263969 0.017494 0.022590
0 0.319040 0.241769 0.019493 0.022269
0 0.133409 0.346465 0.019885 0.023199
0 0.983511 0.557910 0.020431 0.022491
0 0.903448 0.058690 0.020861 0.023431
0 0.469471 0.963519 0.017927 0.022109
0 0.831295 0.812394 0.021681 0.027847
0 0.882543 0.074638 0.019072 0.021518
0 0.951257 0.947233 0.019933 0.025194
0 0.326392 0.271957 0.017063 0.021045
0 0.976580 0.074931 0.020193 0.023384
0 0.571839 0.469766 0.016748 0.022365
0 0.601573 0.853190 0.020041 0.023498
0 0.616640 0.051606 0.018411 0.022681
0 0.096741 0.467042 0.018112 0.021521
0 0.377762 0.011924 0.014758 0.018652
0 0.654933 0.813050 0.021494 0.025292
0 0.312123 0.089429 0.018413 0.019888
0 0.546420 0.298492 0.019419 0.023102
0 0.687602 0.749125 0.018732 0.023733
0 0.530851 0.527400 0.017459 0.021678
0 0.243934 0.369569 0.015540 0.020194
0 0.067335 0.372921 0.017750 0.020739
0 0.414739 0.135950 0.017175 0.022494
0 0.258861 0.076931 0.020212 0.021604
0 0.112361 0.012873 0.019078 0.022203
0 0.416630 0.841113 0.018090 0.022844
0 0.306063 0.869519 0.020296 0.024968
0 0.783247 0.810778 0.022149 0.027700
0 0.754546 0.638365 0.019077 0.025593
0 0.987826 0.761706 0.019213 0.022802
0 0.340648 0.792683 0.019028 0.022530
0 0.506583 0.726702 0.016860 0.021133
0 0.594969 0.168143 0.023545 0.024907
0 0.994682 0.621591 0.010636 0.022098
0 0.316978 0.549678 0.018229 0.022838
0 0.422604 0.231826 0.017729 0.024283
0 0.205554 0.436068 0.018785 0.022724
0 0.036935 0.372421 0.017436 0.020937
0 0.415130 0.448176 0.018936 0.023101
0 0.367455 0.152726 0.018023 0.020763
0 0.134211 0.096511 0.017978 0.022091
0 0.285591 0.362616 0.019280 0.023662
0 0.352416 0.465339 0.015129 0.019549
0 0.140974 0.431682 0.016249 0.019875
0 0.786616 0.715335 0.019989 0.021282
0 0.936075 0.436604 0.021072 0.024876
0 0.430718 0.741553 0.017350 0.021923
0 0.840348 0.556491 0.023104 0.028282
0 0.552595 0.896153 0.021062 0.023941
0 0.693736 0.045203 0.018439 0.025604
0 0.117527 0.307379 0.019180 0.022815
0 0.254978 0.909734 0.021465 0.027372
0 0.051738 0.403181 0.017001 0.020622
0 0.931045 0.754200 0.017910 0.020732
0 0.902542 0.159743 0.018093 0.022684
0 0.477888 0.199788 0.017517 0.021626
0 0.396641 0.586074 0.017645 0.020722
0 0.093712 0.859809 0.019481 0.023614
0 0.540237 0.427655 0.016878 0.020302
0 0.221111 0.356584 0.016039 0.021114
0 0.901479 0.719864 0.019009 0.022481
0 0.020558 0.516656 0.019829 0.023693
0 0.256766 0.101997 0.020433 0.021452
0 0.387292 0.851841 0.017760 0.023502
0 0.797364 0.617719 0.021760 0.023184
0 0.650751 0.738248 0.018829 0.021069
0 0.370247 0.646318 0.018469 0.021670
0 0.016155 0.674398 0.016896 0.019559
0 0.576138 0.072981 0.014321 0.017216
0 0.121258 0.221301 0.017115 0.022867
0 0.152780 0.564670 0.018114 0.022260
0 0.950425 0.163533 0.016446 0.020024
0 0.262757 0.536065 0.016788 0.019644
0 0.341503 0.842197 0.017247 0.020400
0 0.148513 0.024711 0.013361 0.016148
0 0.493066 0.577345 0.012423 0.015707
0 0.149490 0.563148 0.024808 0.024804
0 0.996857 0.517205 0.006285 0.023600
0 0.521023 0.791941 0.014307 0.017049
0 0.941777 0.993632 0.019545 0.012736
0 0.294737 0.983425 0.013023 0.014063
0 0.940773 0.994562 0.019821 0.010876
0 0.554408 0.483255 0.013857 0.018875
