0 0.100975 0.875561 0.022828 0.026990
0 0.933619 0.891770 0.028378 0.024553
0 0.494208 0.216866 0.023422 0.027292
0 0.673690 0.807548 0.022738 0.025745
0 0.274791 0.742914 0.018347 0.029356
0 0.981813 0.639388 0.019836 0.023431
0 0.192985 0.723431 0.028466 0.035734
0 0.350596 0.302149 0.017999 0.022017
0 0.989935 0.547269 0.019465 0.024366
0 0.049266 0.989667 0.019157 0.016747
0 0.169612 0.898619 0.018995 0.024388
0 0.972852 0.794236 0.019773 0.023233
0 0.316636 0.159528 0.018424 0.021895
0 0.989478 0.296066 0.018961 0.023941
0 0.678445 0.761902 0.020610 0.025060
0 0.491882 0.152170 0.019724 0.026454
0 0.787222 0.243808 0.020226 0.023600
0 0.282215 0.038251 0.017390 0.024674
0 0.897074 0.424401 0.020446 0.023896
0 0.701829 0.240928 0.023785 0.028868
0 0.410877 0.791232 0.020415 0.025479
0 0.813597 0.669531 0.022412 0.026086
0 0.249254 0.558821 0.019903 0.026369
0 0.603720 0.053014 0.020922 0.026473
0 0.087690 0.975152 0.020259 0.021726
0 0.748902 0.781315 0.019982 0.025884
0 0.136618 0.282372 0.020783 0.024317
0 0.024269 0.038330 0.019680 0.023111
0 0.087156 0.310172 0.020329 0.025366
0 0.781860 0.384324 0.022247 0.024103
0 0.102264 0.508527 0.019378 0.023185
0 0.601557 0.500530 0.021584 0.024888
0 0.929693 0.975858 0.020489 0.021368
0 0.408394 0.734629 0.016573 0.019254
0 0.442349 0.551592 0.019491 0.024752
0 0.530056 0.412478 0.021085 0.024384
0 0.325914 0.858449 0.023786 0.024441
0 0.810237 0.880648 0.022928 0.026599
0 0.913198 0.449061 0.019486 0.025878
0 0.117776 0.959412 0.018090 0.023605
0 0.898710 0.289324 0.022531 0.027568
0 0.268498 0.681220 0.018662 0.024079
0 0.618667 0.733924 0.020811 0.024696
0 0.234022 0.889230 0.017919 0.023245
0 0.771335 0.547210 0.021413 0.025189
0 0.143183 0.743644 0.017585 0.023130
0 0.270351 0.168792 0.020996 0.025712
0 0.989701 0.908932 0.018995 0.025292
0 0.317044 0.338391 0.019888 0.021710
0 0.884134 0.880011 0.019589 0.022780
0 0.421066 0.359683 0.017903 0.020264
0 0.488555 0.039101 0.018919 0.022484
0 0.561562 0.157405 0.016210 0.019631
0 0.542037 0.972023 0.020623 0.022784
0 0.943262 0.652235 0.019708 0.022998
0 0.412647 0.896382 0.020246 0.025173
0 0.040880 0.606211 0.017895 0.022219
0 0.242663 0.767405 0.017909 0.020131
0 0.451261 0.953803 0.021057 0.024933
0 0.307237 0.373059 0.031041 0.034813
0 0.881139 0.641966 0.019138 0.023010
0 0.985764 0.881201 0.017912 0.019969
0 0.455898 0.319942 0.017917 0.023273
0 0.413896 0.707737 0.017995 0.022464
0 0.563149 0.131347 0.019872 0.023466
0 0.129882 0.921576 0.020189 0.023171
0 0.081504 0.159876 0.016981 0.023687
0 0.485862 0.258266 0.016480 0.020986
0 0.950057 0.688598 0.017998 0.023292
0 0.879646 0.192341 0.018679 0.022789
0 0.039647 0.186132 0.020986 0.024497
0 0.763308 0.707344 0.019252 0.023077
0 0.912375 0.120981 0.019965 0.027574
0 0.119847 0.140739 0.017950 0.022663
0 0.443299 0.674103 0.018520 0.023265
0 0.525715 0.263536 0.020267 0.024317
0 0.621429 0.160729 0.019081 0.024317
0 0.814269 0.323963 0.018046 0.022928
0 0.834657 0.237476 0.018136 0.022523
0 0.377720 0.323838 0.018148 0.023426
0 0.812902 0.287131 0.019969 0.025034
0 0.609702 0.359248 0.018289 0.021683
0 0.331886 0.246055 0.020729 0.023482
0 0.546641 0.710031 0.021004 0.022430
0 0.278553 0.582540 0.015895 0.019941
0 0.681658 0.476382 0.020935 0.023792
0 0.550392 0.532048 0.017440 0.021326
0 0.784444 0.214166 0.017439 0.020862
0 0.556835 0.660925 0.019599 0.023221
0 0.815499 0.091235 0.017430 0.026237
0 0.056249 0.422368 0.019751 0.023366
0 0.318650 0.269233 0.019082 0.023995
0 0.141853 0.009314 0.015752 0.016844
0 0.162672 0.525157 0.023512 0.020520
0 0.348709 0.537420 0.016864 0.021505
0 0.740482 0.359284 0.016944 0.021394
0 0.484648 0.485669 0.018110 0.022339
0 0.018306 0.843023 0.015265 0.019723
0 0.251725 0.746663 0.016178 0.021877
0 0.591607 0.009430 0.016004 0.015748
0 0.003807 0.701624 0.007614 0.022723
0 0.748248 0.071798 0.018036 0.022054
0 0.264830 0.054061 0.016547 0.022309
0 0.437549 0.467872 0.022699 0.021956
0 0.572249 0.080606 0.023437 0.027706
0 0.407533 0.343339 0.013256 0.015845
0 0.996727 0.245900 0.006546 0.019953
0 0.574859 0.078067 0.019394 0.026003
0 0.572751 0.083206 0.019855 0.023600
