0 0.123109 0.162865 0.019641 0.024951
0 0.631224 0.948215 0.019192 0.024286
0 0.282445 0.385966 0.018736 0.022799
0 0.118060 0.490408 0.016499 0.021125
0 0.070472 0.039836 0.019373 0.021764
0 0.478112 0.911460 0.016551 0.019838
0 0.383576 0.647872 0.016117 0.020604
0 0.749955 0.182543 0.018615 0.022610
0 0.129940 0.233998 0.016895 0.022115
0 0.758043 0.945724 0.016847 0.019980
0 0.839583 0.537407 0.016997 0.020437
0 0.481818 0.131755 0.020206 0.025056
0 0.045244 0.500070 0.016867 0.020718
0 0.569934 0.048505 0.015370 0.019245
0 0.010148 0.660308 0.016880 0.020655
0 0.825345 0.574355 0.014768 0.018482
0 0.748581 0.854242 0.019126 0.023233
0 0.536993 0.590150 0.017264 0.019913
0 0.817289 0.869491 0.017745 0.022678
0 0.387333 0.089446 0.015448 0.020488
0 0.036294 0.935063 0.016411 0.022857
0 0.514992 0.967915 0.019787 0.026242
0 0.190558 0.249456 0.015229 0.019434
0 0.448330 0.018683 0.016760 0.019058
0 0.752791 0.051083 0.017126 0.020465
0 0.070397 0.076012 0.018583 0.024312
0 0.011085 0.090842 0.017064 0.019329
0 0.466041 0.679142 0.016798 0.022165
0 0.209007 0.980412 0.015475 0.018967
0 0.810125 0.266306 0.018138 0.021779
0 0.819812 0.009889 0.016656 0.017398
0 0.616780 0.655396 0.016750 0.020734
0 0.377274 0.803620 0.021401 0.023642
0 0.430644 0.113545 0.017312 0.020734
0 0.363350 0.851507 0.020128 0.022885
0 0.805952 0.631017 0.017803 0.021528
0 0.253621 0.472543 0.020109 0.024261
0 0.077042 0.920411 0.017878 0.022181
0 0.256267 0.959558 0.016220 0.019935
0 0.209843 0.934394 0.017438 0.019952
0 0.716235 0.538907 0.018268 0.023462
0 0.853887 0.898507 0.016552 0.021271
0 0.779023 0.799073 0.015887 0.019810
0 0.976206 0.242501 0.020370 0.023171
0 0.306160 0.825594 0.017945 0.021952
0 0.977878 0.710696 0.019557 0.022934
0 0.521035 0.295324 0.018103 0.024197
0 0.659620 0.679135 0.017120 0.021310
0 0.688531 0.694157 0.017096 0.021827
0 0.019744 0.059352 0.016871 0.019856
0 0.490452 0.873969 0.017770 0.022015
0 0.511471 0.591191 0.014962 0.020860
0 0.588953 0.665071 0.015423 0.023471
0 0.322241 0.104054 0.018924 0.023367
0 0.808807 0.702424 0.015902 0.020557
0 0.187289 0.971159 0.018053 0.022043
0 0.805007 0.766559 0.018759 0.021243
0 0.679903 0.141033 0.019053 0.025652
0 0.133250 0.131390 0.017443 0.021394
0 0.286942 0.018224 0.016072 0.023152
0 0.548530 0.075096 0.016365 0.020750
0 0.222437 0.642367 0.015951 0.021681
0 0.933609 0.894921 0.015301 0.018218
0 0.732879 0.973166 0.016471 0.019032
0 0.750345 0.566862 0.018838 0.022062
0 0.047872 0.070849 0.017136 0.021203
0 0.807589 0.405706 0.016895 0.021663
0 0.131222 0.756831 0.017729 0.021629
0 0.235466 0.500082 0.019501 0.022056
0 0.647425 0.061217 0.017440 0.023931
0 0.821304 0.897799 0.016455 0.021701
0 0.852305 0.514967 0.017649 0.023857
0 0.309083 0.011470 0.013602 0.019462
0 0.787286 0.655797 0.016472 0.021239
0 0.971085 0.875622 0.019302 0.025579
0 0.311327 0.036497 0.016490 0.021714
0 0.950855 0.509325 0.015831 0.019684
0 0.882278 0.102768 0.017046 0.021572
0 0.037240 0.472199 0.015521 0.018896
0 0.908654 0.136647 0.015441 0.020235
0 0.845910 0.020962 0.009921 0.013911
0 0.217450 0.229513 0.016790 0.020322
0 0.728896 0.942358 0.016105 0.017810
0 0.648549 0.363124 0.016521 0.020326
0 0.555292 0.333545 0.016986 0.020584
0 0.532628 0.435897 0.017274 0.020306
0 0.327891 0.809327 0.015044 0.019935
0 0.369217 0.640755 0.014024 0.019981
0 0.841111 0.948238 0.016369 0.019137
0 0.565062 0.668008 0.015873 0.021850
0 0.052319 0.433586 0.019295 0.024194
0 0.208631 0.904021 0.016016 0.024580
0 0.419257 0.658787 0.015900 0.019804
0 0.958415 0.550411 0.014668 0.015836
0 0.265082 0.509240 0.015899 0.021413
0 0.660632 0.607049 0.014441 0.024552
0 0.452228 0.262831 0.017532 0.021288
0 0.373669 0.043248 0.014376 0.017689
0 0.841315 0.048095 0.014570 0.017744
0 0.426812 0.511820 0.015773 0.017023
0 0.273259 0.453699 0.018242 0.020930
0 0.110786 0.543177 0.016862 0.022136
0 0.659138 0.827254 0.016713 0.021649
0 0.704558 0.587223 0.017105 0.022397
0 0.220552 0.009675 0.012981 0.015639
0 0.996521 0.385759 0.006957 0.018066
0 0.425016 0.009310 0.015436 0.017351
0 0.400633 0.668351 0.015205 0.019402
0 0.177036 0.893555 0.017010 0.022199
0 0.031668 0.131695 0.016514 0.020821
0 0.206016 0.321992 0.014788 0.017121
0 0.687005 0.136468 0.017981 0.024783
0 0.097375 0.016491 0.011634 0.018950
0 0.696059 0.012255 0.015256 0.020649
0 0.465729 0.338360 0.014016 0.017748
0 0.822655 0.082439 0.014630 0.017200
0 0.015620 0.892921 0.015453 0.020363
0 0.609546 0.351467 0.016904 0.021559
0 0.082554 0.697779 0.017145 0.019498
0 0.611700 0.111280 0.015596 0.020919
0 0.369748 0.972121 0.014664 0.018507
0 0.813651 0.046548 0.015190 0.021018
0 0.633123 0.763608 0.020136 0.024629
0 0.462039 0.134198 0.014378 0.020534
0 0.805696 0.988732 0.013859 0.017234
0 0.851928 0.670465 0.017231 0.019645
0 0.978472 0.970869 0.013516 0.017988
0 0.463236 0.867781 0.012485 0.018347
0 0.044267 0.901237 0.014529 0.020543
0 0.501993 0.718164 0.012285 0.015731
0 0.419460 0.039293 0.018182 0.021543
0 0.541090 0.978234 0.014233 0.017120
0 0.674523 0.990455 0.017959 0.015697
0 0.628861 0.089942 0.015231 0.016738
0 0.683639 0.139226 0.024014 0.028481
0 0.817315 0.969694 0.015750 0.018298
0 0.076280 0.665161 0.015278 0.018799
0 0.329341 0.045602 0.013801 0.018352
0 0.036106 0.877949 0.013451 0.017321
0 0.737774 0.251048 0.015744 0.019128
0 0.248950 0.937077 0.011941 0.013068
0 0.115720 0.908819 0.015328 0.019918
0 0.725242 0.091231 0.014091 0.017442
0 0.296587 0.099359 0.015778 0.020280
0 0.586898 0.247088 0.012719 0.015364
0 0.320749 0.550738 0.015250 0.020774
0 0.073752 0.473209 0.012417 0.014722
0 0.099752 0.475123 0.015149 0.019770
0 0.746284 0.501350 0.013067 0.015862
0 0.866242 0.623007 0.016152 0.020900
0 0.364142 0.949902 0.014354 0.017885
0 0.014871 0.220349 0.013932 0.015826
0 0.635504 0.767506 0.016642 0.018192
0 0.445132 0.180047 0.012334 0.017195
0 0.887517 0.989841 0.015229 0.016063
0 0.087728 0.847929 0.014956 0.018545
0 0.334046 0.015831 0.017266 0.025432
0 0.148197 0.074073 0.014448 0.018428
0 0.052141 0.108077 0.015274 0.019456
0 0.643302 0.006973 0.012580 0.013835
0 0.949145 0.198749 0.011366 0.017456
0 0.996917 0.648146 0.006166 0.021256
0 0.264313 0.588649 0.015975 0.022059
0 0.709068 0.980001 0.013367 0.013442
0 0.739517 0.588928 0.014280 0.021076
0 0.041224 0.305261 0.011021 0.015060
0 0.782124 0.275876 0.012637 0.018137
0 0.835699 0.909171 0.011087 0.015421
0 0.290843 0.011712 0.014860 0.021603
0 0.515303 0.673841 0.016312 0.020920
0 0.348841 0.038134 0.016465 0.021890
0 0.779232 0.077774 0.015287 0.017001
