0 0.701361 0.264873 0.017627 0.023574
0 0.558192 0.518913 0.022279 0.029961
0 0.164240 0.012102 0.019114 0.021062
0 0.212883 0.313061 0.020417 0.023499
0 0.218889 0.339716 0.018033 0.019544
0 0.452459 0.549870 0.019301 0.024715
0 0.545446 0.480303 0.017500 0.021576
0 0.295734 0.154146 0.018754 0.022782
0 0.904908 0.769578 0.020610 0.023354
0 0.387488 0.106863 0.017133 0.021800
0 0.230528 0.363548 0.015827 0.021306
0 0.015032 0.725950 0.017104 0.020795
0 0.421004 0.843150 0.017868 0.020844
0 0.269927 0.628690 0.019009 0.024205
0 0.420460 0.145193 0.017306 0.022225
0 0.849813 0.562547 0.021092 0.027089
0 0.248855 0.377895 0.016585 0.021182
0 0.436659 0.742421 0.017472 0.021209
0 0.390144 0.962599 0.018114 0.022046
0 0.624345 0.060084 0.017943 0.022994
0 0.397366 0.230111 0.017509 0.022471
0 0.780221 0.776768 0.019030 0.023716
0 0.579647 0.475170 0.017654 0.022714
0 0.271182 0.660544 0.019696 0.022903
0 0.474027 0.882556 0.019068 0.022343
0 0.680354 0.115177 0.016447 0.021080
0 0.490330 0.918644 0.018855 0.025548
0 0.728449 0.249641 0.017930 0.024086
0 0.359622 0.472913 0.016081 0.020525
0 0.503637 0.053075 0.015640 0.019884
0 0.409728 0.119330 0.017814 0.021325
0 0.139429 0.357776 0.017292 0.020934
0 0.681132 0.282213 0.018165 0.021260
0 0.451895 0.058731 0.015786 0.019979
0 0.685891 0.705531 0.019065 0.023677
0 0.794425 0.822320 0.022659 0.025337
0 0.981223 0.855714 0.019141 0.022456
0 0.900115 0.719168 0.020690 0.023737
0 0.334845 0.280480 0.016053 0.020760
0 0.931290 0.928504 0.021678 0.025962
0 0.430352 0.241808 0.016918 0.020562
0 0.250323 0.515106 0.018818 0.022640
0 0.584013 0.117088 0.016042 0.019608
0 0.984290 0.645940 0.018395 0.023402
0 0.926692 0.328341 0.020540 0.023916
0 0.690089 0.238191 0.017359 0.019318
0 0.422563 0.453567 0.016972 0.020550
0 0.889499 0.684423 0.019098 0.023089
0 0.317980 0.096418 0.017620 0.020848
0 0.104441 0.474129 0.018403 0.021772
0 0.145856 0.437615 0.016861 0.021097
0 0.695853 0.757476 0.019757 0.023573
0 0.521364 0.112469 0.015857 0.019968
0 0.421703 0.542118 0.019491 0.023980
0 0.549709 0.306255 0.018825 0.023183
0 0.107636 0.330700 0.018036 0.023968
0 0.296523 0.282512 0.016341 0.021737
0 0.491993 0.298823 0.018774 0.022290
0 0.141313 0.104524 0.017290 0.021852
0 0.445292 0.608105 0.017668 0.021674
0 0.604448 0.851140 0.022285 0.026493
0 0.322440 0.554403 0.019202 0.023565
0 0.487676 0.967533 0.018562 0.020435
0 0.700879 0.048811 0.017130 0.021230
0 0.456885 0.490297 0.018000 0.022078
0 0.411139 0.411443 0.019180 0.024562
0 0.992715 0.771170 0.014570 0.023267
0 0.384252 0.014480 0.015758 0.019545
0 0.866583 0.642511 0.019696 0.024187
0 0.957862 0.957214 0.019970 0.025490
0 0.909757 0.168086 0.018215 0.023078
0 0.777083 0.450314 0.019711 0.025219
0 0.139478 0.401091 0.017888 0.024139
0 0.213446 0.445836 0.016817 0.020150
0 0.957415 0.172454 0.016087 0.018442
0 0.056858 0.415191 0.016207 0.019311
0 0.395599 0.599873 0.016668 0.020785
0 0.943825 0.446496 0.020594 0.024650
0 0.530986 0.526603 0.016608 0.021086
0 0.799284 0.690212 0.016285 0.018991
0 0.284537 0.767384 0.014520 0.017443
0 0.227786 0.420576 0.016558 0.021606
0 0.376104 0.655605 0.017277 0.021243
0 0.161228 0.326416 0.015843 0.019847
0 0.344826 0.805384 0.017034 0.020277
0 0.601600 0.175322 0.017303 0.022147
0 0.685326 0.950719 0.019244 0.023161
0 0.213148 0.886304 0.018387 0.021530
0 0.548167 0.434115 0.016268 0.019007
0 0.808473 0.920835 0.020373 0.024626
0 0.758620 0.640856 0.020390 0.022080
0 0.312352 0.868383 0.018372 0.022150
0 0.034605 0.530169 0.017707 0.023172
0 0.158165 0.559207 0.017819 0.025444
0 0.952650 0.244255 0.017825 0.021903
0 0.513648 0.734400 0.017043 0.020514
0 0.228141 0.700459 0.016246 0.021029
0 0.049683 0.377426 0.018138 0.020128
0 0.128160 0.228201 0.018098 0.023162
0 0.995976 0.122649 0.008049 0.022630
0 0.638221 0.699247 0.016046 0.019925
0 0.912769 0.053777 0.019187 0.027140
0 0.292554 0.122239 0.016498 0.018923
0 0.395654 0.861517 0.015349 0.019092
0 0.003354 0.801695 0.006709 0.015320
0 0.779036 0.069700 0.016775 0.020000
0 0.269957 0.624364 0.020741 0.031422
0 0.154917 0.565830 0.019240 0.021558
0 0.612978 0.579018 0.017071 0.019922
0 0.957037 0.143301 0.016720 0.019851
0 0.265360 0.108957 0.019560 0.022357
0 0.266738 0.106415 0.017746 0.019779
0 0.438438 0.234157 0.015030 0.019561
0 0.433583 0.238712 0.022437 0.025867
0 0.564749 0.489990 0.012856 0.017325
0 0.002826 0.632975 0.005652 0.018656
