0 0.484263 0.098154 0.015537 0.019453
0 0.613524 0.674345 0.016819 0.020778
0 0.522088 0.257234 0.019877 0.025619
0 0.624437 0.944657 0.017583 0.024954
0 0.279620 0.383706 0.020810 0.025690
0 0.033343 0.931526 0.015106 0.021352
0 0.815127 0.871153 0.018422 0.022717
0 0.133777 0.175306 0.021195 0.024545
0 0.723207 0.228645 0.018765 0.022529
0 0.034770 0.188724 0.014894 0.020481
0 0.004465 0.675030 0.008930 0.019212
0 0.676686 0.261710 0.017209 0.020617
0 0.806403 0.846830 0.018364 0.019472
0 0.824902 0.794099 0.016576 0.021228
0 0.115097 0.488445 0.016744 0.021387
0 0.339879 0.338530 0.016429 0.022266
0 0.325662 0.100384 0.014859 0.018640
0 0.229340 0.710872 0.017163 0.022973
0 0.463885 0.675468 0.017410 0.022490
0 0.841207 0.344396 0.018260 0.024115
0 0.063676 0.202080 0.015191 0.019272
0 0.336303 0.602348 0.018280 0.024468
0 0.417568 0.555495 0.014544 0.017847
0 0.130219 0.231365 0.015564 0.020390
0 0.511623 0.963831 0.024760 0.029695
0 0.058022 0.538323 0.016071 0.019822
0 0.320706 0.946259 0.018075 0.024657
0 0.661978 0.942651 0.012658 0.016786
0 0.211883 0.225127 0.016525 0.019728
0 0.558394 0.943995 0.014712 0.020959
0 0.301849 0.053294 0.015207 0.018703
0 0.519984 0.292727 0.018486 0.022392
0 0.108717 0.952968 0.016931 0.021125
0 0.797883 0.696491 0.015836 0.019686
0 0.510091 0.130667 0.016113 0.018334
0 0.080515 0.349930 0.017019 0.019913
0 0.768092 0.951074 0.015901 0.019288
0 0.161325 0.460069 0.014768 0.019055
0 0.980296 0.707911 0.014412 0.015921
0 0.813371 0.667736 0.016241 0.020652
0 0.308313 0.017163 0.018552 0.023198
0 0.786738 0.936500 0.015485 0.018352
0 0.238763 0.956080 0.016048 0.019288
0 0.924874 0.661755 0.013884 0.016851
0 0.728414 0.922853 0.015568 0.021776
0 0.429641 0.889908 0.018160 0.022009
0 0.606887 0.646519 0.015347 0.018513
0 0.063247 0.232230 0.017595 0.019636
0 0.129929 0.116671 0.015061 0.018626
0 0.016554 0.046647 0.015190 0.020297
0 0.101886 0.034441 0.012733 0.016183
0 0.565182 0.884198 0.016316 0.020193
0 0.869521 0.353380 0.017794 0.019176
0 0.092542 0.677324 0.016721 0.019566
0 0.069432 0.919683 0.016423 0.019450
0 0.249211 0.105180 0.012592 0.018587
0 0.795571 0.963382 0.015095 0.018834
0 0.325809 0.821883 0.016018 0.018716
0 0.652570 0.971867 0.013514 0.018130
0 0.242463 0.468970 0.020016 0.022305
0 0.453571 0.771253 0.018072 0.023875
0 0.233841 0.423122 0.012282 0.017080
0 0.089223 0.803887 0.017367 0.020886
0 0.933587 0.893499 0.013693 0.019123
0 0.737586 0.548164 0.015065 0.018978
0 0.104687 0.467875 0.016368 0.022707
0 0.360107 0.013260 0.015560 0.021399
0 0.527821 0.102443 0.016310 0.020879
0 0.826053 0.617013 0.015318 0.020232
0 0.328232 0.038233 0.014831 0.018105
0 0.268768 0.110406 0.013946 0.018153
0 0.004837 0.623022 0.009674 0.017798
0 0.054343 0.534729 0.017826 0.023717
0 0.048016 0.893773 0.012630 0.017327
0 0.463613 0.335463 0.013692 0.016083
0 0.996249 0.811931 0.007503 0.024533
0 0.384418 0.437429 0.013916 0.016721
0 0.844014 0.531960 0.013907 0.015862
0 0.837200 0.882961 0.014374 0.019537
0 0.018125 0.212217 0.012050 0.014962
0 0.988652 0.639067 0.016739 0.020662
0 0.268870 0.081893 0.013406 0.018041
0 0.038800 0.970750 0.017456 0.020890
0 0.854323 0.943880 0.015119 0.022357
0 0.385078 0.083960 0.015569 0.023500
0 0.978420 0.333030 0.015917 0.021996
0 0.189468 0.206481 0.013588 0.015966
0 0.340794 0.011034 0.015760 0.020305
0 0.226231 0.203102 0.012876 0.018249
0 0.904061 0.132331 0.013929 0.018337
0 0.701308 0.447246 0.013656 0.018325
0 0.288513 0.978351 0.015933 0.014487
0 0.007855 0.182857 0.012808 0.014580
0 0.984295 0.150898 0.017476 0.021282
0 0.095584 0.677071 0.018325 0.019673
0 0.816898 0.037865 0.013555 0.016512
0 0.330938 0.912532 0.015094 0.020223
0 0.380871 0.650538 0.014435 0.017174
0 0.693325 0.918372 0.014630 0.020264
0 0.582041 0.958274 0.014329 0.016448
0 0.810051 0.095548 0.014215 0.018507
0 0.802642 0.057618 0.013683 0.018810
0 0.215376 0.421870 0.014912 0.018479
0 0.070418 0.455803 0.011189 0.014347
0 0.626250 0.979549 0.012252 0.013949
0 0.010228 0.899605 0.013033 0.018765
0 0.703338 0.688678 0.014802 0.019875
0 0.311331 0.078968 0.016618 0.023453
0 0.509635 0.787909 0.014930 0.018613
0 0.450007 0.257893 0.015812 0.019177
0 0.530662 0.433640 0.014916 0.018187
0 0.003321 0.762234 0.006643 0.014347
0 0.927583 0.204278 0.014831 0.017298
0 0.132233 0.491368 0.011944 0.017396
0 0.011408 0.023622 0.013813 0.016730
0 0.995380 0.957867 0.009239 0.020152
0 0.570292 0.627210 0.013918 0.017186
0 0.584513 0.672199 0.014060 0.018205
0 0.221624 0.483337 0.014716 0.016058
0 0.662498 0.632655 0.012396 0.016560
