0 0.418857 0.992207 0.017109 0.014246
0 0.498833 0.683949 0.016757 0.020362
0 0.281404 0.452021 0.018978 0.023291
0 0.312782 0.014584 0.015184 0.021660
0 0.049323 0.904136 0.013960 0.017099
0 0.812832 0.644465 0.017386 0.022037
0 0.638353 0.956110 0.019693 0.024427
0 0.315711 0.040809 0.016731 0.020998
0 0.488723 0.131074 0.018716 0.025328
0 0.863619 0.582519 0.018930 0.022118
0 0.858822 0.034865 0.015757 0.018311
0 0.519612 0.966441 0.023203 0.026611
0 0.645514 0.696970 0.015470 0.018634
0 0.292625 0.025806 0.016808 0.020340
0 0.256949 0.465219 0.020571 0.024500
0 0.789942 0.651150 0.018289 0.021596
0 0.756807 0.936969 0.019539 0.026104
0 0.122792 0.492414 0.017252 0.022685
0 0.050453 0.078968 0.017602 0.023560
0 0.384604 0.655933 0.015213 0.019257
0 0.677002 0.701221 0.018359 0.023093
0 0.632046 0.177229 0.021991 0.032298
0 0.661375 0.045748 0.016804 0.021368
0 0.740018 0.589617 0.015715 0.020306
0 0.992125 0.780589 0.015700 0.020185
0 0.473510 0.677273 0.016622 0.020908
0 0.192519 0.563737 0.018946 0.021881
0 0.008239 0.854633 0.016411 0.020089
0 0.510684 0.313775 0.019380 0.022471
0 0.817316 0.989442 0.016552 0.017007
0 0.113711 0.287025 0.017496 0.020499
0 0.738457 0.225976 0.017535 0.020925
0 0.286223 0.387348 0.018564 0.022455
0 0.659357 0.679087 0.016716 0.020185
0 0.820632 0.872900 0.018071 0.022003
0 0.677665 0.615934 0.016636 0.024447
0 0.785571 0.081156 0.017634 0.025180
0 0.620589 0.717080 0.018067 0.021707
0 0.711933 0.585044 0.016801 0.020823
0 0.758708 0.051589 0.018387 0.022826
0 0.256040 0.944573 0.018585 0.021107
0 0.284512 0.884738 0.016147 0.018935
0 0.504039 0.095884 0.015318 0.020365
0 0.789873 0.442843 0.017197 0.020030
0 0.090756 0.176481 0.016823 0.021971
0 0.791195 0.922403 0.016187 0.019910
0 0.400985 0.009109 0.014839 0.014438
0 0.427538 0.708333 0.018286 0.023152
0 0.120591 0.172869 0.021945 0.026320
0 0.952966 0.551692 0.017109 0.021644
0 0.372963 0.640893 0.014626 0.017692
0 0.458119 0.262570 0.018033 0.021341
0 0.422936 0.149825 0.017724 0.020790
0 0.919382 0.142825 0.018031 0.021553
0 0.754340 0.570656 0.018364 0.023508
0 0.021260 0.075390 0.018614 0.019902
0 0.538867 0.438012 0.017084 0.020699
0 0.066908 0.049781 0.018713 0.023578
0 0.822297 0.966717 0.017254 0.020414
0 0.393308 0.084392 0.016649 0.019925
0 0.424880 0.036190 0.019752 0.027397
0 0.941599 0.892268 0.015264 0.018872
0 0.680022 0.991917 0.018362 0.014855
0 0.508400 0.753382 0.019237 0.024838
0 0.440522 0.664997 0.015994 0.019743
0 0.222039 0.231593 0.016705 0.021706
0 0.519922 0.796515 0.011973 0.016664
0 0.462632 0.580046 0.018327 0.021544
0 0.618818 0.428360 0.015628 0.021115
0 0.073354 0.077487 0.014925 0.021367
0 0.399927 0.035169 0.016545 0.018921
0 0.858187 0.675877 0.018701 0.023351
0 0.689551 0.286051 0.015479 0.019657
0 0.881713 0.723586 0.018959 0.023277
0 0.826570 0.284500 0.020023 0.022648
0 0.137734 0.234536 0.018020 0.023423
0 0.541776 0.083607 0.015617 0.018136
0 0.082460 0.858594 0.018534 0.021773
0 0.407559 0.940746 0.015799 0.019891
0 0.618844 0.876753 0.019580 0.023529
0 0.022175 0.894303 0.016046 0.020927
0 0.792985 0.787891 0.017451 0.021979
0 0.041903 0.935764 0.015834 0.024284
0 0.310833 0.832667 0.016309 0.021204
0 0.196300 0.522950 0.019584 0.023216
0 0.893203 0.990399 0.016820 0.016928
0 0.852683 0.761792 0.016709 0.020847
0 0.657075 0.887592 0.016864 0.020487
0 0.948468 0.220775 0.014983 0.018034
0 0.825222 0.588553 0.016414 0.020882
0 0.014892 0.506696 0.017464 0.021729
0 0.849050 0.064843 0.016647 0.019490
0 0.348275 0.898378 0.019566 0.024020
0 0.507607 0.361914 0.017921 0.020354
0 0.216770 0.326237 0.016777 0.021508
0 0.612718 0.113208 0.017266 0.021959
0 0.130150 0.708673 0.016934 0.022322
0 0.351833 0.039548 0.015633 0.019346
0 0.650701 0.080106 0.015834 0.019966
0 0.722313 0.559150 0.017766 0.020212
0 0.414757 0.969610 0.013065 0.013344
0 0.330455 0.101701 0.016037 0.022837
0 0.791911 0.288753 0.014940 0.019197
0 0.966581 0.234943 0.012633 0.015012
0 0.684010 0.032973 0.015596 0.018497
0 0.230307 0.647629 0.017740 0.019694
0 0.042736 0.878672 0.012803 0.014903
0 0.421819 0.008072 0.014579 0.014450
0 0.846282 0.955144 0.016062 0.021809
0 0.552812 0.806333 0.017019 0.021918
0 0.888146 0.955394 0.016735 0.020088
0 0.336822 0.565968 0.014805 0.019396
0 0.301032 0.105150 0.015742 0.019360
0 0.595414 0.894495 0.012140 0.015148
0 0.075967 0.111788 0.017371 0.023211
0 0.811235 0.061512 0.015479 0.027344
0 0.861792 0.554557 0.019139 0.022906
0 0.097534 0.562608 0.018136 0.021735
0 0.041544 0.582681 0.019138 0.023753
0 0.555771 0.413451 0.017960 0.022644
0 0.340438 0.712071 0.016622 0.019611
0 0.364847 0.950596 0.015006 0.017482
0 0.004159 0.040256 0.008318 0.019461
0 0.753683 0.886641 0.012408 0.014768
0 0.489282 0.741372 0.014791 0.018327
0 0.501007 0.393129 0.017851 0.021769
0 0.047119 0.115768 0.018789 0.021449
0 0.479400 0.319539 0.014470 0.019234
0 0.083952 0.377447 0.018257 0.020566
0 0.237788 0.805745 0.017879 0.022355
0 0.338620 0.018786 0.016983 0.023330
0 0.495601 0.958417 0.012064 0.014619
0 0.370966 0.971917 0.015782 0.019249
0 0.467049 0.140548 0.016473 0.021383
0 0.879520 0.058986 0.012670 0.017529
0 0.656698 0.588395 0.018984 0.023600
0 0.909718 0.111993 0.017070 0.023918
0 0.714626 0.486272 0.012283 0.014472
0 0.670530 0.866429 0.015171 0.018301
0 0.996637 0.343658 0.006725 0.021134
0 0.508826 0.150236 0.012515 0.015926
0 0.183937 0.309788 0.012986 0.016388
0 0.288263 0.703721 0.013820 0.017345
0 0.485861 0.465543 0.011979 0.014763
0 0.404558 0.225682 0.013631 0.016974
0 0.204142 0.652789 0.014587 0.020486
0 0.223852 0.009819 0.013130 0.016334
0 0.125531 0.119642 0.012752 0.016717
0 0.759588 0.988250 0.010269 0.012552
0 0.996650 0.818126 0.006699 0.016323
0 0.439250 0.377588 0.016693 0.017325
0 0.829523 0.039098 0.010621 0.013852
0 0.629006 0.230004 0.013047 0.016170
0 0.942502 0.372766 0.012466 0.015830
0 0.916579 0.979081 0.010362 0.013889
0 0.004785 0.183462 0.009554 0.014630
0 0.228293 0.274681 0.015114 0.014203
0 0.817064 0.618204 0.011060 0.012638
0 0.363333 0.325127 0.013096 0.015368
0 0.333984 0.050331 0.014481 0.023389
0 0.241576 0.749362 0.012359 0.016887
0 0.150550 0.652717 0.012892 0.013489
0 0.996847 0.953576 0.006306 0.022428
0 0.595842 0.521360 0.013181 0.018109
0 0.475936 0.539692 0.012666 0.017262
0 0.016778 0.565570 0.014707 0.017374
0 0.394660 0.819507 0.013903 0.016977
0 0.658138 0.280090 0.013483 0.021001
0 0.028343 0.133370 0.013500 0.015997
0 0.460665 0.858333 0.016673 0.018590
0 0.699062 0.504933 0.011914 0.016273
0 0.769919 0.378046 0.011891 0.014302
0 0.995530 0.308470 0.008406 0.018048
0 0.839319 0.005542 0.016269 0.011083
0 0.404693 0.362020 0.011728 0.013869
0 0.657537 0.275394 0.013334 0.018195
