0 0.556957 0.515304 0.021910 0.028687
0 0.420563 0.585944 0.018966 0.023604
0 0.770770 0.447408 0.024420 0.029770
0 0.210417 0.311178 0.020846 0.024587
0 0.254066 0.131005 0.015764 0.019648
0 0.578321 0.474250 0.017456 0.023473
0 0.251841 0.670701 0.019688 0.023707
0 0.163396 0.010196 0.019028 0.018973
0 0.991793 0.768209 0.016415 0.026048
0 0.210546 0.442889 0.018288 0.021195
0 0.697238 0.262615 0.021921 0.025294
0 0.335203 0.132460 0.018840 0.022993
0 0.726980 0.254469 0.018930 0.023994
0 0.542176 0.488549 0.017705 0.021819
0 0.270920 0.658229 0.016334 0.020328
0 0.101734 0.474756 0.019201 0.024213
0 0.421608 0.842907 0.017717 0.023247
0 0.228377 0.362199 0.016234 0.020607
0 0.444080 0.607707 0.018260 0.022738
0 0.357678 0.471511 0.016445 0.020467
0 0.404999 0.523248 0.017115 0.021406
0 0.198754 0.346171 0.019485 0.023090
0 0.451633 0.960517 0.019232 0.026502
0 0.686285 0.954973 0.019993 0.025494
0 0.981210 0.643790 0.020199 0.024226
0 0.436315 0.742625 0.017923 0.021976
0 0.677483 0.113547 0.017857 0.022660
0 0.125265 0.227320 0.018037 0.025388
0 0.792325 0.819118 0.019480 0.023833
0 0.770548 0.832117 0.017499 0.023554
0 0.895310 0.804549 0.022164 0.026295
0 0.332202 0.280992 0.015870 0.019933
0 0.546572 0.306217 0.018716 0.022954
0 0.373720 0.654721 0.017204 0.020637
0 0.247593 0.375845 0.016737 0.021474
0 0.346839 0.254438 0.016980 0.021719
0 0.247718 0.513154 0.019569 0.023852
0 0.420522 0.454114 0.016849 0.020568
0 0.372948 0.446513 0.017654 0.025669
0 0.624354 0.056090 0.018313 0.022869
0 0.287689 0.908846 0.019833 0.023259
0 0.980206 0.855437 0.019915 0.023729
0 0.489513 0.300089 0.017053 0.021433
0 0.534142 0.529415 0.015990 0.020514
0 0.684608 0.701706 0.021171 0.025821
0 0.422104 0.543475 0.017938 0.022922
0 0.756538 0.770977 0.018227 0.021853
0 0.382655 0.016456 0.016234 0.019823
0 0.839761 0.711347 0.019907 0.022249
0 0.941470 0.442189 0.020201 0.023972
0 0.904107 0.720520 0.016581 0.021888
0 0.129714 0.330417 0.015011 0.018140
0 0.364956 0.085354 0.016798 0.021438
0 0.144532 0.435043 0.017096 0.020954
0 0.419805 0.143301 0.016941 0.021378
0 0.846891 0.559108 0.022706 0.028655
0 0.465574 0.057061 0.016510 0.020667
0 0.545921 0.431311 0.016485 0.020561
0 0.883556 0.704307 0.017416 0.021641
0 0.216444 0.412603 0.017493 0.021627
0 0.139489 0.102790 0.017047 0.022438
0 0.426814 0.239536 0.017379 0.020284
0 0.461356 0.893967 0.018653 0.023685
0 0.876848 0.380600 0.020031 0.024498
0 0.699033 0.049023 0.019620 0.021480
0 0.755448 0.636890 0.020499 0.021820
0 0.347163 0.801017 0.017429 0.021146
0 0.218723 0.853662 0.015577 0.019234
0 0.605777 0.849754 0.020191 0.024566
0 0.072830 0.375769 0.016885 0.022053
0 0.024920 0.527028 0.018881 0.021964
0 0.693277 0.754676 0.019083 0.024799
0 0.539873 0.127179 0.015113 0.018871
0 0.667718 0.247496 0.016234 0.020377
0 0.994071 0.123554 0.011859 0.022989
0 0.163825 0.570877 0.016324 0.020017
0 0.250508 0.169816 0.018622 0.022215
0 0.956588 0.170308 0.013529 0.018303
0 0.170046 0.941052 0.017173 0.020386
0 0.313430 0.096101 0.016897 0.021182
0 0.600343 0.175371 0.018990 0.023271
0 0.394126 0.132989 0.017396 0.021994
0 0.719950 0.105870 0.016021 0.020351
0 0.375929 0.627922 0.016263 0.019101
0 0.632258 0.321062 0.016735 0.021084
0 0.486702 0.965305 0.016413 0.020561
0 0.956181 0.954532 0.020460 0.025585
0 0.138384 0.356624 0.017323 0.021139
0 0.322722 0.556961 0.021162 0.023870
0 0.041892 0.377295 0.015965 0.019055
0 0.988217 0.401034 0.020064 0.023680
0 0.191335 0.737291 0.016329 0.020372
0 0.479754 0.125088 0.015028 0.019250
0 0.559128 0.660384 0.016938 0.022232
0 0.056845 0.413471 0.015676 0.020224
0 0.512324 0.731711 0.016354 0.020779
0 0.294471 0.280077 0.016754 0.022275
0 0.937450 0.173974 0.016001 0.020251
0 0.908776 0.165248 0.017591 0.021984
0 0.266000 0.104888 0.016897 0.018656
0 0.150708 0.567346 0.012870 0.020269
0 0.393844 0.859016 0.016976 0.020720
0 0.105154 0.428275 0.018891 0.021470
0 0.910529 0.063198 0.020807 0.023319
0 0.992038 0.267684 0.014242 0.018227
0 0.431376 0.238232 0.023039 0.020051
0 0.004402 0.235800 0.008791 0.016165
0 0.438432 0.236347 0.010703 0.016318
0 0.581041 0.078012 0.012788 0.016753
0 0.264233 0.106644 0.021163 0.020716
0 0.561826 0.482779 0.014997 0.020238
0 0.607322 0.608112 0.013263 0.018796
0 0.539817 0.125040 0.018576 0.021929
