0 0.324994 0.268784 0.015075 0.018652
0 0.582663 0.048673 0.017691 0.022889
0 0.443578 0.314519 0.017198 0.020030
0 0.237344 0.554202 0.018791 0.024331
0 0.591510 0.776681 0.027123 0.027441
0 0.771867 0.209877 0.017966 0.018924
0 0.208595 0.748082 0.015473 0.019853
0 0.772856 0.380155 0.021314 0.023950
0 0.313799 0.957799 0.017520 0.020243
0 0.239033 0.741979 0.015832 0.020118
0 0.432010 0.351620 0.020760 0.023330
0 0.130647 0.911541 0.018146 0.021889
0 0.951255 0.787740 0.019246 0.024074
0 0.074370 0.305376 0.019831 0.024905
0 0.915329 0.884611 0.017450 0.021979
0 0.103121 0.312365 0.016842 0.021827
0 0.796874 0.872997 0.019545 0.024272
0 0.866932 0.882221 0.018219 0.021003
0 0.113871 0.380441 0.018092 0.021860
0 0.042507 0.419528 0.015835 0.019228
0 0.471182 0.451278 0.019565 0.021582
0 0.357864 0.403644 0.017074 0.021951
0 0.470457 0.478657 0.016392 0.019776
0 0.009090 0.261675 0.017600 0.021510
0 0.317826 0.241917 0.017876 0.018847
0 0.638089 0.306662 0.018328 0.022254
0 0.442701 0.228612 0.018180 0.022679
0 0.126090 0.281098 0.021226 0.024619
0 0.441468 0.112688 0.019426 0.022510
0 0.756885 0.453738 0.018172 0.022763
0 0.780216 0.347346 0.017114 0.021851
0 0.263253 0.739008 0.016028 0.021612
0 0.563974 0.105231 0.017522 0.023089
0 0.062226 0.919541 0.017763 0.022004
0 0.156831 0.889028 0.020174 0.025429
0 0.613358 0.822585 0.018489 0.022095
0 0.900519 0.148520 0.021546 0.025969
0 0.933328 0.678027 0.017087 0.021168
0 0.866498 0.634014 0.019201 0.024311
0 0.643127 0.634470 0.018395 0.023101
0 0.642799 0.277455 0.017925 0.020647
0 0.092263 0.503400 0.019753 0.024026
0 0.454469 0.696210 0.017577 0.022953
0 0.879671 0.918394 0.016622 0.019633
0 0.481102 0.147879 0.018012 0.022436
0 0.433047 0.988598 0.016616 0.016605
0 0.836864 0.377650 0.017818 0.020098
0 0.334433 0.296795 0.017299 0.021059
0 0.044524 0.461456 0.015959 0.020782
0 0.903374 0.542083 0.017353 0.021258
0 0.320095 0.214250 0.018912 0.023977
0 0.886908 0.418213 0.019222 0.023501
0 0.016992 0.406806 0.016099 0.018224
0 0.304650 0.155514 0.018194 0.020803
0 0.606934 0.154455 0.016145 0.020158
0 0.776547 0.236035 0.017714 0.022313
0 0.311890 0.855101 0.018941 0.026809
0 0.072967 0.274385 0.017450 0.020591
0 0.369701 0.267395 0.015106 0.019033
0 0.525748 0.696400 0.017059 0.023335
0 0.978142 0.294842 0.019002 0.024418
0 0.009925 0.431395 0.015906 0.017728
0 0.333467 0.543269 0.018340 0.021844
0 0.296447 0.428163 0.021181 0.028076
0 0.541561 0.655055 0.017764 0.020660
0 0.184139 0.256121 0.017393 0.022071
0 0.238764 0.936901 0.018111 0.022650
0 0.022363 0.453236 0.017770 0.019829
0 0.888429 0.286820 0.022827 0.021655
0 0.822944 0.113977 0.020234 0.022639
0 0.337231 0.066104 0.020657 0.025005
0 0.196320 0.913743 0.018158 0.021160
0 0.993408 0.717369 0.013185 0.025104
0 0.434427 0.562966 0.015683 0.019449
0 0.029050 0.181335 0.018143 0.021949
0 0.932359 0.217665 0.018370 0.022376
0 0.519513 0.410146 0.019427 0.022160
0 0.288687 0.973850 0.016069 0.020991
0 0.004123 0.030843 0.008245 0.024993
0 0.430997 0.671715 0.017539 0.021992
0 0.098938 0.207427 0.014599 0.018425
0 0.266614 0.571146 0.014792 0.020693
0 0.802777 0.082920 0.016638 0.021769
0 0.118156 0.225806 0.021396 0.021957
0 0.743158 0.090727 0.019754 0.023464
0 0.553336 0.159493 0.015183 0.019681
0 0.177979 0.721161 0.029555 0.041806
0 0.302206 0.265025 0.017492 0.022571
0 0.074554 0.239040 0.019216 0.022433
0 0.267163 0.186059 0.015133 0.020482
0 0.478779 0.258739 0.013768 0.016727
0 0.090273 0.871678 0.019687 0.022105
0 0.993108 0.246336 0.013785 0.019410
0 0.641386 0.507201 0.018749 0.023194
0 0.897377 0.109380 0.019448 0.023980
0 0.393842 0.336068 0.013754 0.015781
