0 0.704125 0.272609 0.015711 0.021142
0 0.556784 0.524440 0.026680 0.035959
0 0.947104 0.989914 0.012811 0.015036
0 0.926333 0.773363 0.013907 0.017274
0 0.982900 0.649291 0.018066 0.022580
0 0.671344 0.114969 0.016655 0.020839
0 0.237220 0.315347 0.017578 0.026095
0 0.489766 0.459957 0.016851 0.023336
0 0.720373 0.254847 0.015232 0.021373
0 0.887090 0.706419 0.014764 0.018403
0 0.361379 0.925954 0.018357 0.024394
0 0.149631 0.443551 0.017416 0.021918
0 0.361051 0.825861 0.015453 0.019604
0 0.211297 0.322604 0.021108 0.027211
0 0.192783 0.663513 0.016279 0.020488
0 0.246228 0.906223 0.012895 0.015722
0 0.675891 0.962017 0.016923 0.020912
0 0.166818 0.021786 0.016869 0.021309
0 0.036733 0.348498 0.018847 0.021844
0 0.249829 0.387356 0.016354 0.020021
0 0.813748 0.936499 0.013795 0.017325
0 0.850178 0.934861 0.017818 0.019583
0 0.602458 0.860125 0.016906 0.022462
0 0.701490 0.737506 0.015554 0.021118
0 0.441384 0.406119 0.017723 0.020235
0 0.720982 0.748113 0.015642 0.020413
0 0.080289 0.251143 0.015749 0.019846
0 0.874472 0.247635 0.016093 0.020416
0 0.732188 0.984072 0.015244 0.018520
0 0.070746 0.282175 0.015555 0.017799
0 0.305461 0.580494 0.017781 0.021380
0 0.071405 0.342697 0.018489 0.023217
0 0.226471 0.635238 0.018271 0.031620
0 0.759325 0.708808 0.016861 0.022750
0 0.414198 0.090852 0.017768 0.021940
0 0.083245 0.911386 0.017439 0.022719
0 0.428137 0.427871 0.015643 0.019052
0 0.897194 0.470545 0.017313 0.019146
0 0.431559 0.753110 0.016917 0.020541
0 0.385519 0.845424 0.015267 0.020431
0 0.295925 0.127015 0.017427 0.022547
0 0.045261 0.385703 0.015619 0.020142
0 0.683261 0.286079 0.014470 0.021043
0 0.699871 0.764396 0.015483 0.019303
0 0.939997 0.810397 0.015597 0.019687
0 0.350106 0.734637 0.021207 0.022111
0 0.402225 0.237545 0.018426 0.022990
0 0.962460 0.619972 0.017487 0.020482
0 0.136460 0.361670 0.017036 0.021928
0 0.434454 0.903201 0.016217 0.020865
0 0.932665 0.878017 0.015346 0.019363
0 0.347698 0.809735 0.015328 0.020337
0 0.433622 0.244862 0.014992 0.019182
0 0.322197 0.424991 0.018671 0.022802
0 0.360490 0.646738 0.017908 0.023944
0 0.851433 0.990823 0.017971 0.016512
0 0.418064 0.856733 0.014587 0.019103
0 0.335054 0.290523 0.018053 0.021598
0 0.417726 0.549581 0.018401 0.023776
0 0.170207 0.495716 0.014574 0.017937
0 0.476839 0.304135 0.016399 0.020516
0 0.962788 0.179971 0.013566 0.017088
0 0.231473 0.368911 0.016202 0.021559
0 0.548250 0.684836 0.018497 0.020247
0 0.367820 0.008052 0.016432 0.013849
0 0.556775 0.312363 0.019603 0.024447
0 0.315168 0.010699 0.013823 0.016762
0 0.252926 0.930991 0.016925 0.021356
0 0.796194 0.822255 0.017706 0.022413
0 0.932825 0.679566 0.014923 0.018946
0 0.145133 0.113466 0.016217 0.020085
0 0.424452 0.155659 0.016519 0.022482
0 0.995743 0.776744 0.008513 0.021770
0 0.903150 0.774637 0.018389 0.023763
0 0.881590 0.149960 0.016862 0.020180
0 0.925651 0.987990 0.015102 0.017489
0 0.253549 0.520181 0.016652 0.020950
0 0.597960 0.185611 0.016898 0.019848
0 0.553531 0.356471 0.015649 0.018474
0 0.964341 0.466573 0.014406 0.018271
0 0.005578 0.839548 0.011156 0.024656
0 0.348240 0.544813 0.015103 0.020000
0 0.779683 0.456623 0.017719 0.026559
0 0.073722 0.178325 0.015814 0.019242
0 0.947542 0.342747 0.019037 0.022308
0 0.244872 0.675256 0.018022 0.019780
0 0.944896 0.790912 0.016363 0.018121
0 0.622221 0.647462 0.016483 0.020411
0 0.438196 0.619931 0.017753 0.021912
0 0.398128 0.343449 0.016977 0.018843
0 0.361140 0.468976 0.016235 0.019862
0 0.317205 0.098843 0.015727 0.019511
0 0.794919 0.945607 0.014798 0.018478
0 0.103900 0.467110 0.014268 0.016483
0 0.788717 0.503709 0.015827 0.018044
0 0.961780 0.969544 0.017515 0.024915
0 0.314675 0.555423 0.018123 0.021959
0 0.550207 0.440519 0.018031 0.021033
0 0.938629 0.755231 0.013343 0.019005
0 0.759104 0.522393 0.019051 0.021229
0 0.604079 0.839072 0.011345 0.012860
0 0.621435 0.060066 0.018306 0.022003
0 0.688359 0.713780 0.021998 0.021839
0 0.217615 0.451811 0.017637 0.020221
0 0.951455 0.748332 0.015113 0.020440
0 0.107522 0.645994 0.015318 0.017252
0 0.716204 0.907762 0.014345 0.016824
0 0.935218 0.441777 0.014568 0.016590
0 0.060651 0.421547 0.016035 0.018922
0 0.602749 0.961613 0.013413 0.017124
0 0.905017 0.731338 0.015578 0.019121
0 0.849776 0.570281 0.018075 0.022074
0 0.204836 0.551221 0.011951 0.015322
0 0.557813 0.981350 0.015706 0.016840
0 0.752572 0.652515 0.015526 0.019824
0 0.301260 0.048370 0.015790 0.020804
0 0.649840 0.519507 0.020323 0.023768
0 0.933330 0.321126 0.017265 0.019848
0 0.518192 0.742358 0.015211 0.018734
0 0.956864 0.288879 0.017455 0.024375
0 0.866816 0.800094 0.013626 0.016750
0 0.775695 0.709350 0.012544 0.018489
0 0.848685 0.333565 0.018234 0.023351
0 0.701741 0.249100 0.011020 0.014462
0 0.944677 0.456892 0.013964 0.017131
0 0.993139 0.162039 0.013413 0.018691
0 0.940771 0.480209 0.015711 0.019903
0 0.849241 0.932905 0.020840 0.024257
0 0.696990 0.058690 0.017070 0.020154
0 0.266418 0.116602 0.015280 0.018422
0 0.217139 0.784206 0.016210 0.019040
0 0.518395 0.420994 0.014576 0.018015
0 0.424868 0.467541 0.015152 0.017748
0 0.049042 0.363056 0.011975 0.014763
0 0.905159 0.450581 0.013942 0.014966
0 0.407821 0.844490 0.013690 0.016763
0 0.876728 0.392619 0.017249 0.020557
0 0.112610 0.544760 0.016533 0.023476
0 0.656054 0.105200 0.014133 0.019304
0 0.811143 0.067206 0.012086 0.013584
0 0.947474 0.989899 0.014978 0.018529
0 0.039167 0.548039 0.010296 0.013749
0 0.965219 0.150411 0.015829 0.019981
0 0.360107 0.471360 0.018753 0.023582
0 0.736285 0.986717 0.020769 0.020362
0 0.846865 0.925458 0.019429 0.033300
0 0.297000 0.284130 0.018143 0.018530
0 0.417853 0.754199 0.013162 0.019873
0 0.376210 0.296902 0.013293 0.016180
0 0.316520 0.557610 0.020779 0.026570
0 0.170527 0.497082 0.017265 0.021733
0 0.073966 0.350328 0.017395 0.020283
0 0.292161 0.561476 0.015392 0.020901
0 0.532327 0.533763 0.015392 0.020172
0 0.942741 0.752299 0.018660 0.023918
0 0.418634 0.445149 0.013726 0.015565
0 0.350991 0.484521 0.013595 0.017871
0 0.104712 0.465075 0.016817 0.019058
0 0.997059 0.132881 0.005882 0.020064
0 0.149675 0.018093 0.012430 0.021564
0 0.788800 0.821547 0.020444 0.022353
0 0.610966 0.303661 0.011965 0.014833
0 0.961380 0.965687 0.019630 0.031636
0 0.352788 0.483651 0.016082 0.020401
