0 0.559567 0.527455 0.023044 0.031152
0 0.491484 0.975987 0.016809 0.018048
0 0.308356 0.576753 0.015540 0.021074
0 0.420603 0.489931 0.018519 0.022301
0 0.214742 0.322093 0.019338 0.025953
0 0.984314 0.647170 0.017874 0.022302
0 0.376189 0.827362 0.017402 0.029834
0 0.251082 0.387140 0.015567 0.019543
0 0.031561 0.539017 0.016235 0.020612
0 0.578356 0.483242 0.016951 0.021036
0 0.946070 0.331666 0.017176 0.020796
0 0.419872 0.547576 0.018405 0.023413
0 0.484902 0.305046 0.016369 0.020899
0 0.270887 0.665773 0.019097 0.026045
0 0.398845 0.837239 0.017429 0.022757
0 0.451514 0.818001 0.018354 0.021023
0 0.380821 0.777929 0.016883 0.022284
0 0.404783 0.231857 0.017049 0.022555
0 0.794891 0.822598 0.019901 0.024921
0 0.219783 0.452518 0.017175 0.020410
0 0.797099 0.773408 0.016506 0.019722
0 0.706026 0.270686 0.015860 0.021644
0 0.962090 0.311697 0.016989 0.022891
0 0.514272 0.029158 0.020789 0.020711
0 0.514421 0.464202 0.014697 0.017446
0 0.968736 0.795223 0.015889 0.019274
0 0.440067 0.751897 0.017207 0.021773
0 0.145019 0.361881 0.018209 0.023602
0 0.379096 0.081836 0.019106 0.023722
0 0.756233 0.645514 0.017032 0.024740
0 0.864233 0.593777 0.015409 0.018355
0 0.979253 0.853596 0.017947 0.022174
0 0.961950 0.963834 0.018024 0.025616
0 0.948337 0.454147 0.016441 0.020906
0 0.440547 0.398029 0.019914 0.022330
0 0.701339 0.763235 0.016454 0.021528
0 0.238556 0.317177 0.017499 0.023830
0 0.232411 0.366485 0.017242 0.023945
0 0.353492 0.810212 0.015680 0.019634
0 0.678058 0.959939 0.016987 0.020522
0 0.254832 0.526702 0.018590 0.022389
0 0.159750 0.299226 0.014530 0.017752
0 0.578218 0.053231 0.014440 0.017386
0 0.163218 0.019244 0.022954 0.024915
0 0.382138 0.661900 0.016065 0.019502
0 0.685031 0.283457 0.015709 0.020208
0 0.051279 0.386235 0.016310 0.018064
0 0.742115 0.764979 0.016191 0.023161
0 0.299784 0.288028 0.016352 0.022082
0 0.914593 0.170071 0.018150 0.025195
0 0.902707 0.776040 0.020084 0.024423
0 0.371888 0.007479 0.016142 0.013978
0 0.850683 0.827002 0.019889 0.022444
0 0.145578 0.111833 0.017088 0.020524
0 0.603140 0.859855 0.019131 0.023611
0 0.325536 0.114967 0.017679 0.020737
0 0.781772 0.452618 0.019116 0.023592
0 0.184776 0.410379 0.016215 0.019095
0 0.629091 0.063452 0.018060 0.022585
0 0.767567 0.556124 0.017267 0.021710
0 0.561724 0.314819 0.019989 0.025691
0 0.415059 0.091976 0.020593 0.022892
0 0.855655 0.570020 0.017920 0.020306
0 0.072913 0.400690 0.019348 0.022456
0 0.966087 0.699744 0.016278 0.020255
0 0.325197 0.558623 0.016713 0.021888
0 0.528013 0.063696 0.015211 0.018486
0 0.271981 0.606275 0.014733 0.017373
0 0.117591 0.214098 0.016820 0.020833
0 0.290770 0.571394 0.014215 0.019157
0 0.805154 0.896885 0.016116 0.021099
0 0.340367 0.286619 0.015212 0.019032
0 0.141223 0.569962 0.018304 0.020325
0 0.011091 0.550302 0.014229 0.017728
0 0.492441 0.458148 0.014794 0.020816
0 0.292716 0.793790 0.016879 0.021150
0 0.610278 0.178572 0.016889 0.021040
0 0.429949 0.462775 0.017371 0.019560
0 0.210820 0.762381 0.017418 0.018807
0 0.435130 0.246169 0.015921 0.017807
0 0.425106 0.150273 0.017814 0.022512
0 0.363048 0.539789 0.016234 0.019119
0 0.863886 0.679391 0.018655 0.023516
0 0.556481 0.981104 0.016215 0.020525
0 0.550262 0.441613 0.014161 0.016861
0 0.690932 0.711948 0.016391 0.021198
0 0.138907 0.320656 0.016648 0.021187
0 0.017201 0.108373 0.014706 0.019101
0 0.683987 0.120565 0.017931 0.021324
0 0.903717 0.730578 0.017403 0.019852
0 0.019740 0.784791 0.013417 0.016113
0 0.075695 0.701073 0.014308 0.016138
0 0.440370 0.618394 0.017519 0.022007
0 0.504299 0.483725 0.015858 0.018982
0 0.151597 0.442380 0.015422 0.020098
0 0.366264 0.475292 0.019608 0.022215
0 0.725209 0.253145 0.016846 0.021888
0 0.995968 0.775947 0.008063 0.022372
0 0.299322 0.132058 0.017432 0.021337
0 0.265830 0.116490 0.017958 0.021941
0 0.708675 0.246143 0.011470 0.014649
0 0.705851 0.056432 0.017379 0.020329
0 0.176917 0.167819 0.013853 0.017617
0 0.059820 0.422098 0.015911 0.018679
0 0.519023 0.738960 0.016774 0.020638
0 0.659063 0.682080 0.012133 0.014152
0 0.536053 0.533647 0.015078 0.020187
0 0.580355 0.409918 0.014938 0.018391
0 0.924242 0.055295 0.016357 0.020886
0 0.296371 0.080746 0.013609 0.016609
0 0.859101 0.835189 0.017141 0.019533
0 0.077954 0.282590 0.018859 0.023165
0 0.942857 0.437399 0.013188 0.012709
0 0.996364 0.322483 0.007271 0.018261
0 0.675959 0.194840 0.011081 0.014020
0 0.950017 0.190587 0.010836 0.013766
0 0.437636 0.982204 0.017594 0.020362
0 0.963523 0.179775 0.013097 0.015534
0 0.143429 0.328113 0.013267 0.016445
0 0.971125 0.166036 0.010760 0.012354
0 0.247422 0.638176 0.014609 0.017004
0 0.355235 0.480919 0.010769 0.015877
0 0.435626 0.229922 0.015081 0.018389
0 0.854631 0.830521 0.024045 0.027225
0 0.733960 0.265387 0.013468 0.015526
0 0.435582 0.235268 0.016551 0.027809
0 0.732823 0.263173 0.015172 0.018756
0 0.402146 0.866932 0.013951 0.017221
0 0.150242 0.572062 0.016968 0.021209
0 0.997137 0.127801 0.005727 0.019380
0 0.357145 0.479446 0.014918 0.018582
0 0.898860 0.055748 0.015745 0.020130
0 0.008965 0.547470 0.016912 0.022412
0 0.965670 0.810490 0.012359 0.012144
0 0.003100 0.544866 0.006199 0.025914
0 0.769905 0.553031 0.019397 0.022244
