0 0.007290 0.764108 0.014428 0.020208
0 0.809455 0.905627 0.024462 0.028681
0 0.912587 0.883001 0.016646 0.021236
0 0.147431 0.913106 0.017581 0.021463
0 0.007470 0.826971 0.014940 0.023792
0 0.909430 0.327172 0.020107 0.024189
0 0.320701 0.347434 0.019165 0.022434
0 0.317998 0.391312 0.017350 0.021671
0 0.903081 0.369933 0.015862 0.020163
0 0.158351 0.885752 0.020506 0.025697
0 0.976884 0.483709 0.017761 0.022057
0 0.008452 0.733173 0.016469 0.020363
0 0.190386 0.899260 0.021627 0.026310
0 0.066911 0.230966 0.017924 0.023609
0 0.337087 0.236573 0.018533 0.025443
0 0.964094 0.816504 0.019989 0.024917
0 0.209347 0.741699 0.017123 0.019101
0 0.675071 0.403628 0.020451 0.024963
0 0.523843 0.930689 0.020226 0.025619
0 0.468261 0.630016 0.017937 0.021878
0 0.123843 0.911628 0.017142 0.024620
0 0.086193 0.507095 0.019958 0.024711
0 0.443137 0.311345 0.017181 0.021217
0 0.020059 0.282723 0.018796 0.022512
0 0.975661 0.289155 0.017661 0.024125
0 0.305455 0.027506 0.019303 0.022146
0 0.441326 0.382307 0.018908 0.021907
0 0.773305 0.234436 0.017404 0.021283
0 0.791198 0.252456 0.020175 0.025375
0 0.871872 0.874008 0.017310 0.019748
0 0.428190 0.668697 0.016609 0.020688
0 0.476584 0.046206 0.018590 0.021278
0 0.591338 0.199305 0.018215 0.022313
0 0.962210 0.539016 0.017270 0.020053
0 0.700208 0.212647 0.016536 0.020669
0 0.236744 0.738433 0.015185 0.022054
0 0.522678 0.405889 0.017559 0.021661
0 0.199010 0.762863 0.016519 0.019202
0 0.123686 0.796969 0.016275 0.021474
0 0.995005 0.069874 0.009991 0.023436
0 0.072584 0.891663 0.016514 0.020150
0 0.043284 0.413265 0.017468 0.021545
0 0.669312 0.049272 0.018146 0.024273
0 0.233453 0.552696 0.018922 0.024032
0 0.299543 0.256902 0.015424 0.020336
0 0.108394 0.651292 0.016563 0.021089
0 0.634848 0.033658 0.017115 0.021273
0 0.244217 0.455309 0.017433 0.021221
0 0.355943 0.540345 0.016556 0.019726
0 0.927358 0.216961 0.017575 0.020143
0 0.766240 0.420775 0.020004 0.024073
0 0.075528 0.303515 0.020329 0.023349
0 0.792572 0.866549 0.018902 0.022556
0 0.524593 0.683857 0.018744 0.024578
0 0.124133 0.279473 0.017975 0.023171
0 0.292852 0.644106 0.016291 0.021002
0 0.662915 0.292668 0.020425 0.024960
0 0.405375 0.385204 0.017731 0.020689
0 0.313633 0.984349 0.015906 0.019085
0 0.545070 0.655575 0.016744 0.018659
0 0.387548 0.057990 0.016172 0.021425
0 0.864399 0.627903 0.018569 0.023216
0 0.271635 0.759631 0.017529 0.020550
0 0.767826 0.208895 0.017407 0.019262
0 0.602203 0.150566 0.015744 0.019910
0 0.825979 0.982527 0.017405 0.022103
0 0.312966 0.275716 0.015242 0.017122
0 0.707037 0.312784 0.016499 0.019694
0 0.328582 0.787082 0.017908 0.021549
0 0.065549 0.137642 0.017771 0.022005
0 0.238248 0.090041 0.013182 0.016935
0 0.330882 0.293913 0.013973 0.019901
0 0.333519 0.412989 0.014827 0.019233
0 0.635250 0.504322 0.016874 0.020094
0 0.300141 0.709808 0.016977 0.020713
0 0.605544 0.308853 0.017068 0.020516
0 0.553219 0.147071 0.014630 0.018042
0 0.197215 0.091902 0.018409 0.022606
0 0.343084 0.139995 0.018588 0.023207
0 0.266162 0.574923 0.015898 0.019693
0 0.980243 0.564192 0.017252 0.021185
0 0.881517 0.420332 0.019278 0.025188
0 0.798933 0.081488 0.017526 0.018405
0 0.301710 0.152750 0.016539 0.020614
0 0.701778 0.645103 0.016636 0.020562
0 0.638853 0.297138 0.014762 0.017711
0 0.154799 0.097848 0.015437 0.018335
0 0.991727 0.247715 0.016242 0.019868
0 0.147252 0.288673 0.021090 0.023950
0 0.414441 0.556078 0.018012 0.020004
0 0.086065 0.869204 0.016874 0.020887
0 0.932905 0.679016 0.018045 0.020732
0 0.110889 0.985603 0.015681 0.017777
0 0.315572 0.242132 0.014432 0.019572
0 0.463632 0.142036 0.017740 0.020825
0 0.264468 0.735755 0.014505 0.018204
0 0.831385 0.233605 0.017129 0.022142
0 0.889479 0.898639 0.016680 0.021321
0 0.581878 0.953504 0.014760 0.019086
0 0.583289 0.931493 0.015005 0.017077
0 0.121980 0.679217 0.012978 0.016668
0 0.060779 0.184903 0.015238 0.022079
0 0.059579 0.181321 0.017224 0.023172
0 0.185342 0.007262 0.017577 0.013046
0 0.031755 0.177432 0.017172 0.022258
0 0.407068 0.536323 0.018087 0.022307
0 0.552274 0.007097 0.016003 0.013775
0 0.901287 0.104414 0.015259 0.019280
0 0.003426 0.020875 0.006840 0.029369
