0 0.812230 0.648653 0.017675 0.021971
0 0.050591 0.114635 0.017733 0.021919
0 0.501310 0.677015 0.016052 0.019720
0 0.475124 0.678767 0.018139 0.021314
0 0.864571 0.581886 0.019072 0.021658
0 0.788395 0.652575 0.018349 0.022335
0 0.519150 0.967315 0.023182 0.024952
0 0.122914 0.175121 0.020635 0.025949
0 0.488017 0.131953 0.017843 0.024780
0 0.914631 0.143496 0.016876 0.020806
0 0.314738 0.038737 0.015556 0.020110
0 0.758602 0.933394 0.019259 0.026514
0 0.424771 0.987137 0.017364 0.019328
0 0.281099 0.452204 0.018878 0.023255
0 0.662464 0.049631 0.017927 0.022180
0 0.256222 0.470044 0.020606 0.024715
0 0.827885 0.281792 0.020016 0.021798
0 0.066576 0.046837 0.019314 0.023819
0 0.644135 0.694700 0.015517 0.019085
0 0.079650 0.106409 0.016983 0.023213
0 0.751053 0.570886 0.017751 0.022148
0 0.857733 0.035107 0.016300 0.019012
0 0.638817 0.177455 0.022205 0.030238
0 0.050929 0.903366 0.014838 0.017763
0 0.442896 0.660541 0.015978 0.020129
0 0.820683 0.872349 0.017812 0.021839
0 0.123566 0.283794 0.016730 0.022235
0 0.285574 0.387776 0.018527 0.021779
0 0.660416 0.678417 0.017136 0.020379
0 0.741633 0.227797 0.018139 0.020816
0 0.048089 0.076378 0.019100 0.024399
0 0.637882 0.955010 0.020830 0.024260
0 0.502583 0.098617 0.015612 0.019801
0 0.505629 0.362136 0.017663 0.021241
0 0.122755 0.493253 0.017198 0.022127
0 0.762579 0.053636 0.019470 0.023404
0 0.137888 0.236341 0.016965 0.021250
0 0.300812 0.102977 0.016819 0.020276
0 0.293103 0.025950 0.016850 0.021305
0 0.397068 0.035322 0.016433 0.019302
0 0.296329 0.874178 0.017117 0.018509
0 0.992209 0.774113 0.015581 0.024060
0 0.816605 0.990184 0.016704 0.017132
0 0.399770 0.010506 0.014656 0.016952
0 0.538698 0.437420 0.017283 0.020217
0 0.447617 0.007286 0.015095 0.013322
0 0.041518 0.876781 0.013932 0.017387
0 0.843977 0.949819 0.017120 0.022208
0 0.217552 0.324065 0.017543 0.022157
0 0.431816 0.699731 0.017860 0.020694
0 0.795359 0.910728 0.016569 0.021091
0 0.394218 0.086789 0.015762 0.018813
0 0.101465 0.554991 0.019094 0.022832
0 0.714450 0.581933 0.016163 0.020026
0 0.682221 0.700723 0.018341 0.022462
0 0.424591 0.038218 0.020452 0.024998
0 0.940782 0.892482 0.015314 0.020051
0 0.545090 0.091214 0.015084 0.018335
0 0.790415 0.440450 0.017343 0.022142
0 0.510386 0.308395 0.019155 0.024128
0 0.472427 0.575766 0.016433 0.021073
0 0.840036 0.006883 0.017301 0.012659
0 0.221521 0.232559 0.018291 0.023242
0 0.091797 0.172234 0.017340 0.021308
0 0.619655 0.873227 0.018894 0.025133
0 0.314134 0.012501 0.015064 0.021294
0 0.347418 0.700449 0.014917 0.018561
0 0.019830 0.073060 0.019244 0.020319
0 0.426175 0.155907 0.017927 0.020580
0 0.654485 0.881303 0.016533 0.020640
0 0.354331 0.889706 0.019460 0.023653
0 0.723206 0.552198 0.018850 0.020959
0 0.677157 0.613637 0.018349 0.023340
0 0.202159 0.562693 0.017403 0.021305
0 0.625059 0.712165 0.018248 0.022290
0 0.016983 0.846507 0.017480 0.021095
0 0.385457 0.654601 0.015320 0.018596
0 0.372746 0.643117 0.014951 0.018545
0 0.458214 0.263630 0.018399 0.022453
0 0.309877 0.834000 0.017181 0.021349
0 0.020341 0.894807 0.017068 0.020596
0 0.623713 0.420452 0.017129 0.022000
0 0.821152 0.584185 0.017309 0.019683
0 0.793156 0.792457 0.018525 0.022232
0 0.952591 0.548156 0.019038 0.024023
0 0.552582 0.792404 0.017756 0.021687
0 0.099088 0.372400 0.018006 0.021367
0 0.087980 0.856176 0.018771 0.023104
0 0.662410 0.580338 0.019006 0.022988
0 0.856244 0.677232 0.018983 0.021690
0 0.330725 0.101146 0.017456 0.023460
0 0.813733 0.062081 0.014477 0.025443
0 0.345866 0.560494 0.014173 0.015903
0 0.842393 0.756550 0.016306 0.021353
0 0.679739 0.992543 0.017764 0.014500
0 0.041260 0.935767 0.016455 0.023018
0 0.885204 0.956550 0.016882 0.021843
0 0.004511 0.037671 0.009021 0.020512
0 0.259545 0.942601 0.017465 0.020823
0 0.879497 0.065100 0.013769 0.017634
0 0.821217 0.966553 0.016894 0.020868
0 0.201907 0.524198 0.019842 0.021893
0 0.466093 0.139214 0.016168 0.020790
0 0.894753 0.989896 0.016469 0.016475
0 0.134526 0.701958 0.018719 0.023131
0 0.144343 0.830083 0.012385 0.016611
0 0.651016 0.086421 0.016174 0.019722
0 0.558463 0.414391 0.018688 0.022725
0 0.863781 0.553043 0.019579 0.023209
0 0.421282 0.006585 0.015716 0.013058
0 0.848339 0.066699 0.017024 0.019327
0 0.784977 0.078644 0.017987 0.023417
0 0.443066 0.376558 0.015463 0.016486
0 0.051672 0.571833 0.017407 0.022165
0 0.675057 0.864781 0.016151 0.019854
0 0.816368 0.617129 0.012071 0.014481
0 0.885333 0.717379 0.019065 0.022867
0 0.234533 0.639593 0.017622 0.020898
0 0.910237 0.113770 0.017341 0.022162
0 0.153853 0.651654 0.013614 0.016039
0 0.790269 0.287926 0.015782 0.020153
0 0.011596 0.507722 0.017966 0.020479
0 0.330647 0.049309 0.014982 0.021517
0 0.696780 0.284476 0.017765 0.021264
0 0.759674 0.990946 0.011059 0.011885
0 0.380829 0.007280 0.015908 0.013427
0 0.071937 0.077334 0.015394 0.021637
0 0.207419 0.651846 0.015791 0.020443
0 0.995557 0.343644 0.008886 0.020450
0 0.025138 0.563430 0.013998 0.017251
0 0.610226 0.109716 0.017564 0.023663
0 0.412821 0.925464 0.015578 0.019407
0 0.372626 0.972480 0.015794 0.020322
0 0.687911 0.030493 0.016830 0.020540
0 0.409003 0.355064 0.012432 0.015208
0 0.365006 0.951183 0.014611 0.018336
0 0.512896 0.747431 0.018304 0.022195
0 0.348994 0.039766 0.015327 0.019934
0 0.324810 0.073904 0.011450 0.013780
0 0.336951 0.014602 0.016407 0.022748
0 0.237320 0.802166 0.017464 0.021382
0 0.130417 0.123214 0.013813 0.018268
0 0.487271 0.311420 0.013757 0.018991
0 0.184786 0.305890 0.013156 0.017016
0 0.946038 0.219757 0.013744 0.017137
0 0.996566 0.284536 0.006868 0.020312
0 0.740518 0.591957 0.016008 0.019240
0 0.085094 0.978745 0.011040 0.013813
0 0.996980 0.947051 0.006041 0.022646
0 0.760084 0.879494 0.012529 0.016521
0 0.500400 0.391356 0.017426 0.023074
0 0.230454 0.276348 0.015547 0.015718
0 0.033993 0.132413 0.014599 0.018588
0 0.825786 0.036076 0.011693 0.013325
0 0.515249 0.148167 0.012546 0.015286
0 0.626370 0.091712 0.010886 0.013971
0 0.416013 0.966227 0.013275 0.014131
0 0.224213 0.010140 0.012106 0.017360
0 0.597480 0.519447 0.012258 0.015646
0 0.733222 0.828598 0.013230 0.016246
0 0.961506 0.234443 0.011543 0.015365
0 0.718887 0.488392 0.012646 0.017336
0 0.925151 0.541279 0.011284 0.016536
0 0.490873 0.467113 0.012745 0.016794
0 0.397575 0.809630 0.014557 0.018627
0 0.887197 0.566931 0.011972 0.015550
0 0.362394 0.661314 0.013320 0.016821
0 0.632611 0.231833 0.011620 0.016122
0 0.021723 0.997612 0.017467 0.004775
0 0.407229 0.224214 0.011673 0.014516
0 0.474924 0.543894 0.013233 0.016365
0 0.493552 0.739106 0.012349 0.021243
