0 0.035409 0.934050 0.016112 0.021511
0 0.763917 0.947843 0.016874 0.021146
0 0.623430 0.945937 0.017864 0.023116
0 0.117766 0.488657 0.017361 0.023661
0 0.610627 0.617148 0.015758 0.019907
0 0.487712 0.157967 0.019095 0.024254
0 0.481539 0.875114 0.016112 0.021758
0 0.168797 0.428069 0.017721 0.023009
0 0.280663 0.384411 0.018784 0.024649
0 0.239986 0.886058 0.016356 0.020194
0 0.702554 0.136117 0.018135 0.022806
0 0.009588 0.661958 0.016452 0.020990
0 0.754543 0.809761 0.017547 0.021223
0 0.327119 0.811474 0.015898 0.019881
0 0.574350 0.110476 0.015596 0.020671
0 0.020676 0.074622 0.015021 0.021465
0 0.185347 0.942200 0.014622 0.017189
0 0.795345 0.611084 0.017631 0.021937
0 0.773557 0.199514 0.018746 0.023068
0 0.510910 0.962126 0.022030 0.027273
0 0.404310 0.761832 0.019444 0.022352
0 0.458786 0.045253 0.016647 0.020765
0 0.811412 0.279065 0.017816 0.020393
0 0.498631 0.856006 0.018460 0.021494
0 0.555325 0.561399 0.014322 0.018238
0 0.822982 0.522941 0.018040 0.021140
0 0.590007 0.646125 0.016070 0.021474
0 0.250971 0.470174 0.020381 0.024217
0 0.129385 0.233106 0.018278 0.024896
0 0.721512 0.526684 0.017631 0.021378
0 0.611402 0.063975 0.013563 0.015880
0 0.067735 0.039413 0.016735 0.021072
0 0.761159 0.466030 0.011989 0.014251
0 0.239812 0.269782 0.015379 0.019976
0 0.052435 0.337701 0.015509 0.019243
0 0.725632 0.898504 0.017773 0.023001
0 0.835252 0.500054 0.018474 0.020609
0 0.531614 0.573395 0.016468 0.019444
0 0.975732 0.238670 0.018228 0.022352
0 0.922451 0.988893 0.018349 0.018585
0 0.788013 0.747176 0.017665 0.021716
0 0.786172 0.653436 0.016408 0.020210
0 0.098163 0.040031 0.016230 0.020793
0 0.648944 0.676672 0.019291 0.021849
0 0.174537 0.176047 0.016672 0.019285
0 0.667187 0.335009 0.015551 0.019495
0 0.215594 0.227141 0.016082 0.018452
0 0.543835 0.935925 0.015076 0.018795
0 0.035190 0.813024 0.016202 0.020026
0 0.252650 0.505314 0.017803 0.022262
0 0.032724 0.323564 0.016687 0.020395
0 0.433216 0.808059 0.019858 0.024844
0 0.379679 0.651615 0.014536 0.020592
0 0.228909 0.938099 0.014849 0.017144
0 0.283291 0.606949 0.013734 0.019082
0 0.518912 0.294917 0.016430 0.020699
0 0.935302 0.888939 0.016024 0.019649
0 0.022160 0.129603 0.015123 0.018854
0 0.125274 0.169593 0.019393 0.024088
0 0.197385 0.877984 0.016260 0.020812
0 0.843078 0.857085 0.016781 0.017229
0 0.803358 0.055954 0.014125 0.017571
0 0.366115 0.642462 0.012786 0.018391
0 0.816267 0.867395 0.017873 0.023729
0 0.817865 0.970543 0.014730 0.020433
0 0.056368 0.150465 0.015907 0.021508
0 0.118419 0.544758 0.016033 0.020359
0 0.907918 0.137642 0.014790 0.019102
0 0.208497 0.925419 0.014841 0.019635
0 0.763538 0.739969 0.016173 0.022624
0 0.079628 0.923443 0.017177 0.021088
0 0.702102 0.896759 0.015869 0.020075
0 0.723936 0.091279 0.011968 0.014878
0 0.232894 0.007296 0.014949 0.011750
0 0.149632 0.689577 0.017333 0.020235
0 0.952870 0.508230 0.017494 0.020960
0 0.995257 0.375285 0.009485 0.021458
0 0.043725 0.071568 0.016441 0.019870
0 0.617431 0.971933 0.015072 0.017688
0 0.053703 0.417133 0.016971 0.018609
0 0.026532 0.626131 0.015102 0.018138
0 0.704343 0.933097 0.016777 0.020984
0 0.464417 0.675498 0.015804 0.020723
0 0.465702 0.336964 0.014699 0.017653
0 0.444542 0.152232 0.016324 0.019699
0 0.815860 0.026405 0.015414 0.019874
0 0.530793 0.436677 0.017016 0.021368
0 0.375874 0.053221 0.014313 0.018553
0 0.248693 0.862258 0.015437 0.018299
0 0.314064 0.052179 0.016667 0.019670
0 0.023928 0.209597 0.015117 0.017873
0 0.062905 0.596139 0.018561 0.021440
0 0.253407 0.959287 0.014881 0.018964
0 0.805481 0.402286 0.017165 0.020809
0 0.742401 0.920376 0.017090 0.021532
0 0.842511 0.555700 0.015332 0.019762
0 0.976705 0.658642 0.018492 0.020465
0 0.946620 0.967893 0.018477 0.023411
0 0.739712 0.073587 0.019437 0.021669
0 0.032627 0.282097 0.016236 0.020903
0 0.831863 0.086352 0.013247 0.017591
0 0.364236 0.973509 0.014195 0.017943
0 0.994343 0.621782 0.011314 0.022209
0 0.458376 0.496319 0.012637 0.014689
0 0.042828 0.898037 0.014661 0.017986
0 0.320977 0.093598 0.019448 0.023613
0 0.304439 0.827074 0.016114 0.020226
0 0.648435 0.092934 0.016589 0.018629
0 0.691836 0.660319 0.015393 0.020432
0 0.670697 0.750826 0.015394 0.017150
0 0.385701 0.086219 0.015500 0.019869
0 0.657456 0.964060 0.014529 0.020409
0 0.706670 0.579450 0.015458 0.017512
0 0.745191 0.564829 0.016860 0.020282
0 0.306606 0.490826 0.014931 0.017544
0 0.823661 0.905433 0.011538 0.012908
0 0.274212 0.883408 0.012864 0.015322
0 0.810325 0.672069 0.015235 0.019774
0 0.426821 0.010251 0.015354 0.017498
0 0.857695 0.591291 0.017126 0.022068
0 0.794391 0.893092 0.015296 0.021615
0 0.519741 0.530778 0.015713 0.017815
0 0.453532 0.262424 0.017715 0.022654
0 0.796986 0.966093 0.014776 0.018515
0 0.934077 0.827071 0.018526 0.022303
0 0.331465 0.044260 0.015475 0.017956
0 0.662845 0.604438 0.014345 0.016776
0 0.996870 0.812566 0.006259 0.022999
0 0.286660 0.019158 0.014121 0.017135
0 0.706301 0.977276 0.012202 0.015144
0 0.470496 0.411909 0.011718 0.014867
0 0.737486 0.588817 0.012592 0.017662
0 0.306307 0.031029 0.015241 0.017278
0 0.051202 0.696350 0.013770 0.017753
0 0.284953 0.462962 0.013982 0.020353
0 0.772519 0.802164 0.011431 0.015480
0 0.886539 0.989132 0.014377 0.016271
0 0.661715 0.125293 0.012502 0.017506
0 0.664743 0.778050 0.014601 0.018915
0 0.228983 0.991290 0.013368 0.013782
0 0.639310 0.336290 0.016289 0.020446
0 0.221114 0.691451 0.015250 0.021314
0 0.704161 0.126179 0.017203 0.022634
0 0.701101 0.021561 0.013921 0.017501
0 0.572837 0.621042 0.015181 0.018740
0 0.183368 0.021301 0.013492 0.011898
0 0.049469 0.110407 0.011615 0.018735
0 0.012314 0.893010 0.015872 0.021490
0 0.994326 0.335456 0.010462 0.016781
0 0.214299 0.964413 0.016454 0.019989
0 0.003824 0.984939 0.007649 0.020016
0 0.027542 0.182616 0.015258 0.017852
0 0.236830 0.114647 0.013725 0.017364
0 0.864371 0.123253 0.012741 0.016844
0 0.628127 0.725839 0.015337 0.018975
0 0.297567 0.096035 0.013544 0.018667
0 0.411005 0.669501 0.012324 0.016513
0 0.642072 0.252430 0.013029 0.015892
0 0.005901 0.689143 0.011337 0.016705
0 0.393933 0.088750 0.012502 0.020155
0 0.091508 0.463882 0.010986 0.016852
0 0.422552 0.034792 0.015112 0.020704
0 0.208595 0.932578 0.015903 0.023710
0 0.994983 0.908010 0.010035 0.016989
0 0.820079 0.873439 0.018000 0.020721
0 0.003614 0.072396 0.007228 0.019886
0 0.735188 0.976502 0.011137 0.014524
0 0.128212 0.027924 0.011459 0.015222
0 0.057818 0.325077 0.013539 0.017100
0 0.974647 0.205304 0.011713 0.014163
0 0.591747 0.326180 0.013891 0.019242
