0 0.983802 0.291842 0.018041 0.023011
0 0.843999 0.662314 0.020260 0.025718
0 0.538116 0.109412 0.018953 0.024874
0 0.386945 0.359406 0.023091 0.023833
0 0.781286 0.240104 0.017910 0.020812
0 0.140159 0.770795 0.018736 0.022591
0 0.661386 0.614287 0.018111 0.020866
0 0.959818 0.306747 0.019057 0.023394
0 0.359522 0.301787 0.014663 0.020720
0 0.297348 0.072155 0.020414 0.022168
0 0.216991 0.752912 0.015900 0.018985
0 0.288986 0.434047 0.018282 0.021604
0 0.390072 0.574088 0.017240 0.020498
0 0.245491 0.744434 0.014732 0.019215
0 0.243656 0.557035 0.017821 0.023142
0 0.045313 0.081241 0.018041 0.021910
0 0.096305 0.507066 0.018943 0.024215
0 0.922307 0.886658 0.017219 0.021425
0 0.803960 0.873950 0.019714 0.025209
0 0.891394 0.288961 0.023292 0.021312
0 0.659764 0.737931 0.018900 0.021957
0 0.077762 0.306179 0.020389 0.023974
0 0.676454 0.634428 0.021819 0.028510
0 0.591837 0.332199 0.017880 0.021806
0 0.914113 0.798194 0.019279 0.024242
0 0.482586 0.352626 0.018482 0.022429
0 0.269770 0.741174 0.016041 0.021238
0 0.410542 0.381897 0.017190 0.022026
0 0.312373 0.264420 0.018508 0.024645
0 0.092859 0.871399 0.022627 0.026217
0 0.421709 0.760434 0.018710 0.021445
0 0.916335 0.281003 0.017777 0.023900
0 0.645242 0.310683 0.017551 0.024297
0 0.775907 0.381294 0.019384 0.021309
0 0.199555 0.326711 0.021209 0.026493
0 0.960224 0.510186 0.019458 0.023520
0 0.873378 0.879464 0.018194 0.023429
0 0.449664 0.317015 0.016195 0.020927
0 0.549476 0.658955 0.016472 0.020583
0 0.560208 0.119762 0.016585 0.021336
0 0.749334 0.561419 0.016348 0.020081
0 0.164503 0.897741 0.021709 0.025386
0 0.873663 0.636572 0.017900 0.023818
0 0.262221 0.420554 0.015919 0.020751
0 0.311610 0.158810 0.017575 0.021538
0 0.902120 0.111762 0.021601 0.026200
0 0.531319 0.696719 0.019564 0.022730
0 0.326211 0.242352 0.018746 0.022571
0 0.185172 0.238137 0.017481 0.021597
0 0.777918 0.212576 0.015779 0.018562
0 0.655025 0.250146 0.020351 0.026058
0 0.698423 0.288690 0.018531 0.023804
0 0.319362 0.858146 0.021218 0.026648
0 0.485524 0.150072 0.016754 0.022291
0 0.047800 0.421664 0.015886 0.020731
0 0.107908 0.470541 0.019024 0.020277
0 0.436285 0.673442 0.018121 0.023738
0 0.135234 0.740250 0.018108 0.022747
0 0.129165 0.287271 0.019717 0.024330
0 0.360782 0.645157 0.016924 0.022868
0 0.202564 0.277298 0.015509 0.018755
0 0.191906 0.853476 0.020670 0.022372
0 0.186975 0.719279 0.027273 0.035967
0 0.937392 0.684285 0.017676 0.021718
0 0.612203 0.155301 0.016196 0.019600
0 0.339341 0.300508 0.016272 0.021271
0 0.238162 0.683772 0.016676 0.021718
0 0.349245 0.128052 0.018516 0.021141
0 0.270028 0.574016 0.014779 0.019334
0 0.118416 0.548982 0.020477 0.024324
0 0.294855 0.650672 0.016894 0.019022
0 0.912960 0.910506 0.016174 0.020035
0 0.208048 0.873893 0.017684 0.024084
0 0.713426 0.823987 0.019964 0.026067
0 0.343202 0.176971 0.017006 0.021009
0 0.491225 0.282868 0.017845 0.021878
0 0.403755 0.485082 0.017853 0.022295
0 0.808534 0.089017 0.016322 0.019701
0 0.340093 0.643863 0.014453 0.021747
0 0.477733 0.482594 0.016595 0.020236
0 0.524071 0.411577 0.022334 0.025247
0 0.723633 0.574594 0.018538 0.023508
0 0.888529 0.421279 0.020179 0.025187
0 0.039818 0.180938 0.019552 0.024747
0 0.962044 0.159356 0.018848 0.023719
0 0.558053 0.160111 0.015468 0.018066
0 0.006180 0.031038 0.012360 0.023135
0 0.607182 0.122825 0.016883 0.020192
0 0.067326 0.603736 0.017937 0.022365
0 0.346730 0.386833 0.014478 0.019417
0 0.392580 0.165687 0.016108 0.020157
0 0.482374 0.261192 0.015549 0.020538
0 0.034909 0.223821 0.017097 0.020094
0 0.437991 0.076444 0.015567 0.018465
0 0.896395 0.892875 0.015858 0.019482
0 0.297830 0.369008 0.026508 0.029766
0 0.568355 0.079870 0.022244 0.024814
0 0.402981 0.340319 0.013614 0.017128
0 0.778270 0.774003 0.012968 0.016216
0 0.003070 0.396706 0.006139 0.018873
0 0.996999 0.244426 0.006003 0.024642
0 0.303099 0.369289 0.024718 0.028974
0 0.241050 0.953167 0.013451 0.016810
0 0.918262 0.676135 0.011252 0.014594
