0 0.912441 0.882614 0.017096 0.021302
0 0.792197 0.210129 0.015094 0.018963
0 0.952197 0.795636 0.016234 0.019869
0 0.981082 0.294219 0.018076 0.024315
0 0.234100 0.553360 0.019773 0.023644
0 0.068628 0.123403 0.017202 0.021439
0 0.141124 0.143570 0.017031 0.024601
0 0.196967 0.799580 0.018119 0.021815
0 0.211950 0.734537 0.018122 0.021137
0 0.877641 0.871596 0.015289 0.018999
0 0.131414 0.645991 0.020130 0.025443
0 0.004982 0.178143 0.009963 0.023935
0 0.483225 0.781191 0.018249 0.021817
0 0.434591 0.663168 0.015019 0.020170
0 0.088575 0.502979 0.019906 0.024459
0 0.333026 0.123880 0.019431 0.023665
0 0.790439 0.869687 0.019096 0.024204
0 0.123982 0.907696 0.017526 0.023204
0 0.723646 0.923627 0.016830 0.021519
0 0.839879 0.158744 0.018102 0.021913
0 0.786338 0.838014 0.022059 0.026793
0 0.773473 0.160312 0.018747 0.022765
0 0.017512 0.798432 0.014639 0.017107
0 0.299112 0.604809 0.016418 0.019643
0 0.051076 0.679400 0.016469 0.019974
0 0.153989 0.896560 0.019737 0.026385
0 0.165776 0.929609 0.016103 0.022995
0 0.159296 0.587941 0.016968 0.020893
0 0.857513 0.010845 0.016810 0.017704
0 0.774189 0.232188 0.015234 0.018513
0 0.428126 0.132353 0.018551 0.021212
0 0.125032 0.794587 0.017019 0.021148
0 0.424713 0.409295 0.014827 0.018443
0 0.317276 0.008206 0.017080 0.015520
0 0.089853 0.869180 0.015219 0.018064
0 0.275568 0.302369 0.017494 0.021637
0 0.131835 0.172700 0.018487 0.022026
0 0.420810 0.037088 0.016077 0.018341
0 0.644617 0.247972 0.023793 0.032112
0 0.300733 0.288258 0.012010 0.015250
0 0.284187 0.560825 0.014488 0.017435
0 0.351383 0.833055 0.017781 0.021144
0 0.783069 0.128819 0.018110 0.019966
0 0.637069 0.394240 0.015083 0.018758
0 0.245024 0.373506 0.015622 0.019820
0 0.993647 0.238329 0.012707 0.023691
0 0.668318 0.185146 0.016931 0.022419
0 0.655297 0.151429 0.017271 0.021165
0 0.316374 0.934822 0.018878 0.022675
0 0.647380 0.250823 0.019043 0.025579
0 0.237240 0.737297 0.016397 0.026486
0 0.268062 0.596596 0.016718 0.021754
0 0.049047 0.413504 0.018448 0.020698
0 0.868541 0.634730 0.019515 0.022089
0 0.034530 0.846892 0.016902 0.020930
0 0.035691 0.618564 0.015389 0.019296
0 0.772896 0.200428 0.015860 0.023023
0 0.612290 0.076422 0.015683 0.019274
0 0.796677 0.391016 0.020400 0.023671
0 0.521570 0.408514 0.017807 0.021818
0 0.064395 0.056951 0.015056 0.019052
0 0.300983 0.150943 0.017586 0.020571
0 0.541710 0.653789 0.014699 0.019631
0 0.555872 0.165903 0.016081 0.018983
0 0.307613 0.420671 0.012448 0.016141
0 0.831346 0.975932 0.018233 0.020412
0 0.693698 0.773019 0.013666 0.015785
0 0.080957 0.948903 0.016561 0.020054
0 0.332461 0.389606 0.016671 0.020959
0 0.033015 0.820225 0.017420 0.019249
0 0.551506 0.146091 0.013314 0.015016
0 0.137341 0.354910 0.013886 0.019747
0 0.081582 0.147494 0.017922 0.023606
0 0.267914 0.737342 0.013097 0.017654
0 0.710224 0.768328 0.013217 0.015543
0 0.363126 0.228234 0.016443 0.021088
0 0.625750 0.260710 0.016842 0.025206
0 0.519485 0.658471 0.016639 0.022821
0 0.269042 0.393489 0.014054 0.017271
0 0.494299 0.058675 0.015375 0.019805
0 0.880728 0.335902 0.015339 0.018549
0 0.066945 0.091946 0.014505 0.016570
0 0.006859 0.178740 0.013718 0.025995
0 0.302065 0.260221 0.013994 0.016135
0 0.792928 0.563420 0.015820 0.018213
0 0.485076 0.428348 0.014261 0.019483
0 0.879218 0.419997 0.014340 0.019682
0 0.287292 0.414756 0.013647 0.016689
0 0.342215 0.304700 0.016204 0.019124
0 0.118432 0.008755 0.012769 0.014503
0 0.641226 0.298326 0.013770 0.017667
0 0.173418 0.007785 0.015670 0.014155
