0 0.124394 0.166074 0.020202 0.024988
0 0.789318 0.656761 0.018391 0.021292
0 0.468405 0.911725 0.018181 0.022688
0 0.515518 0.966734 0.020107 0.028887
0 0.327309 0.883880 0.017933 0.020772
0 0.283927 0.388237 0.018551 0.022896
0 0.044542 0.904423 0.014764 0.017657
0 0.391142 0.089977 0.015396 0.019777
0 0.817659 0.262713 0.016325 0.021433
0 0.630771 0.948126 0.019003 0.025278
0 0.666489 0.825931 0.015875 0.018689
0 0.038052 0.935356 0.017203 0.023600
0 0.278988 0.452866 0.019057 0.022769
0 0.818076 0.871582 0.018220 0.022161
0 0.634448 0.387143 0.015117 0.019602
0 0.630949 0.669986 0.015860 0.018950
0 0.758850 0.050508 0.019193 0.023552
0 0.811084 0.646952 0.017803 0.024617
0 0.252955 0.469776 0.019509 0.024409
0 0.467370 0.676150 0.017236 0.022518
0 0.737462 0.202335 0.018074 0.022623
0 0.856255 0.550010 0.019352 0.023571
0 0.664471 0.679153 0.017619 0.020742
0 0.517479 0.067213 0.016016 0.020423
0 0.020988 0.896503 0.015957 0.020743
0 0.172978 0.256816 0.015225 0.019037
0 0.911376 0.136996 0.016239 0.020149
0 0.119319 0.491215 0.017270 0.022842
0 0.803179 0.983895 0.014990 0.019616
0 0.070142 0.042295 0.019732 0.023036
0 0.771257 0.982497 0.015443 0.018571
0 0.605755 0.682231 0.017146 0.021934
0 0.379387 0.038782 0.015256 0.019429
0 0.536375 0.436314 0.016341 0.020822
0 0.431911 0.125790 0.016530 0.021274
0 0.760005 0.885756 0.019861 0.024540
0 0.311552 0.016826 0.015535 0.021557
0 0.654329 0.054079 0.018017 0.022006
0 0.815263 0.064647 0.012673 0.015888
0 0.459034 0.955391 0.017419 0.020608
0 0.193150 0.948623 0.016444 0.022454
0 0.289810 0.023055 0.018418 0.022066
0 0.855271 0.672721 0.016771 0.021250
0 0.461927 0.131239 0.016979 0.022424
0 0.218325 0.960906 0.017260 0.021141
0 0.676037 0.991265 0.016747 0.016296
0 0.751702 0.569414 0.019882 0.024460
0 0.426280 0.043162 0.018985 0.022062
0 0.490469 0.556417 0.017732 0.020931
0 0.683415 0.696357 0.017873 0.022076
0 0.134515 0.235755 0.017392 0.021544
0 0.748712 0.965629 0.016065 0.019488
0 0.523250 0.629424 0.015367 0.020388
0 0.245705 0.521807 0.015726 0.019883
0 0.314148 0.041916 0.014979 0.022253
0 0.483779 0.131923 0.019413 0.026469
0 0.009157 0.057412 0.017448 0.019666
0 0.842971 0.061179 0.015278 0.019835
0 0.132522 0.134885 0.017378 0.019990
0 0.067076 0.929184 0.016504 0.020869
0 0.984857 0.729309 0.018655 0.022022
0 0.394023 0.681786 0.015168 0.019706
0 0.325445 0.840894 0.015429 0.019564
0 0.631567 0.078199 0.015369 0.019645
0 0.026249 0.479331 0.017071 0.020589
0 0.384928 0.651039 0.014194 0.018749
0 0.839890 0.030613 0.014606 0.018539
0 0.508033 0.289736 0.019154 0.023498
0 0.827603 0.903302 0.017247 0.021261
0 0.659929 0.140926 0.016682 0.023246
0 0.304379 0.827907 0.016899 0.021524
0 0.012406 0.658410 0.017407 0.020572
0 0.786977 0.839393 0.016819 0.022043
0 0.780162 0.072445 0.017611 0.025557
0 0.372611 0.837348 0.021616 0.026637
0 0.793412 0.782220 0.018829 0.022834
0 0.719275 0.542031 0.017333 0.020872
0 0.857121 0.519210 0.017693 0.021419
0 0.047307 0.073796 0.018291 0.022797
0 0.708028 0.587032 0.016793 0.022790
0 0.328694 0.102695 0.017489 0.022012
0 0.872241 0.054395 0.012124 0.015073
0 0.078702 0.797734 0.018170 0.021934
0 0.369546 0.642454 0.015047 0.019670
0 0.021443 0.694637 0.016258 0.021683
0 0.824926 0.723925 0.015686 0.019819
0 0.891216 0.990177 0.017574 0.017318
0 0.085688 0.502355 0.017710 0.022254
0 0.950112 0.525775 0.016976 0.020281
0 0.110484 0.538774 0.017923 0.022023
0 0.858978 0.015584 0.012147 0.015884
0 0.004624 0.089387 0.009247 0.021829
0 0.182036 0.664887 0.017055 0.023377
0 0.788541 0.268324 0.016428 0.019325
0 0.478176 0.616699 0.017937 0.021307
0 0.548863 0.054581 0.014662 0.018362
0 0.878474 0.656822 0.017923 0.022763
0 0.824699 0.573487 0.015007 0.020658
0 0.624749 0.794163 0.018000 0.024222
0 0.026240 0.008971 0.014330 0.015328
0 0.377268 0.436688 0.013457 0.015799
0 0.935725 0.891374 0.015901 0.020890
0 0.716343 0.260376 0.016708 0.020328
0 0.656117 0.850632 0.018222 0.021804
0 0.069655 0.075640 0.017182 0.026086
0 0.844786 0.971437 0.015890 0.021167
0 0.813618 0.408814 0.017243 0.021323
0 0.219456 0.231917 0.018252 0.023199
0 0.010419 0.499006 0.017399 0.020505
0 0.870367 0.926351 0.017697 0.020905
0 0.453955 0.263090 0.017746 0.022625
0 0.536433 0.343062 0.017541 0.021118
0 0.400977 0.008601 0.015110 0.015473
0 0.250470 0.974334 0.016948 0.020043
0 0.895922 0.098705 0.017857 0.023916
0 0.364510 0.975376 0.014796 0.019413
0 0.398068 0.520989 0.014022 0.018750
0 0.741153 0.521096 0.013788 0.017070
0 0.212760 0.322091 0.017280 0.020338
0 0.834989 0.006425 0.015635 0.012851
0 0.660282 0.598836 0.017344 0.022160
0 0.670430 0.146481 0.013277 0.018276
0 0.497713 0.387779 0.016259 0.020666
0 0.425653 0.657598 0.014290 0.020582
0 0.581118 0.359427 0.017514 0.021552
0 0.090957 0.850693 0.018823 0.026210
0 0.989113 0.247511 0.019918 0.023470
0 0.363956 0.952798 0.014691 0.018141
0 0.299446 0.098822 0.014683 0.016941
0 0.992022 0.882483 0.015906 0.022977
0 0.612729 0.113911 0.017522 0.022476
0 0.238519 0.617681 0.015994 0.020178
0 0.820606 0.969750 0.017977 0.020096
0 0.521551 0.692057 0.016953 0.022284
0 0.095534 0.946963 0.015223 0.019252
0 0.106985 0.066675 0.015571 0.019750
0 0.558618 0.451628 0.012473 0.015090
0 0.464026 0.879132 0.016186 0.020082
0 0.037152 0.876935 0.014942 0.017208
0 0.809243 0.056925 0.013037 0.015688
0 0.561516 0.251080 0.012257 0.016026
0 0.523772 0.119936 0.013170 0.016730
0 0.352752 0.037764 0.017592 0.019595
0 0.738128 0.589323 0.014854 0.020363
0 0.283466 0.568050 0.016430 0.020438
0 0.224191 0.512830 0.018425 0.025340
0 0.330887 0.047799 0.015388 0.021793
0 0.049932 0.110263 0.015255 0.018715
0 0.294932 0.991293 0.015396 0.015070
0 0.578514 0.700931 0.016924 0.022629
0 0.084348 0.923002 0.009891 0.015793
0 0.745623 0.471825 0.014604 0.016189
0 0.056560 0.511189 0.012767 0.017317
0 0.028739 0.756621 0.017536 0.020977
0 0.688689 0.025221 0.014322 0.019178
0 0.302883 0.529790 0.012255 0.015140
0 0.715343 0.979720 0.012903 0.015829
0 0.955057 0.204265 0.012596 0.015868
0 0.333994 0.016240 0.017397 0.023333
0 0.463389 0.357954 0.014219 0.017123
0 0.996937 0.380826 0.006126 0.017476
0 0.666729 0.547016 0.017717 0.020103
0 0.147805 0.946246 0.017946 0.021860
0 0.013099 0.595906 0.011885 0.016918
0 0.427744 0.195984 0.012038 0.016030
0 0.377632 0.006944 0.015418 0.012240
0 0.251192 0.795495 0.016284 0.025143
0 0.286657 0.669270 0.013287 0.016254
0 0.879671 0.021453 0.013928 0.016924
0 0.221566 0.009057 0.011583 0.015657
0 0.475967 0.005756 0.014373 0.011511
0 0.191447 0.633013 0.011047 0.015702
0 0.729858 0.413622 0.012643 0.018268
0 0.666188 0.143407 0.021902 0.022693
0 0.600134 0.725892 0.011660 0.014822
0 0.082883 0.153574 0.012432 0.017332
0 0.207718 0.296345 0.012032 0.013566
0 0.444489 0.004060 0.015388 0.008121
0 0.450246 0.746844 0.011045 0.013242
0 0.426417 0.320090 0.012214 0.013544
0 0.821967 0.257854 0.019164 0.029460
