0 0.235122 0.553718 0.019981 0.025097
0 0.913507 0.883736 0.016860 0.021227
0 0.795967 0.873233 0.019620 0.023187
0 0.636879 0.297923 0.017752 0.021345
0 0.499836 0.493553 0.018787 0.023975
0 0.442071 0.314021 0.016157 0.020983
0 0.008377 0.223981 0.016561 0.022191
0 0.144083 0.921581 0.017017 0.020979
0 0.860427 0.565686 0.019276 0.023999
0 0.315596 0.270516 0.015544 0.018675
0 0.154955 0.889780 0.018853 0.024862
0 0.099446 0.925942 0.016455 0.019876
0 0.122485 0.909996 0.016891 0.023103
0 0.263464 0.738243 0.015671 0.020341
0 0.959458 0.432993 0.017375 0.021392
0 0.770264 0.208532 0.017618 0.018812
0 0.439244 0.107557 0.017348 0.022928
0 0.471782 0.010791 0.016138 0.018510
0 0.236878 0.739594 0.015869 0.022243
0 0.522578 0.721109 0.017754 0.020119
0 0.757612 0.578816 0.019847 0.023763
0 0.206588 0.738995 0.017118 0.020157
0 0.380680 0.366034 0.019269 0.023647
0 0.851557 0.346791 0.020594 0.023282
0 0.042461 0.331298 0.017865 0.022465
0 0.351665 0.847491 0.018991 0.023728
0 0.702093 0.327379 0.020056 0.029526
0 0.874040 0.871544 0.016985 0.019691
0 0.775628 0.231919 0.017787 0.022608
0 0.516002 0.202054 0.018330 0.022475
0 0.335392 0.784617 0.018076 0.022531
0 0.088176 0.504329 0.020113 0.023597
0 0.381306 0.911485 0.017460 0.021128
0 0.072238 0.304473 0.018468 0.026443
0 0.455208 0.463688 0.016469 0.020322
0 0.370581 0.274738 0.018636 0.024271
0 0.798596 0.086066 0.019511 0.019736
0 0.976596 0.296093 0.021277 0.023567
0 0.379110 0.183633 0.020057 0.022206
0 0.726800 0.083703 0.018829 0.023460
0 0.353018 0.068490 0.019350 0.023083
0 0.871260 0.630496 0.018907 0.023722
0 0.653638 0.273683 0.016831 0.020577
0 0.713685 0.288014 0.015920 0.020603
0 0.657634 0.377703 0.017241 0.021123
0 0.243035 0.153425 0.018704 0.021628
0 0.510118 0.085261 0.018499 0.021985
0 0.542786 0.656485 0.015670 0.018656
0 0.238197 0.805073 0.019027 0.020998
0 0.395628 0.642999 0.017851 0.022993
0 0.555709 0.147756 0.014733 0.018118
0 0.320798 0.392047 0.019475 0.021603
0 0.745406 0.406391 0.017318 0.021589
0 0.013510 0.746957 0.017302 0.023422
0 0.432519 0.679133 0.015251 0.019830
0 0.191365 0.340279 0.019158 0.024347
0 0.043161 0.413726 0.017701 0.021275
0 0.930285 0.223859 0.019043 0.021182
0 0.771381 0.786136 0.017433 0.020043
0 0.303904 0.841791 0.019683 0.023183
0 0.084906 0.280116 0.017583 0.021527
0 0.145175 0.772155 0.016684 0.021051
0 0.700485 0.086766 0.017620 0.023295
0 0.602880 0.152261 0.016198 0.018968
0 0.246356 0.457025 0.019440 0.022793
0 0.826350 0.989271 0.019785 0.017534
0 0.235697 0.020196 0.020049 0.024818
0 0.316648 0.239781 0.016554 0.018929
0 0.585049 0.011502 0.019090 0.021810
0 0.377749 0.469340 0.014634 0.018827
0 0.092691 0.167327 0.016856 0.021761
0 0.123581 0.800358 0.018225 0.021219
0 0.523273 0.692358 0.017953 0.023126
0 0.124850 0.281179 0.019344 0.024753
0 0.268609 0.572223 0.014832 0.019261
0 0.521955 0.407843 0.018478 0.022955
0 0.042613 0.981720 0.015882 0.017913
0 0.640145 0.506701 0.017843 0.022311
0 0.290949 0.172142 0.014838 0.017293
0 0.183401 0.131931 0.015237 0.018080
0 0.030504 0.178553 0.018322 0.022543
0 0.474688 0.687190 0.021409 0.035924
0 0.879829 0.264810 0.020933 0.020224
0 0.330538 0.295060 0.014911 0.018880
0 0.935500 0.677957 0.017870 0.019575
0 0.996478 0.612279 0.007045 0.021165
0 0.303597 0.150353 0.017860 0.023205
0 0.086594 0.868194 0.018013 0.023085
0 0.886676 0.417556 0.018647 0.020720
0 0.996096 0.079099 0.007808 0.025821
0 0.991420 0.243586 0.016736 0.018911
0 0.675040 0.850626 0.012905 0.016773
0 0.297701 0.258331 0.016418 0.023431
0 0.029622 0.146590 0.014329 0.017582
0 0.472294 0.254714 0.014404 0.019836
0 0.052523 0.195886 0.016788 0.022834
0 0.174656 0.711712 0.018101 0.024465
0 0.172431 0.798411 0.014987 0.017975
0 0.003348 0.025754 0.006675 0.030691
0 0.897263 0.112722 0.020182 0.023007
0 0.472408 0.694071 0.019982 0.031445
0 0.900737 0.108148 0.017590 0.021447
0 0.190845 0.713346 0.013894 0.020999
0 0.885567 0.901334 0.016197 0.019075
