0 0.819070 0.652027 0.015490 0.021096
0 0.717908 0.550028 0.017914 0.023270
0 0.820292 0.885036 0.019377 0.024520
0 0.379938 0.648786 0.013917 0.017586
0 0.338692 0.107840 0.016202 0.020792
0 0.964507 0.239995 0.017219 0.022601
0 0.592960 0.413475 0.019744 0.021895
0 0.842822 0.882511 0.015864 0.020992
0 0.663688 0.421444 0.017430 0.021267
0 0.839668 0.665438 0.017234 0.022437
0 0.524621 0.428139 0.016932 0.021203
0 0.261519 0.472098 0.018221 0.022735
0 0.491239 0.128100 0.018946 0.023262
0 0.670057 0.683882 0.016685 0.020597
0 0.283052 0.461553 0.016817 0.022189
0 0.261899 0.985383 0.018944 0.021107
0 0.623429 0.201921 0.018679 0.024720
0 0.530740 0.946181 0.017108 0.019463
0 0.765645 0.058060 0.019614 0.023537
0 0.047088 0.938916 0.016898 0.021759
0 0.422133 0.020679 0.015001 0.018650
0 0.524146 0.971755 0.020447 0.027355
0 0.112014 0.258017 0.015776 0.020455
0 0.187255 0.007841 0.018608 0.015683
0 0.436874 0.985279 0.018201 0.021142
0 0.889842 0.638206 0.018301 0.022126
0 0.293331 0.389819 0.018535 0.022683
0 0.278689 0.369338 0.016304 0.019112
0 0.855964 0.962663 0.016043 0.019373
0 0.469084 0.267096 0.017758 0.021585
0 0.654849 0.699289 0.015674 0.018762
0 0.684558 0.992207 0.015707 0.015586
0 0.496951 0.791156 0.018087 0.022617
0 0.731019 0.572221 0.015559 0.020480
0 0.543590 0.441341 0.014822 0.018196
0 0.578718 0.890445 0.017504 0.021820
0 0.143876 0.237132 0.016575 0.020265
0 0.568342 0.322657 0.016087 0.019378
0 0.788032 0.085755 0.018155 0.023588
0 0.709468 0.896742 0.015880 0.020430
0 0.859157 0.680611 0.017735 0.023369
0 0.779909 0.411871 0.018129 0.021019
0 0.081665 0.018473 0.017941 0.019821
0 0.155266 0.285238 0.019966 0.024399
0 0.896229 0.965144 0.015742 0.018951
0 0.741848 0.225527 0.018333 0.022541
0 0.017726 0.403027 0.015454 0.020001
0 0.822111 0.992244 0.015666 0.014737
0 0.798463 0.660906 0.016623 0.020688
0 0.315548 0.013853 0.015029 0.019512
0 0.396204 0.092948 0.016467 0.020495
0 0.317388 0.038706 0.014024 0.018911
0 0.018243 0.601582 0.017095 0.020075
0 0.401909 0.017994 0.015086 0.017260
0 0.148365 0.170238 0.018484 0.022439
0 0.222590 0.993411 0.016996 0.013178
0 0.539820 0.048454 0.016673 0.020666
0 0.037318 0.989746 0.018681 0.017980
0 0.764206 0.679171 0.017446 0.020619
0 0.500340 0.096935 0.017861 0.021470
0 0.945644 0.898745 0.017291 0.019814
0 0.736987 0.088356 0.015324 0.019455
0 0.873277 0.496781 0.017390 0.020390
0 0.593331 0.972297 0.015190 0.019759
0 0.059756 0.873409 0.015193 0.018972
0 0.178893 0.877814 0.018868 0.022162
0 0.562064 0.797130 0.017060 0.020209
0 0.316323 0.385248 0.017980 0.023378
0 0.745716 0.646407 0.020070 0.023044
0 0.280825 0.961824 0.017139 0.020637
0 0.128978 0.495324 0.016492 0.021964
0 0.550196 0.384970 0.016473 0.018832
0 0.904344 0.571255 0.017459 0.022093
0 0.037006 0.117371 0.018926 0.022911
0 0.877903 0.714290 0.016940 0.021089
0 0.685053 0.709123 0.017471 0.022672
0 0.281709 0.857044 0.018324 0.023172
0 0.208586 0.929351 0.018917 0.022967
0 0.189052 0.227747 0.017065 0.020951
0 0.886254 0.943550 0.016222 0.021066
0 0.372627 0.977786 0.015183 0.017945
0 0.755451 0.569266 0.017523 0.022773
0 0.485500 0.764743 0.015674 0.019173
0 0.773754 0.950817 0.019094 0.024495
0 0.475481 0.146330 0.017160 0.021447
0 0.831650 0.971706 0.016542 0.021496
0 0.372476 0.878084 0.021670 0.025234
0 0.564833 0.956853 0.015767 0.020209
0 0.075337 0.850957 0.017923 0.021462
0 0.396735 0.656379 0.015348 0.020720
0 0.361138 0.640817 0.015219 0.019011
0 0.313191 0.105066 0.016099 0.021497
0 0.315094 0.839161 0.015537 0.020411
0 0.716304 0.590024 0.015812 0.019821
0 0.063342 0.092179 0.016439 0.023302
0 0.891859 0.826948 0.016056 0.019621
0 0.321667 0.708924 0.016722 0.019991
0 0.098203 0.742538 0.016237 0.019320
0 0.216330 0.329710 0.017102 0.019810
0 0.079580 0.080091 0.014549 0.022350
0 0.719564 0.973457 0.016869 0.020729
0 0.612852 0.116538 0.019958 0.022811
0 0.231434 0.234564 0.017062 0.021638
0 0.558618 0.425800 0.016730 0.019873
0 0.244797 0.811113 0.018791 0.023748
0 0.072817 0.700041 0.019025 0.022844
0 0.859495 0.936662 0.016159 0.018744
0 0.214646 0.475916 0.017969 0.021943
0 0.020082 0.093152 0.017684 0.021172
0 0.024650 0.894688 0.018090 0.021559
0 0.674797 0.874674 0.015916 0.019393
0 0.900742 0.989773 0.016667 0.016969
0 0.935223 0.493953 0.018267 0.022624
0 0.876688 0.974688 0.014638 0.019371
0 0.504849 0.391204 0.017931 0.023148
0 0.986511 0.242454 0.017332 0.023327
0 0.635457 0.446092 0.019518 0.021585
0 0.147785 0.065600 0.018250 0.021666
0 0.267991 0.390765 0.015685 0.020567
0 0.434491 0.487167 0.016168 0.019263
0 0.792297 0.385521 0.020005 0.022344
0 0.371101 0.465626 0.014651 0.018488
0 0.244018 0.880806 0.017995 0.020899
0 0.299039 0.029787 0.016058 0.020984
0 0.925265 0.986335 0.015777 0.019107
0 0.793709 0.290737 0.015879 0.020051
0 0.240318 0.573693 0.016630 0.020129
0 0.245355 0.757130 0.013638 0.018562
0 0.778058 0.899614 0.013650 0.016037
0 0.334925 0.027147 0.015785 0.020966
0 0.432546 0.039390 0.022633 0.024557
0 0.748731 0.591941 0.016001 0.019658
0 0.101268 0.922713 0.018544 0.022754
0 0.346076 0.979983 0.012868 0.015435
0 0.073651 0.442240 0.013092 0.015120
0 0.925349 0.284887 0.014550 0.020579
0 0.767722 0.267487 0.013075 0.015238
0 0.851546 0.990108 0.014797 0.016871
0 0.090085 0.036575 0.013006 0.015565
0 0.074574 0.366609 0.013643 0.017025
0 0.980183 0.980108 0.014374 0.020048
0 0.354828 0.040930 0.016619 0.019955
0 0.003501 0.783443 0.007002 0.023689
0 0.152182 0.765778 0.014252 0.017143
0 0.376251 0.955911 0.016727 0.018925
0 0.919713 0.006893 0.019183 0.013787
0 0.509949 0.446179 0.013931 0.017436
0 0.653826 0.062989 0.013260 0.014631
0 0.938954 0.973158 0.013066 0.017492
0 0.618968 0.429841 0.011704 0.014796
0 0.463447 0.865889 0.014286 0.019612
0 0.847724 0.484544 0.011100 0.014970
0 0.391046 0.631203 0.014162 0.015146
0 0.717227 0.470148 0.011556 0.017729
0 0.831972 0.437457 0.011718 0.017166
0 0.773334 0.304353 0.012251 0.015905
0 0.945681 0.657961 0.011990 0.015538
0 0.295561 0.946296 0.013235 0.016247
0 0.576527 0.594210 0.013673 0.017195
0 0.518528 0.408119 0.011589 0.014469
0 0.338259 0.052639 0.015052 0.019013
0 0.558907 0.550956 0.014617 0.017274
0 0.727864 0.636929 0.010635 0.014596
0 0.229983 0.011006 0.012288 0.017993
0 0.459875 0.610826 0.012429 0.016183
0 0.501059 0.550977 0.012539 0.014012
0 0.817878 0.214779 0.011004 0.013631
0 0.677941 0.626069 0.012483 0.017806
0 0.763777 0.380473 0.011133 0.014133
0 0.639451 0.009455 0.016200 0.016233
0 0.767074 0.920406 0.012634 0.016746
0 0.422549 0.280905 0.011934 0.013915
0 0.453461 0.045059 0.011133 0.014774
0 0.503242 0.427007 0.013124 0.017459
0 0.482770 0.005475 0.017214 0.010949
0 0.678482 0.510033 0.011180 0.015187
0 0.650701 0.568460 0.011744 0.014606
0 0.798278 0.244276 0.012907 0.015566
0 0.022418 0.565380 0.012549 0.016669
