0 0.634380 0.949069 0.020927 0.025573
0 0.817935 0.872998 0.017572 0.021032
0 0.515672 0.966399 0.022724 0.027957
0 0.788530 0.653839 0.018014 0.022500
0 0.310775 0.012273 0.015742 0.021878
0 0.818656 0.273225 0.018629 0.020610
0 0.536310 0.435454 0.016579 0.020111
0 0.656761 0.053511 0.017891 0.022098
0 0.484146 0.133235 0.018739 0.025912
0 0.330366 0.047833 0.014420 0.020006
0 0.284891 0.387849 0.018277 0.021862
0 0.108600 0.139032 0.017629 0.022124
0 0.253305 0.472475 0.020981 0.024896
0 0.671779 0.604496 0.016978 0.027314
0 0.795817 0.771554 0.018517 0.024369
0 0.512150 0.293255 0.018058 0.022970
0 0.656892 0.150754 0.021843 0.025896
0 0.847135 0.040270 0.013912 0.018087
0 0.128359 0.169058 0.020163 0.023924
0 0.810390 0.644932 0.018506 0.023586
0 0.045140 0.073160 0.017602 0.023122
0 0.860911 0.562014 0.018373 0.022117
0 0.844260 0.064032 0.014796 0.018394
0 0.746015 0.219156 0.017492 0.020979
0 0.169303 0.270321 0.016537 0.020622
0 0.629465 0.677761 0.015208 0.017548
0 0.993180 0.742833 0.013640 0.020468
0 0.215588 0.977905 0.017234 0.019564
0 0.812202 0.988664 0.014308 0.017896
0 0.758350 0.052190 0.018467 0.023622
0 0.527185 0.343207 0.017422 0.019807
0 0.518222 0.647729 0.015537 0.020141
0 0.010530 0.071241 0.018961 0.021485
0 0.070517 0.043500 0.018030 0.022188
0 0.659721 0.678323 0.016053 0.019353
0 0.757338 0.906422 0.020488 0.023834
0 0.431650 0.135304 0.016342 0.020429
0 0.039471 0.935290 0.018122 0.023873
0 0.616678 0.701087 0.019158 0.023637
0 0.750388 0.569576 0.019993 0.025814
0 0.280766 0.450544 0.020793 0.024748
0 0.721879 0.544361 0.017300 0.020693
0 0.121108 0.492588 0.016452 0.022216
0 0.454769 0.982451 0.016681 0.021162
0 0.848043 0.012054 0.016492 0.019292
0 0.371369 0.642381 0.014972 0.019780
0 0.550747 0.455195 0.013805 0.016845
0 0.451476 0.934191 0.017551 0.021389
0 0.310953 0.851565 0.015511 0.019704
0 0.018056 0.481145 0.016082 0.018147
0 0.071449 0.525416 0.019797 0.022626
0 0.394366 0.083482 0.017253 0.020394
0 0.310079 0.905115 0.017676 0.021626
0 0.290126 0.023936 0.016983 0.020926
0 0.470070 0.677261 0.017466 0.021320
0 0.428118 0.675916 0.017453 0.020517
0 0.313680 0.037979 0.014931 0.021520
0 0.328506 0.102087 0.017582 0.023012
0 0.378462 0.008105 0.015308 0.013798
0 0.549404 0.073644 0.014645 0.017318
0 0.681397 0.699795 0.020727 0.024335
0 0.518935 0.084032 0.015218 0.020770
0 0.839441 0.980087 0.014806 0.018884
0 0.683286 0.031621 0.014760 0.019486
0 0.385903 0.652308 0.014377 0.018256
0 0.389340 0.033848 0.015581 0.019885
0 0.656583 0.859738 0.016306 0.020321
0 0.805769 0.424052 0.016785 0.021000
0 0.136281 0.235430 0.017539 0.021682
0 0.707992 0.586679 0.016301 0.021243
0 0.786667 0.993657 0.015986 0.012687
0 0.220889 0.231685 0.017114 0.023242
0 0.131750 0.955182 0.016721 0.019550
0 0.387944 0.687153 0.015991 0.020511
0 0.855851 0.673229 0.018236 0.021781
0 0.636906 0.395054 0.015627 0.019659
0 0.936219 0.890644 0.015632 0.019729
0 0.159131 0.351114 0.016050 0.021354
0 0.819939 0.966841 0.017181 0.020200
0 0.887552 0.680214 0.017850 0.021081
0 0.014537 0.789028 0.017082 0.021300
0 0.095457 0.087585 0.016441 0.021283
0 0.424191 0.036661 0.018731 0.023068
0 0.457210 0.262116 0.018712 0.022713
0 0.109277 0.541780 0.018244 0.022187
0 0.638478 0.071265 0.014665 0.019633
0 0.896658 0.100077 0.019225 0.022906
0 0.055414 0.965558 0.018847 0.022567
0 0.481813 0.561028 0.016644 0.022150
0 0.300726 0.101855 0.015475 0.020382
0 0.049625 0.901158 0.016209 0.019581
0 0.629698 0.824043 0.018081 0.024001
0 0.577851 0.371629 0.018379 0.022163
0 0.227397 0.631828 0.016232 0.019631
0 0.221321 0.515575 0.019924 0.023302
0 0.307237 0.827635 0.016491 0.018249
0 0.466975 0.626765 0.016105 0.021177
0 0.009603 0.655648 0.016935 0.019559
0 0.911414 0.143393 0.017149 0.021806
0 0.047839 0.820017 0.017592 0.021280
0 0.739115 0.590452 0.015256 0.020228
0 0.366432 0.860638 0.019898 0.022916
0 0.837428 0.925478 0.017876 0.021540
0 0.838362 0.735608 0.017126 0.020814
0 0.614677 0.112462 0.018301 0.022430
0 0.890832 0.990276 0.017196 0.016990
0 0.463435 0.139329 0.015931 0.021746
0 0.883791 0.936700 0.017058 0.021344
0 0.456771 0.361795 0.015131 0.019197
0 0.794540 0.270831 0.014770 0.019527
0 0.670705 0.837791 0.014797 0.018115
0 0.963706 0.529835 0.018754 0.020917
0 0.039521 0.132111 0.013287 0.017683
0 0.023607 0.896158 0.017008 0.019156
0 0.068893 0.078555 0.015944 0.024005
0 0.051767 0.111213 0.016149 0.020286
0 0.036764 0.876552 0.013731 0.017053
0 0.003247 0.007189 0.006494 0.014379
0 0.166084 0.675509 0.018281 0.022083
0 0.520775 0.710819 0.017290 0.021389
0 0.532937 0.992709 0.017389 0.014197
0 0.658818 0.159527 0.017922 0.021753
0 0.337474 0.013084 0.016005 0.022477
0 0.371313 0.971610 0.016340 0.020160
0 0.794171 0.877795 0.015510 0.020452
0 0.826516 0.580360 0.014920 0.019543
0 0.093135 0.846233 0.018734 0.022992
0 0.739351 0.524569 0.014390 0.019575
0 0.186387 0.972316 0.016674 0.021011
0 0.671434 0.548623 0.019416 0.024925
0 0.355087 0.041388 0.016944 0.018180
0 0.238095 0.542973 0.016069 0.021635
0 0.196808 0.290119 0.012509 0.014567
0 0.377152 0.528027 0.014707 0.017581
0 0.578544 0.729241 0.016344 0.020093
0 0.210657 0.319839 0.017984 0.021060
0 0.817651 0.067615 0.012716 0.016947
0 0.460160 0.876921 0.015963 0.016980
0 0.011385 0.507295 0.017300 0.021137
0 0.506466 0.693688 0.013125 0.015718
0 0.715393 0.273188 0.016399 0.019489
0 0.231957 0.806504 0.018851 0.023261
0 0.862507 0.535210 0.019432 0.020725
0 0.397338 0.008095 0.012632 0.014298
0 0.822654 0.251918 0.012822 0.015848
0 0.453606 0.006368 0.014197 0.012737
0 0.488997 0.538444 0.012198 0.015194
0 0.676716 0.993018 0.014811 0.013963
0 0.498798 0.386011 0.016136 0.023244
0 0.954258 0.214616 0.014108 0.017466
0 0.522142 0.121409 0.012680 0.015489
0 0.271949 0.585254 0.015978 0.020701
0 0.365923 0.950207 0.014821 0.016778
0 0.745855 0.476673 0.011861 0.014847
0 0.782453 0.078100 0.016975 0.020646
0 0.660798 0.163376 0.013821 0.016793
0 0.591446 0.893825 0.013079 0.016550
0 0.712909 0.980437 0.012635 0.015427
0 0.766476 0.984380 0.017031 0.019908
0 0.288910 0.536132 0.013381 0.014810
0 0.020626 0.023053 0.015319 0.016502
0 0.582180 0.549953 0.011930 0.016240
0 0.618461 0.489519 0.013090 0.018899
0 0.817812 0.061387 0.013707 0.026965
0 0.053023 0.157526 0.012630 0.016313
0 0.419606 0.334265 0.011991 0.014479
0 0.019717 0.286296 0.011114 0.013044
0 0.222279 0.008424 0.012917 0.015314
0 0.585073 0.752562 0.013822 0.017676
0 0.290469 0.537373 0.013970 0.014836
0 0.786847 0.996669 0.015662 0.006663
0 0.153470 0.120128 0.012498 0.016538
0 0.522182 0.370788 0.010711 0.014002
0 0.676348 0.994289 0.014873 0.011423
0 0.994008 0.662626 0.011494 0.014471
0 0.045068 0.529873 0.013498 0.016502
0 0.122163 0.007316 0.012087 0.013192
0 0.793507 0.874959 0.017730 0.025429
0 0.497635 0.121397 0.010129 0.013903
0 0.085699 0.982078 0.011943 0.017591
0 0.471239 0.832427 0.013138 0.015157
0 0.773275 0.864450 0.010526 0.013475
