0 0.280357 0.385559 0.019032 0.024947
0 0.810392 0.238324 0.018069 0.023719
0 0.116579 0.488551 0.016216 0.021635
0 0.033818 0.931942 0.015385 0.021143
0 0.786277 0.651415 0.015587 0.019394
0 0.609490 0.627517 0.017281 0.020122
0 0.131153 0.231661 0.017096 0.025010
0 0.005110 0.676694 0.010220 0.019506
0 0.768404 0.949243 0.015927 0.020924
0 0.507006 0.883922 0.017382 0.020981
0 0.936888 0.889818 0.016352 0.019921
0 0.624874 0.944486 0.019027 0.025415
0 0.237807 0.930765 0.014461 0.019997
0 0.196564 0.403031 0.015032 0.017682
0 0.248935 0.470260 0.017863 0.023156
0 0.124091 0.175397 0.019098 0.024544
0 0.075560 0.930733 0.016846 0.021825
0 0.026970 0.156587 0.015924 0.021569
0 0.935004 0.974728 0.015785 0.019957
0 0.247158 0.221909 0.016510 0.021881
0 0.118742 0.638765 0.017170 0.018632
0 0.933417 0.835683 0.016763 0.021994
0 0.801975 0.619718 0.015385 0.020533
0 0.072375 0.805264 0.015020 0.018428
0 0.213673 0.226940 0.016103 0.021806
0 0.835124 0.304956 0.015955 0.019932
0 0.289623 0.528306 0.019338 0.023276
0 0.496786 0.082717 0.015917 0.019423
0 0.715535 0.177227 0.019113 0.025199
0 0.576452 0.599340 0.015820 0.018445
0 0.393831 0.533069 0.016450 0.018727
0 0.963488 0.683261 0.013741 0.017174
0 0.612948 0.154302 0.015457 0.021135
0 0.313942 0.063004 0.017321 0.020968
0 0.114287 0.550622 0.017065 0.020952
0 0.766829 0.804871 0.018579 0.023688
0 0.237696 0.033705 0.012698 0.018089
0 0.252349 0.955010 0.014481 0.018492
0 0.191375 0.950117 0.013737 0.018071
0 0.284897 0.873265 0.013697 0.017877
0 0.063766 0.045449 0.016065 0.020956
0 0.261926 0.012185 0.014598 0.019600
0 0.464995 0.678024 0.017495 0.020824
0 0.909816 0.990135 0.016893 0.016305
0 0.567264 0.943907 0.013449 0.018890
0 0.499393 0.207005 0.019442 0.024024
0 0.824344 0.527308 0.017029 0.021651
0 0.044676 0.980415 0.016247 0.019879
0 0.451537 0.259520 0.016242 0.018854
0 0.720144 0.897878 0.015911 0.019786
0 0.224090 0.460051 0.015698 0.020072
0 0.301084 0.882930 0.011708 0.016761
0 0.591791 0.662845 0.017243 0.019838
0 0.098769 0.194834 0.015580 0.021777
0 0.735132 0.532700 0.018434 0.023362
0 0.801883 0.956178 0.014889 0.018958
0 0.779123 0.750258 0.016481 0.019291
0 0.309177 0.832075 0.015339 0.019467
0 0.229908 0.709214 0.014955 0.017771
0 0.984650 0.272913 0.019377 0.023863
0 0.787682 0.918532 0.014609 0.018910
0 0.815639 0.868433 0.018774 0.021717
0 0.989829 0.688487 0.016564 0.020650
0 0.028339 0.485641 0.019651 0.020040
0 0.287079 0.306015 0.014979 0.017942
0 0.302147 0.035934 0.015869 0.020163
0 0.088887 0.669030 0.018248 0.020362
0 0.379493 0.655210 0.015471 0.020504
0 0.328216 0.820727 0.015481 0.019516
0 0.385329 0.086048 0.016284 0.023106
0 0.536786 0.846127 0.017904 0.022948
0 0.041587 0.072902 0.013453 0.016985
0 0.661405 0.145653 0.013413 0.017893
0 0.652399 0.680630 0.015854 0.021971
0 0.463629 0.337328 0.014820 0.018703
0 0.840053 0.871342 0.013595 0.019438
0 0.551756 0.615418 0.013719 0.016576
0 0.023913 0.206924 0.011863 0.016184
0 0.635441 0.353095 0.014623 0.016889
0 0.470452 0.795174 0.017584 0.021685
0 0.529952 0.433579 0.016881 0.020847
0 0.194213 0.874496 0.015589 0.020425
0 0.692314 0.937717 0.015950 0.020292
0 0.062983 0.365827 0.018674 0.021982
0 0.741761 0.959707 0.011584 0.014247
0 0.660367 0.167816 0.011070 0.014416
0 0.081037 0.707981 0.013377 0.017840
0 0.511407 0.964723 0.021033 0.026775
0 0.451503 0.041189 0.015274 0.019145
0 0.825536 0.057269 0.015092 0.019042
0 0.035187 0.409896 0.013359 0.020522
0 0.438750 0.772177 0.018767 0.022899
0 0.330130 0.041650 0.013768 0.017139
0 0.993447 0.637882 0.013107 0.021437
0 0.004587 0.419193 0.009173 0.015114
0 0.051837 0.152639 0.014748 0.018245
0 0.366288 0.643070 0.013419 0.016542
0 0.870378 0.561341 0.014506 0.018364
0 0.212351 0.928719 0.015418 0.020143
0 0.132859 0.466767 0.015540 0.017172
0 0.697825 0.898869 0.015360 0.020175
0 0.802565 0.057770 0.014131 0.017860
0 0.660919 0.605394 0.013642 0.016549
0 0.354059 0.988721 0.012497 0.014746
0 0.806299 0.398563 0.014462 0.019121
0 0.865503 0.122929 0.015602 0.016657
0 0.518836 0.969215 0.013686 0.021269
0 0.094784 0.448289 0.013388 0.014517
0 0.904653 0.137158 0.014354 0.017277
0 0.993507 0.015573 0.012688 0.018234
0 0.468848 0.006172 0.015905 0.011742
0 0.519085 0.298233 0.016239 0.018094
0 0.267536 0.045745 0.014673 0.018694
0 0.793968 0.476140 0.011785 0.017345
0 0.617262 0.974537 0.012944 0.016585
0 0.743340 0.136287 0.015534 0.020417
0 0.286563 0.465698 0.011978 0.013509
0 0.996615 0.812201 0.006769 0.026011
0 0.966590 0.039020 0.014392 0.018835
0 0.843222 0.929369 0.016212 0.018834
0 0.422602 0.035060 0.014930 0.019016
0 0.055704 0.519251 0.013957 0.020858
0 0.083248 0.840456 0.012199 0.020836
0 0.242439 0.631881 0.012339 0.016792
0 0.635492 0.101310 0.012585 0.017571
0 0.367236 0.519212 0.014626 0.018167
0 0.816945 0.972639 0.015676 0.017652
0 0.012095 0.130098 0.012871 0.018436
0 0.871923 0.617703 0.015360 0.017999
0 0.310669 0.501931 0.014901 0.017598
0 0.039419 0.905207 0.012515 0.015051
0 0.319370 0.091809 0.015706 0.020539
0 0.867715 0.124796 0.012483 0.014359
0 0.027619 0.707865 0.011960 0.014887
0 0.811833 0.676275 0.015255 0.017925
0 0.275122 0.915526 0.015697 0.019569
0 0.105126 0.469768 0.014990 0.019569
0 0.216779 0.966163 0.015020 0.021284
0 0.846857 0.515402 0.011987 0.017436
0 0.686741 0.377874 0.014743 0.018982
0 0.102110 0.369745 0.014345 0.017210
0 0.160015 0.053329 0.013516 0.017624
0 0.673092 0.775931 0.013671 0.018371
0 0.010515 0.934563 0.015460 0.022817
0 0.958578 0.510655 0.016026 0.018404
0 0.215237 0.008315 0.012440 0.013739
0 0.004887 0.899604 0.009773 0.015869
0 0.612237 0.105393 0.014981 0.018811
0 0.006806 0.102272 0.013483 0.021675
0 0.768558 0.777664 0.013519 0.016639
0 0.469271 0.522775 0.013745 0.016183
0 0.688274 0.379897 0.014152 0.019934
0 0.505606 0.417048 0.010791 0.016536
0 0.105757 0.508902 0.014065 0.017107
0 0.995306 0.365333 0.009388 0.021963
0 0.317048 0.196075 0.015466 0.019636
