0 0.882869 0.381004 0.020089 0.023764
0 0.151835 0.924465 0.017331 0.021920
0 0.126837 0.934615 0.014482 0.018855
0 0.235761 0.554172 0.019001 0.025121
0 0.434217 0.680460 0.014186 0.020112
0 0.209807 0.743402 0.016491 0.019738
0 0.874332 0.872950 0.017651 0.020866
0 0.914608 0.884122 0.017024 0.021270
0 0.318233 0.267211 0.014430 0.019630
0 0.755306 0.106158 0.018124 0.023564
0 0.533575 0.726133 0.015682 0.021037
0 0.797300 0.874065 0.019329 0.023917
0 0.043518 0.416101 0.016303 0.020602
0 0.237965 0.740173 0.015188 0.021614
0 0.249130 0.459763 0.018534 0.022737
0 0.442827 0.313345 0.017094 0.020968
0 0.155334 0.889633 0.018714 0.024276
0 0.470047 0.481685 0.016778 0.021389
0 0.896792 0.608736 0.017988 0.022092
0 0.712647 0.342916 0.019786 0.026033
0 0.787828 0.637105 0.019292 0.023952
0 0.489567 0.031367 0.017195 0.021069
0 0.732907 0.315430 0.016150 0.020390
0 0.107906 0.193292 0.017527 0.021168
0 0.390388 0.299490 0.019026 0.024299
0 0.405311 0.948494 0.017825 0.021036
0 0.049643 0.167830 0.013467 0.016801
0 0.125590 0.282243 0.019158 0.025546
0 0.255889 0.841396 0.018487 0.021197
0 0.264112 0.738317 0.015730 0.021050
0 0.253116 0.041038 0.018470 0.023757
0 0.677180 0.400883 0.018651 0.023376
0 0.982919 0.301400 0.018070 0.024043
0 0.637574 0.299596 0.018162 0.021675
0 0.024211 0.246374 0.019394 0.023205
0 0.058392 0.345539 0.018729 0.022832
0 0.097460 0.297626 0.017087 0.022686
0 0.365535 0.084642 0.017916 0.021810
0 0.458728 0.126327 0.017534 0.022205
0 0.521824 0.532390 0.018495 0.022882
0 0.770856 0.209174 0.018399 0.019429
0 0.006214 0.961921 0.012427 0.032433
0 0.675092 0.306693 0.016919 0.021158
0 0.088579 0.505492 0.019198 0.023597
0 0.397528 0.384591 0.018785 0.023191
0 0.258649 0.177705 0.019463 0.022750
0 0.014328 0.212918 0.017853 0.022536
0 0.620745 0.043980 0.019648 0.024456
0 0.206128 0.362047 0.020599 0.025708
0 0.775491 0.233271 0.017098 0.021194
0 0.322218 0.392998 0.018712 0.020852
0 0.730898 0.103597 0.015748 0.022771
0 0.986192 0.471636 0.016798 0.021411
0 0.126561 0.908738 0.017466 0.020667
0 0.868737 0.637365 0.019281 0.022150
0 0.346132 0.829699 0.017551 0.020990
0 0.883988 0.419535 0.021380 0.024102
0 0.331630 0.294730 0.015835 0.020891
0 0.028943 0.786792 0.016262 0.020409
0 0.377823 0.898220 0.018854 0.023063
0 0.777458 0.452627 0.017375 0.021102
0 0.393635 0.493566 0.016800 0.020594
0 0.794740 0.824768 0.015566 0.019458
0 0.503660 0.726171 0.023059 0.035478
0 0.524154 0.692614 0.017024 0.022398
0 0.526839 0.100583 0.018143 0.023076
0 0.135526 0.818760 0.016144 0.019635
0 0.828446 0.986534 0.018721 0.020726
0 0.931906 0.220291 0.017602 0.022903
0 0.199874 0.150761 0.015935 0.019275
0 0.547222 0.228712 0.018594 0.022509
0 0.541508 0.656633 0.015500 0.019413
0 0.394323 0.201715 0.018545 0.022419
0 0.174160 0.807297 0.016122 0.019657
0 0.315059 0.191694 0.015270 0.018958
0 0.412036 0.677869 0.016670 0.023378
0 0.521503 0.410714 0.019022 0.022198
0 0.180373 0.716841 0.022399 0.032752
0 0.312364 0.848510 0.018753 0.025389
0 0.303961 0.153207 0.017546 0.020828
0 0.268976 0.576204 0.015453 0.018583
0 0.558512 0.150816 0.014733 0.018714
0 0.798688 0.085245 0.018065 0.019667
0 0.089236 0.862905 0.018026 0.023914
0 0.297994 0.258719 0.017950 0.024431
0 0.315766 0.238891 0.017109 0.020625
0 0.030152 0.179983 0.016531 0.019996
0 0.073115 0.305379 0.018153 0.025444
0 0.935220 0.678361 0.018018 0.020539
0 0.889205 0.286113 0.018764 0.019178
0 0.605561 0.152796 0.015860 0.019946
0 0.202139 0.833024 0.015621 0.019960
0 0.639225 0.504581 0.018398 0.021061
0 0.994497 0.626630 0.011006 0.020707
0 0.996816 0.084536 0.006368 0.020983
0 0.057010 0.197345 0.022104 0.024736
0 0.991585 0.243345 0.016692 0.019763
0 0.474319 0.255012 0.014427 0.019815
0 0.188956 0.717502 0.027262 0.030866
0 0.899994 0.107763 0.016709 0.020029
0 0.505455 0.731054 0.020997 0.029501
0 0.889909 0.895068 0.016022 0.020311
0 0.003493 0.028484 0.006986 0.027875
0 0.885712 0.284396 0.021255 0.021561
0 0.196955 0.718061 0.014863 0.024732
0 0.898213 0.111511 0.019082 0.020209
