0 0.931788 0.889721 0.028683 0.025751
0 0.098958 0.873781 0.021695 0.025697
0 0.273327 0.742670 0.016867 0.024488
0 0.905947 0.611560 0.019239 0.023333
0 0.281223 0.322972 0.020763 0.025632
0 0.140357 0.743075 0.017850 0.023207
0 0.938734 0.588699 0.021248 0.026899
0 0.658582 0.190617 0.022458 0.027981
0 0.007191 0.953295 0.014382 0.023087
0 0.193615 0.718887 0.027403 0.035402
0 0.947838 0.857582 0.021983 0.027727
0 0.400943 0.911076 0.021826 0.025416
0 0.226003 0.018045 0.018895 0.022562
0 0.905286 0.452201 0.020476 0.024798
0 0.891622 0.946220 0.021233 0.024008
0 0.398599 0.407245 0.016541 0.021088
0 0.494435 0.216633 0.021826 0.024647
0 0.573937 0.674406 0.019943 0.023933
0 0.530802 0.098962 0.018646 0.023765
0 0.491137 0.151341 0.020572 0.026433
0 0.051364 0.950286 0.020149 0.024348
0 0.137620 0.281846 0.020007 0.024749
0 0.787290 0.241935 0.018963 0.023242
0 0.344018 0.723266 0.019177 0.022800
0 0.878913 0.640718 0.020313 0.024968
0 0.780358 0.383694 0.021696 0.023557
0 0.248866 0.559151 0.019856 0.025442
0 0.112435 0.900924 0.019257 0.023673
0 0.985156 0.088229 0.018122 0.023013
0 0.929369 0.840470 0.018310 0.021629
0 0.215146 0.109470 0.022210 0.025813
0 0.553562 0.658823 0.017100 0.021108
0 0.099483 0.507516 0.018855 0.023485
0 0.083198 0.935522 0.018577 0.022951
0 0.702567 0.736868 0.020568 0.027964
0 0.575696 0.464348 0.024453 0.027764
0 0.948016 0.494887 0.021439 0.024964
0 0.582032 0.030698 0.020939 0.026593
0 0.232888 0.889412 0.017841 0.023288
0 0.167541 0.898146 0.021249 0.025783
0 0.895737 0.289553 0.023029 0.025982
0 0.894862 0.424369 0.020984 0.023869
0 0.528251 0.413492 0.021059 0.024247
0 0.086306 0.308491 0.020978 0.025745
0 0.500899 0.931497 0.022268 0.024821
0 0.535553 0.700591 0.019770 0.023235
0 0.605077 0.673727 0.020920 0.025887
0 0.882403 0.879474 0.020861 0.022964
0 0.989115 0.291915 0.020228 0.024665
0 0.375500 0.324246 0.019093 0.023075
0 0.250243 0.746452 0.016565 0.021693
0 0.740989 0.514341 0.022738 0.026670
0 0.443251 0.550911 0.018391 0.023919
0 0.484604 0.483480 0.018157 0.021670
0 0.453138 0.318505 0.018187 0.024520
0 0.628068 0.763642 0.021287 0.025923
0 0.812812 0.092734 0.020193 0.025923
0 0.331852 0.245231 0.020634 0.023459
0 0.827416 0.127644 0.018348 0.021302
0 0.782992 0.213296 0.018415 0.021727
0 0.909983 0.117151 0.020889 0.027565
0 0.218114 0.740142 0.017268 0.020618
0 0.807723 0.878588 0.024058 0.027549
0 0.757862 0.606837 0.021185 0.025333
0 0.315293 0.157143 0.018548 0.023631
0 0.055032 0.422908 0.017638 0.021831
0 0.039858 0.187019 0.020641 0.024403
0 0.711760 0.989944 0.018784 0.016944
0 0.296393 0.477891 0.019265 0.022105
0 0.043246 0.120187 0.018071 0.026378
0 0.279200 0.580942 0.015808 0.019440
0 0.810237 0.321610 0.018270 0.022425
0 0.308605 0.369033 0.030115 0.035027
0 0.325333 0.857160 0.023805 0.024353
0 0.316200 0.268099 0.018991 0.022572
0 0.346353 0.301257 0.016679 0.022338
0 0.206549 0.634832 0.018900 0.023770
0 0.117510 0.137972 0.018506 0.022141
0 0.006060 0.026159 0.012103 0.022790
0 0.408143 0.733455 0.017848 0.021571
0 0.007738 0.832489 0.014779 0.020032
0 0.378671 0.859117 0.019297 0.023168
0 0.618002 0.156379 0.017335 0.021348
0 0.972199 0.787766 0.019136 0.022118
0 0.369137 0.661313 0.019466 0.023550
0 0.506433 0.241672 0.018253 0.023774
0 0.950034 0.687279 0.017122 0.021964
0 0.253847 0.010938 0.016850 0.020174
0 0.647130 0.423258 0.018431 0.022296
0 0.773926 0.268478 0.018775 0.021614
0 0.439474 0.671831 0.017612 0.022759
0 0.566694 0.309761 0.018454 0.022854
0 0.548993 0.532749 0.017170 0.021851
0 0.712683 0.650742 0.020008 0.022318
0 0.560275 0.160337 0.016366 0.020542
0 0.823822 0.218056 0.019249 0.023113
0 0.704425 0.018535 0.018995 0.024499
0 0.718702 0.332046 0.017349 0.022356
0 0.409128 0.363528 0.019093 0.022892
0 0.159609 0.526702 0.018323 0.025661
0 0.488610 0.258552 0.015266 0.019795
0 0.570484 0.082956 0.021812 0.026776
0 0.408751 0.342372 0.014961 0.013740
0 0.996809 0.246891 0.006382 0.018527
