0 0.457867 0.038530 0.015636 0.019706
0 0.625435 0.944859 0.019082 0.025181
0 0.132050 0.180264 0.019904 0.024446
0 0.116509 0.488802 0.016748 0.022102
0 0.280391 0.384307 0.018358 0.023390
0 0.618848 0.643190 0.015586 0.020675
0 0.854831 0.310798 0.015460 0.021005
0 0.831926 0.286727 0.018620 0.023909
0 0.513171 0.229612 0.019663 0.025160
0 0.048491 0.186135 0.016721 0.025387
0 0.713567 0.195719 0.019366 0.024468
0 0.759323 0.816678 0.018513 0.024244
0 0.560980 0.870177 0.016766 0.022253
0 0.003675 0.188660 0.007349 0.014996
0 0.841011 0.882151 0.015571 0.019932
0 0.787695 0.667099 0.016398 0.020843
0 0.537318 0.916199 0.018047 0.021763
0 0.005352 0.676832 0.010705 0.022047
0 0.096256 0.670199 0.015300 0.018675
0 0.409648 0.550246 0.014835 0.021639
0 0.830276 0.736776 0.012064 0.014946
0 0.383407 0.085162 0.014668 0.022036
0 0.039725 0.074434 0.015350 0.021835
0 0.315364 0.079508 0.015954 0.019414
0 0.033944 0.933041 0.017597 0.022480
0 0.130904 0.231233 0.016635 0.021366
0 0.470621 0.531069 0.013436 0.017975
0 0.530529 0.433847 0.016753 0.020056
0 0.513801 0.963814 0.021315 0.026881
0 0.903044 0.985373 0.017928 0.021359
0 0.224751 0.972634 0.015922 0.020284
0 0.071997 0.932695 0.018549 0.021942
0 0.326543 0.821934 0.016619 0.019479
0 0.300805 0.558169 0.017931 0.024515
0 0.963279 0.699235 0.014745 0.018547
0 0.013867 0.030202 0.013730 0.019100
0 0.047691 0.515807 0.018800 0.017615
0 0.908012 0.137727 0.012839 0.016966
0 0.816886 0.870491 0.017667 0.022221
0 0.893989 0.159527 0.013650 0.017925
0 0.464367 0.679497 0.016161 0.022493
0 0.266043 0.041057 0.015766 0.019875
0 0.071744 0.806280 0.016774 0.020369
0 0.330870 0.855951 0.016586 0.021757
0 0.164341 0.661166 0.018335 0.020902
0 0.503711 0.316239 0.012203 0.016302
0 0.798310 0.960362 0.016066 0.019830
0 0.504852 0.102638 0.015835 0.021096
0 0.109675 0.405751 0.016192 0.019271
0 0.800266 0.639016 0.016796 0.020995
0 0.111827 0.216836 0.015947 0.020402
0 0.066666 0.532603 0.013031 0.022365
0 0.765420 0.950540 0.014837 0.019314
0 0.203840 0.957422 0.014875 0.018720
0 0.718616 0.902448 0.019357 0.020464
0 0.038581 0.160842 0.014950 0.017619
0 0.214515 0.226859 0.016407 0.021380
0 0.244293 0.469909 0.019317 0.022179
0 0.217627 0.402246 0.015218 0.016625
0 0.647860 0.199576 0.016068 0.021352
0 0.063647 0.044224 0.015451 0.019051
0 0.996122 0.703268 0.007757 0.019938
0 0.329124 0.042892 0.014840 0.019487
0 0.081862 0.710763 0.014311 0.018087
0 0.323173 0.108214 0.014544 0.019780
0 0.295341 0.047304 0.015059 0.020525
0 0.596225 0.617527 0.013997 0.019638
0 0.927102 0.832923 0.017146 0.020536
0 0.663405 0.615116 0.014374 0.017219
0 0.742916 0.539508 0.016196 0.020122
0 0.892929 0.595951 0.014989 0.018054
0 0.065057 0.991579 0.014532 0.014667
0 0.791822 0.771233 0.016284 0.019886
0 0.891192 0.211769 0.012374 0.016151
0 0.656132 0.681047 0.016439 0.020345
0 0.650512 0.136834 0.015123 0.018813
0 0.805907 0.058319 0.014937 0.019043
0 0.102761 0.548759 0.013751 0.018677
0 0.287074 0.021149 0.013491 0.017507
0 0.294444 0.917564 0.018326 0.023066
0 0.331296 0.375806 0.013585 0.018074
0 0.992828 0.648154 0.014181 0.021246
0 0.740803 0.165926 0.015897 0.021502
0 0.251370 0.937505 0.013855 0.018769
0 0.260417 0.963172 0.015406 0.022479
0 0.283016 0.258012 0.017858 0.021720
0 0.056571 0.429718 0.010863 0.015235
0 0.147791 0.407806 0.015207 0.018759
0 0.494848 0.208858 0.013818 0.016575
0 0.464668 0.336339 0.012463 0.015951
0 0.936387 0.890860 0.013151 0.018589
0 0.978785 0.090406 0.013822 0.016987
0 0.995729 0.813131 0.008542 0.021930
0 0.275972 0.070524 0.014366 0.018199
0 0.054281 0.905114 0.013850 0.017551
0 0.518857 0.298502 0.016093 0.019299
0 0.885626 0.666219 0.016855 0.018840
0 0.003259 0.013382 0.006517 0.020764
0 0.025178 0.208624 0.010495 0.013871
0 0.193124 0.876701 0.015555 0.018929
0 0.649448 0.380765 0.013373 0.015104
0 0.818233 0.082122 0.014571 0.017829
0 0.958528 0.038422 0.014496 0.020383
0 0.654843 0.968729 0.012729 0.019139
0 0.783450 0.931790 0.014401 0.017135
0 0.249713 0.061461 0.015163 0.017268
0 0.563895 0.624781 0.013474 0.018694
0 0.053159 0.717109 0.011989 0.014616
0 0.965822 0.297552 0.018509 0.022143
0 0.165686 0.376871 0.013965 0.018924
0 0.694910 0.665211 0.017298 0.019262
0 0.228836 0.933645 0.015757 0.019127
0 0.307308 0.007676 0.015063 0.012798
0 0.125777 0.463346 0.012666 0.015171
0 0.822198 0.702018 0.015431 0.018833
0 0.825942 0.559024 0.015665 0.019466
0 0.722784 0.057822 0.016640 0.019087
0 0.073790 0.195872 0.013623 0.018635
0 0.791256 0.138266 0.012262 0.015160
0 0.072304 0.433567 0.014043 0.018665
0 0.378528 0.958713 0.014668 0.018131
0 0.004812 0.187083 0.009624 0.016668
0 0.620679 0.977518 0.013829 0.016910
0 0.448025 0.775185 0.017309 0.025213
0 0.847575 0.934890 0.014241 0.018760
0 0.207274 0.098415 0.013263 0.016052
0 0.731894 0.961292 0.011992 0.013745
0 0.728479 0.533728 0.012504 0.019236
0 0.992419 0.911924 0.013919 0.017367
0 0.169433 0.093769 0.012989 0.014905
0 0.369163 0.641060 0.015485 0.021226
0 0.223205 0.458039 0.015460 0.020279
0 0.458857 0.074885 0.014751 0.020475
0 0.209302 0.319216 0.014292 0.019134
0 0.813627 0.974289 0.014401 0.017696
