0 0.407522 0.012784 0.014710 0.019581
0 0.262924 0.475067 0.019304 0.024900
0 0.491332 0.127687 0.019929 0.023278
0 0.651258 0.670190 0.015753 0.018200
0 0.881002 0.668187 0.016055 0.022471
0 0.551006 0.385679 0.014808 0.019728
0 0.599267 0.940422 0.015868 0.021657
0 0.867204 0.950244 0.016132 0.020162
0 0.423760 0.023870 0.014436 0.017375
0 0.339605 0.108060 0.016847 0.021514
0 0.794156 0.348171 0.016650 0.021998
0 0.889558 0.443110 0.018461 0.021298
0 0.767288 0.059123 0.018586 0.023225
0 0.624258 0.082378 0.019603 0.029792
0 0.819282 0.653755 0.015945 0.021492
0 0.525601 0.971742 0.021749 0.027323
0 0.240815 0.426072 0.018156 0.023658
0 0.753719 0.035148 0.017339 0.019322
0 0.142949 0.238939 0.015372 0.019521
0 0.784912 0.087296 0.019492 0.025677
0 0.374229 0.873506 0.019497 0.023418
0 0.277093 0.969643 0.019369 0.022743
0 0.761711 0.573420 0.017828 0.022220
0 0.605814 0.371392 0.018988 0.023875
0 0.817439 0.296987 0.019647 0.025759
0 0.993309 0.198816 0.013381 0.024173
0 0.821290 0.885152 0.019796 0.023943
0 0.295417 0.391109 0.019074 0.023584
0 0.282751 0.460798 0.017265 0.023537
0 0.316266 0.012971 0.016733 0.020579
0 0.039549 0.116699 0.018906 0.022900
0 0.015478 0.406848 0.015876 0.021124
0 0.318986 0.038950 0.014814 0.019466
0 0.747907 0.219231 0.018542 0.022653
0 0.304310 0.357870 0.017933 0.021332
0 0.203565 0.814262 0.018667 0.023626
0 0.685175 0.993177 0.017713 0.013646
0 0.764923 0.612128 0.018293 0.021911
0 0.799075 0.662145 0.017394 0.021956
0 0.047280 0.556337 0.016961 0.020314
0 0.395610 0.093217 0.016161 0.020582
0 0.666809 0.688249 0.016379 0.020282
0 0.038006 0.868252 0.018516 0.022229
0 0.642712 0.141081 0.018333 0.024742
0 0.041799 0.985362 0.017371 0.019715
0 0.313027 0.106005 0.016590 0.020695
0 0.858098 0.621135 0.018746 0.022016
0 0.174189 0.239395 0.017930 0.022741
0 0.302791 0.807511 0.017370 0.021065
0 0.829697 0.972683 0.017383 0.022491
0 0.372350 0.977401 0.015833 0.017713
0 0.945973 0.898416 0.017220 0.020667
0 0.498186 0.094430 0.016883 0.021345
0 0.088529 0.828686 0.018155 0.023111
0 0.503817 0.392441 0.017298 0.022124
0 0.818829 0.991520 0.016368 0.015424
0 0.571482 0.396216 0.016435 0.020946
0 0.877986 0.973942 0.015886 0.019746
0 0.726905 0.828366 0.016774 0.020307
0 0.128941 0.494786 0.018185 0.023401
0 0.532430 0.945537 0.016617 0.019530
0 0.794104 0.290156 0.014603 0.017599
0 0.743695 0.535682 0.017524 0.021034
0 0.530852 0.388932 0.015859 0.021039
0 0.245971 0.810590 0.019475 0.024094
0 0.546288 0.032313 0.016647 0.020737
0 0.851229 0.848427 0.017195 0.022191
0 0.082729 0.018178 0.017859 0.019416
0 0.474814 0.145750 0.016664 0.020658
0 0.728827 0.567851 0.016365 0.020249
0 0.690020 0.699320 0.017798 0.023242
0 0.293606 0.948336 0.017066 0.020670
0 0.063920 0.833278 0.014904 0.018886
0 0.787762 0.900418 0.019070 0.022490
0 0.918910 0.507597 0.017428 0.022224
0 0.048351 0.938934 0.017116 0.023470
0 0.166765 0.146163 0.017940 0.022357
0 0.901312 0.577647 0.018450 0.021716
0 0.221851 0.165478 0.016298 0.020393
0 0.584045 0.714329 0.016180 0.019809
0 0.136912 0.970126 0.015087 0.017565
0 0.150607 0.062421 0.016713 0.019592
0 0.959701 0.432083 0.018153 0.021733
0 0.232079 0.235796 0.017855 0.022608
0 0.898563 0.969818 0.014628 0.018390
0 0.231545 0.993220 0.017357 0.013561
0 0.246324 0.940443 0.016681 0.020094
0 0.261761 0.844977 0.018553 0.021236
0 0.894889 0.936514 0.017211 0.020691
0 0.134226 0.214304 0.016225 0.020945
0 0.339841 0.650284 0.015542 0.020585
0 0.852430 0.968871 0.017780 0.022335
0 0.925447 0.988556 0.014635 0.018022
0 0.544728 0.439779 0.016301 0.021110
0 0.577988 0.897170 0.018177 0.022152
0 0.587790 0.262204 0.017859 0.021725
0 0.466058 0.267987 0.018625 0.021753
0 0.521252 0.718648 0.017903 0.021797
0 0.313977 0.840482 0.016682 0.020732
0 0.063740 0.095175 0.016175 0.023677
0 0.102375 0.654212 0.019084 0.022922
0 0.657452 0.036053 0.012538 0.015911
0 0.397837 0.656295 0.016911 0.021273
0 0.392158 0.584383 0.016641 0.019166
0 0.221957 0.898159 0.018246 0.021997
0 0.336075 0.316413 0.017733 0.021054
0 0.009452 0.179732 0.012628 0.014332
0 0.049626 0.053136 0.016725 0.022906
0 0.735123 0.916568 0.017356 0.021961
0 0.650933 0.418738 0.022370 0.023588
0 0.773486 0.645127 0.016706 0.021559
0 0.459614 0.426409 0.016828 0.020756
0 0.130210 0.681340 0.016378 0.020909
0 0.378897 0.650312 0.013212 0.018062
0 0.717270 0.588085 0.016426 0.020913
0 0.861547 0.677235 0.017609 0.022113
0 0.457506 0.935572 0.018988 0.022525
0 0.354986 0.953461 0.013611 0.017744
0 0.283855 0.355602 0.015823 0.019400
0 0.793119 0.837562 0.013969 0.016321
0 0.078646 0.080678 0.014280 0.022063
0 0.262214 0.539747 0.016760 0.021048
0 0.917765 0.749899 0.016507 0.020805
0 0.376809 0.956244 0.016239 0.018788
0 0.299446 0.028999 0.015969 0.020851
0 0.675499 0.876558 0.015957 0.020137
0 0.094501 0.411690 0.013823 0.016091
0 0.217006 0.327286 0.016353 0.020466
0 0.456258 0.025929 0.011377 0.013607
0 0.517151 0.696208 0.016559 0.018873
0 0.123703 0.886825 0.018202 0.022134
0 0.433916 0.042596 0.021502 0.023567
0 0.357097 0.040546 0.015553 0.018702
0 0.935302 0.970837 0.013294 0.015899
0 0.991151 0.942364 0.015978 0.019438
0 0.881000 0.907624 0.015591 0.018696
0 0.304014 0.992800 0.017920 0.014399
0 0.981637 0.167114 0.011615 0.014344
0 0.903263 0.992052 0.014920 0.015897
0 0.620617 0.410081 0.012644 0.015909
0 0.580277 0.943482 0.014906 0.021158
0 0.389293 0.008313 0.014635 0.016626
0 0.748648 0.592079 0.014717 0.018162
0 0.336562 0.026028 0.016106 0.021404
0 0.093351 0.326102 0.013877 0.019470
0 0.668443 0.644848 0.013676 0.014557
0 0.154188 0.764204 0.014725 0.016446
0 0.392733 0.631924 0.014350 0.014655
0 0.089537 0.038204 0.013283 0.016529
0 0.505921 0.427476 0.013140 0.017124
0 0.478231 0.550372 0.014407 0.015774
0 0.176907 0.736351 0.012357 0.015009
0 0.349823 0.083588 0.011804 0.014668
0 0.462708 0.866302 0.014411 0.018731
0 0.340133 0.052585 0.015286 0.018931
0 0.245848 0.757658 0.012026 0.015102
0 0.592888 0.563388 0.013560 0.017389
0 0.709197 0.931988 0.012943 0.016623
0 0.681701 0.971334 0.011824 0.014356
0 0.578202 0.507540 0.016695 0.019229
0 0.782600 0.240954 0.012389 0.014962
0 0.978628 0.860478 0.011049 0.014687
0 0.459241 0.467763 0.012077 0.015403
0 0.300524 0.927448 0.011718 0.014995
0 0.403753 0.679822 0.013377 0.017472
0 0.229833 0.010686 0.012694 0.016674
0 0.527133 0.414737 0.012963 0.016833
0 0.526453 0.412528 0.015065 0.016051
0 0.835718 0.093988 0.012621 0.015826
0 0.957526 0.493818 0.011381 0.015635
0 0.808786 0.207028 0.012404 0.012392
0 0.431740 0.249032 0.011627 0.016427
0 0.908009 0.226479 0.010803 0.014744
0 0.782157 0.276690 0.011840 0.014301
0 0.799707 0.169072 0.012789 0.015141
0 0.707867 0.439000 0.011636 0.017161
0 0.679971 0.971216 0.012857 0.015753
0 0.303891 0.995222 0.018186 0.009555
0 0.371631 0.324457 0.011915 0.018214
