0 0.983431 0.650509 0.018641 0.025086
0 0.703641 0.272554 0.016938 0.022714
0 0.361344 0.824012 0.014672 0.018553
0 0.430280 0.742425 0.016449 0.019582
0 0.805853 0.558246 0.015881 0.020521
0 0.980893 0.958402 0.014112 0.017623
0 0.945153 0.328431 0.019935 0.022905
0 0.818525 0.862940 0.017085 0.020234
0 0.842737 0.847504 0.018114 0.023908
0 0.155335 0.492197 0.016242 0.019303
0 0.491712 0.527010 0.017134 0.022305
0 0.559315 0.512492 0.024035 0.031022
0 0.304451 0.579231 0.018553 0.021727
0 0.452358 0.859542 0.011652 0.015153
0 0.848770 0.960531 0.016017 0.019872
0 0.004495 0.812312 0.008990 0.020110
0 0.166391 0.726012 0.013659 0.016323
0 0.164978 0.022023 0.018997 0.021368
0 0.905350 0.730700 0.014598 0.019022
0 0.144942 0.114086 0.015522 0.018452
0 0.639727 0.577113 0.016693 0.022296
0 0.945668 0.456027 0.016361 0.019560
0 0.683636 0.287538 0.013992 0.018814
0 0.705485 0.849005 0.014472 0.017112
0 0.769321 0.659193 0.012903 0.017465
0 0.662536 0.578366 0.016265 0.021467
0 0.940135 0.723681 0.014520 0.017265
0 0.598312 0.183164 0.016978 0.021299
0 0.237686 0.669983 0.016045 0.019811
0 0.352628 0.302411 0.017882 0.022799
0 0.944469 0.295967 0.017082 0.019937
0 0.750656 0.788713 0.017512 0.019991
0 0.428689 0.838522 0.013789 0.017716
0 0.942039 0.101677 0.014633 0.018953
0 0.360297 0.468843 0.016003 0.018583
0 0.722360 0.250953 0.015645 0.020461
0 0.302146 0.873429 0.015585 0.020866
0 0.290018 0.805811 0.019248 0.021381
0 0.146952 0.172794 0.021272 0.026507
0 0.433458 0.247118 0.015294 0.020201
0 0.964162 0.939758 0.014250 0.016412
0 0.654186 0.343781 0.014799 0.017633
0 0.680407 0.645108 0.016555 0.020745
0 0.056202 0.120442 0.015244 0.019896
0 0.623075 0.943805 0.016068 0.020139
0 0.776639 0.007413 0.013676 0.012323
0 0.932238 0.878572 0.015245 0.019229
0 0.139003 0.739670 0.017115 0.020219
0 0.197216 0.484401 0.012124 0.014778
0 0.940709 0.811752 0.015936 0.019869
0 0.440886 0.199367 0.013461 0.017666
0 0.692870 0.713991 0.016297 0.019958
0 0.889650 0.771077 0.017995 0.023084
0 0.641315 0.977992 0.015294 0.018094
0 0.415821 0.855136 0.014188 0.018654
0 0.678879 0.961063 0.016662 0.020961
0 0.037303 0.805681 0.014870 0.019426
0 0.713793 0.869403 0.014492 0.018818
0 0.319621 0.551654 0.016049 0.020377
0 0.995312 0.921855 0.009376 0.023277
0 0.898364 0.680722 0.015860 0.019168
0 0.751702 0.867063 0.015613 0.020313
0 0.151641 0.521932 0.016758 0.020006
0 0.965738 0.973093 0.015536 0.018434
0 0.387367 0.842998 0.013934 0.017890
0 0.598290 0.057848 0.016350 0.020965
0 0.084048 0.357626 0.014598 0.019000
0 0.995831 0.777947 0.008339 0.023056
0 0.414438 0.091337 0.017429 0.021604
0 0.022907 0.166043 0.014198 0.017615
0 0.897958 0.467033 0.015947 0.018673
0 0.726085 0.975858 0.017582 0.021962
0 0.152212 0.444781 0.016827 0.021764
0 0.774018 0.568991 0.015634 0.018895
0 0.420250 0.467605 0.015499 0.019085
0 0.334653 0.239030 0.016216 0.019967
0 0.077739 0.388657 0.012362 0.019392
0 0.416484 0.551895 0.017101 0.020987
0 0.004138 0.712443 0.008276 0.018406
0 0.965804 0.540128 0.015417 0.020001
0 0.745176 0.284732 0.016881 0.022344
0 0.972991 0.486525 0.014466 0.020721
0 0.915805 0.455998 0.013038 0.018113
0 0.249754 0.386497 0.016441 0.020049
0 0.244914 0.517928 0.016719 0.021398
0 0.699441 0.762292 0.016475 0.020901
0 0.922344 0.745238 0.014387 0.017453
0 0.232648 0.313479 0.018831 0.023380
0 0.621109 0.057337 0.014954 0.019981
0 0.439402 0.616778 0.017986 0.020670
0 0.135728 0.358996 0.016663 0.020923
0 0.215090 0.840272 0.014817 0.018161
0 0.433171 0.433223 0.016546 0.020165
0 0.974498 0.463836 0.014221 0.015129
0 0.044947 0.383014 0.012541 0.017205
0 0.216497 0.452590 0.016092 0.018238
0 0.347645 0.810310 0.014856 0.019782
0 0.602951 0.859938 0.016638 0.020963
0 0.555658 0.317698 0.019647 0.023479
0 0.425321 0.152801 0.015904 0.020210
0 0.764434 0.297180 0.015796 0.020948
0 0.817717 0.796062 0.015343 0.017368
0 0.751265 0.962659 0.014277 0.019957
0 0.441740 0.581382 0.016797 0.019955
0 0.122668 0.915056 0.014939 0.018044
0 0.846729 0.462726 0.015795 0.022225
0 0.301530 0.052908 0.015711 0.018932
0 0.533244 0.533433 0.014000 0.016612
0 0.762321 0.802220 0.014461 0.018441
0 0.843803 0.940766 0.013483 0.015717
0 0.487692 0.461163 0.016631 0.020309
0 0.075866 0.243452 0.014539 0.020120
0 0.744264 0.980756 0.014209 0.016549
0 0.699085 0.249266 0.012062 0.013802
0 0.554031 0.664983 0.012861 0.016878
0 0.348230 0.543916 0.013878 0.017514
0 0.294458 0.126506 0.015216 0.019431
0 0.365573 0.008373 0.016200 0.014355
0 0.346423 0.730345 0.016348 0.020715
0 0.816502 0.334265 0.015737 0.019914
0 0.086153 0.503436 0.012800 0.014947
0 0.805802 0.179487 0.016728 0.019571
0 0.346811 0.105869 0.013950 0.017488
0 0.842420 0.569335 0.016950 0.020781
0 0.935613 0.419129 0.014876 0.018608
0 0.275236 0.194331 0.012949 0.017706
0 0.062000 0.487272 0.016993 0.022941
0 0.329840 0.291832 0.015063 0.019877
0 0.637629 0.360682 0.012646 0.016274
0 0.256881 0.317333 0.016343 0.020073
0 0.555418 0.982016 0.015758 0.019612
0 0.517758 0.743238 0.014327 0.016972
0 0.108809 0.592280 0.014997 0.019202
0 0.697304 0.056590 0.014480 0.018155
0 0.778653 0.458799 0.015647 0.021477
0 0.887122 0.091305 0.017271 0.017966
0 0.059866 0.418635 0.014182 0.017161
0 0.751410 0.654104 0.013677 0.019609
0 0.225395 0.367082 0.016698 0.020237
0 0.535437 0.225514 0.011853 0.015888
0 0.573008 0.190226 0.011411 0.013439
0 0.895734 0.970245 0.014885 0.018846
0 0.477381 0.305472 0.014922 0.018132
0 0.472515 0.327923 0.012592 0.019190
0 0.781102 0.206902 0.016649 0.019607
0 0.961195 0.148420 0.014366 0.017575
0 0.931652 0.835090 0.014343 0.017243
0 0.798622 0.824274 0.014983 0.017486
0 0.952417 0.293734 0.016284 0.021318
0 0.334550 0.080488 0.010556 0.014503
0 0.480510 0.326771 0.012884 0.019443
0 0.749588 0.966016 0.015395 0.023177
0 0.782006 0.463669 0.014566 0.017347
0 0.962109 0.182086 0.013194 0.015774
0 0.350311 0.564158 0.013966 0.017218
0 0.988559 0.226582 0.017163 0.019213
0 0.298022 0.285004 0.014796 0.016625
0 0.596476 0.034994 0.013200 0.013091
0 0.310605 0.104168 0.014383 0.016456
0 0.660253 0.827467 0.012003 0.015371
0 0.418164 0.730420 0.012332 0.014260
0 0.417958 0.015616 0.013993 0.022328
0 0.466634 0.431665 0.010407 0.012158
