0 0.592449 0.667985 0.016745 0.022494
0 0.627662 0.947082 0.019002 0.024952
0 0.123813 0.165709 0.020107 0.025438
0 0.515178 0.967161 0.020122 0.027563
0 0.765608 0.953547 0.016975 0.021188
0 0.237052 0.500729 0.016614 0.023779
0 0.118914 0.491100 0.016213 0.021080
0 0.282416 0.386311 0.018648 0.023056
0 0.840359 0.541890 0.017721 0.021542
0 0.515770 0.294587 0.018771 0.024666
0 0.075752 0.920096 0.015845 0.020431
0 0.070516 0.037040 0.018935 0.023294
0 0.189185 0.258135 0.015079 0.019855
0 0.253973 0.470988 0.019833 0.024460
0 0.859846 0.904777 0.014933 0.019276
0 0.817707 0.266552 0.015498 0.022678
0 0.466886 0.677440 0.017313 0.022371
0 0.385261 0.648315 0.013611 0.019369
0 0.821151 0.039934 0.016970 0.020903
0 0.950240 0.509742 0.016498 0.021753
0 0.325739 0.813960 0.015658 0.018209
0 0.816465 0.872922 0.017662 0.021398
0 0.470902 0.928265 0.018106 0.021921
0 0.746841 0.186396 0.018814 0.023732
0 0.046377 0.072057 0.017031 0.022029
0 0.786053 0.656498 0.016056 0.021037
0 0.482338 0.130402 0.019793 0.025765
0 0.098757 0.479282 0.016566 0.023283
0 0.624488 0.656421 0.016062 0.019652
0 0.369927 0.642545 0.013449 0.018918
0 0.705941 0.587536 0.016636 0.019861
0 0.754262 0.050717 0.017281 0.021480
0 0.133098 0.234240 0.017458 0.021532
0 0.017333 0.058686 0.015718 0.017986
0 0.388352 0.088045 0.016443 0.021271
0 0.036811 0.935794 0.017433 0.022931
0 0.936592 0.890773 0.016124 0.018581
0 0.449142 0.012220 0.016887 0.020166
0 0.288808 0.016109 0.020605 0.026293
0 0.533693 0.606457 0.016311 0.020046
0 0.331904 0.047384 0.015009 0.019581
0 0.218706 0.230116 0.018251 0.022638
0 0.486047 0.885184 0.017549 0.022220
0 0.205818 0.992403 0.015410 0.015111
0 0.096552 0.016334 0.011534 0.015731
0 0.070179 0.076999 0.016760 0.020117
0 0.306178 0.828924 0.016459 0.020397
0 0.380225 0.035384 0.015545 0.017557
0 0.276644 0.454736 0.018096 0.021039
0 0.658221 0.829677 0.014345 0.017805
0 0.005480 0.215625 0.010959 0.015189
0 0.254372 0.957591 0.014984 0.021399
0 0.113794 0.774195 0.016669 0.021547
0 0.023284 0.444649 0.018254 0.021669
0 0.128748 0.133551 0.017248 0.019794
0 0.846750 0.961728 0.014424 0.018590
0 0.971721 0.248850 0.018748 0.022522
0 0.956463 0.577658 0.013247 0.018208
0 0.682428 0.693602 0.016896 0.021483
0 0.659154 0.682634 0.017153 0.020868
0 0.329297 0.099524 0.016891 0.020469
0 0.752337 0.568477 0.016450 0.022675
0 0.561103 0.040832 0.014882 0.017549
0 0.535479 0.074049 0.016122 0.020675
0 0.641581 0.374778 0.016010 0.020064
0 0.012206 0.096202 0.015091 0.019002
0 0.420840 0.659283 0.015862 0.020360
0 0.212191 0.943590 0.016734 0.022019
0 0.808768 0.763590 0.018837 0.022785
0 0.113629 0.539011 0.016919 0.020809
0 0.350725 0.862216 0.019448 0.021804
0 0.808047 0.640865 0.018265 0.021758
0 0.010072 0.661005 0.017229 0.021892
0 0.824888 0.898529 0.015869 0.021308
0 0.651614 0.057597 0.016680 0.021540
0 0.431407 0.116590 0.016966 0.020324
0 0.847417 0.515160 0.018377 0.022628
0 0.676690 0.135088 0.017920 0.023767
0 0.505066 0.593990 0.015808 0.021842
0 0.204818 0.660029 0.015552 0.021154
0 0.788605 0.261323 0.015210 0.018163
0 0.853072 0.672611 0.018463 0.022864
0 0.811643 0.712623 0.017146 0.020725
0 0.208165 0.322006 0.016149 0.018603
0 0.569919 0.676596 0.015590 0.020533
0 0.504652 0.553623 0.016813 0.022303
0 0.710801 0.547295 0.019180 0.023108
0 0.808805 0.406930 0.017766 0.021527
0 0.740947 0.950566 0.016535 0.019381
0 0.628761 0.082068 0.013924 0.017110
0 0.017186 0.895740 0.016455 0.020712
0 0.373594 0.813041 0.019639 0.024922
0 0.312533 0.041492 0.016656 0.021334
0 0.605014 0.355471 0.019403 0.023187
0 0.419299 0.503184 0.014419 0.018104
0 0.982184 0.717777 0.017418 0.021475
0 0.751844 0.859995 0.018059 0.024117
0 0.529548 0.991936 0.014781 0.015207
0 0.672742 0.989979 0.015206 0.016679
0 0.886801 0.101224 0.017390 0.021690
0 0.845764 0.036798 0.014709 0.023204
0 0.021036 0.502959 0.016028 0.019592
0 0.070654 0.712804 0.017299 0.021721
0 0.173507 0.905908 0.016421 0.022540
0 0.181251 0.975813 0.018154 0.022355
0 0.089518 0.850711 0.017106 0.022911
0 0.827194 0.578856 0.015648 0.020611
0 0.974058 0.873562 0.018971 0.023205
0 0.201076 0.915118 0.015413 0.021574
0 0.026911 0.129194 0.016228 0.021021
0 0.270308 0.773623 0.016854 0.022654
0 0.737353 0.988396 0.017247 0.019242
0 0.054903 0.680518 0.015943 0.019414
0 0.996286 0.388400 0.007427 0.021997
0 0.366176 0.975977 0.015285 0.019125
0 0.818294 0.969145 0.017023 0.020830
0 0.453038 0.261919 0.017334 0.024008
0 0.468332 0.337257 0.014416 0.017506
0 0.908401 0.135094 0.015593 0.021253
0 0.260249 0.516562 0.015944 0.022417
0 0.655203 0.604139 0.017366 0.025737
0 0.535321 0.437155 0.017373 0.021129
0 0.109402 0.914598 0.014286 0.017257
0 0.401691 0.669623 0.014188 0.017506
0 0.832133 0.250214 0.012401 0.016007
0 0.651443 0.536548 0.017334 0.019344
0 0.783794 0.822194 0.016895 0.021316
0 0.046200 0.898143 0.013878 0.019556
0 0.238686 0.933547 0.011660 0.013853
0 0.460145 0.134084 0.015406 0.021750
0 0.296981 0.100039 0.015735 0.019183
0 0.939915 0.689608 0.012358 0.013695
0 0.489396 0.721509 0.011999 0.017284
0 0.551529 0.336214 0.016194 0.021055
0 0.688500 0.131786 0.014590 0.021220
0 0.036732 0.878674 0.013160 0.016109
0 0.133628 0.073368 0.016123 0.020090
0 0.753354 0.010162 0.012499 0.015948
0 0.628240 0.771998 0.017288 0.021835
0 0.195944 0.340877 0.015952 0.020727
0 0.020961 0.478865 0.014869 0.018363
0 0.890218 0.980534 0.014240 0.014819
0 0.584720 0.232578 0.013629 0.016036
0 0.814705 0.075841 0.014189 0.018037
0 0.311488 0.017055 0.015959 0.021365
0 0.739211 0.267558 0.014746 0.017432
0 0.316444 0.534124 0.011641 0.015395
0 0.048605 0.111978 0.015499 0.018931
0 0.363475 0.227622 0.014615 0.017304
0 0.742819 0.502391 0.015628 0.017212
0 0.332791 0.019919 0.015803 0.023005
0 0.804318 0.986419 0.014120 0.019224
0 0.865450 0.625768 0.015729 0.019499
0 0.489848 0.529088 0.014573 0.017765
0 0.518958 0.680949 0.014975 0.019247
0 0.400055 0.012834 0.013571 0.019422
0 0.406288 0.426766 0.011618 0.014938
0 0.069019 0.480964 0.013443 0.016742
0 0.090547 0.906860 0.011551 0.012811
0 0.834915 0.914185 0.012092 0.015352
0 0.303046 0.547700 0.015308 0.018528
0 0.700396 0.013912 0.014989 0.020226
0 0.462865 0.873236 0.014413 0.018761
0 0.669742 0.802444 0.013929 0.017053
0 0.421762 0.039784 0.016644 0.021469
0 0.783085 0.076140 0.018761 0.021437
0 0.612695 0.114122 0.016755 0.019678
0 0.020727 0.311635 0.013300 0.014930
0 0.709881 0.979090 0.013035 0.015478
0 0.657395 0.609708 0.016517 0.022308
0 0.252879 0.598317 0.016319 0.019257
0 0.496250 0.385006 0.013545 0.020359
0 0.682655 0.133601 0.024290 0.025183
0 0.739370 0.589614 0.013946 0.017867
0 0.634929 0.472063 0.011817 0.014867
0 0.350771 0.637231 0.013013 0.017405
0 0.356755 0.038019 0.015520 0.017943
0 0.224099 0.656137 0.011705 0.013560
0 0.735874 0.240728 0.013896 0.017192
0 0.363223 0.951562 0.013696 0.018605
0 0.891909 0.990499 0.014887 0.014941
0 0.824904 0.005673 0.015825 0.011346
0 0.238276 0.966643 0.012320 0.018744
0 0.084614 0.702557 0.011518 0.013327
0 0.153104 0.792326 0.012391 0.016311
0 0.432645 0.178805 0.011946 0.016167
0 0.098170 0.143061 0.012650 0.015090
0 0.743117 0.466132 0.013827 0.016762
