0 0.703795 0.272838 0.017057 0.022201
0 0.979840 0.992170 0.012229 0.014222
0 0.945569 0.328355 0.019710 0.023084
0 0.558907 0.522082 0.026879 0.033605
0 0.641080 0.575450 0.017562 0.021845
0 0.348195 0.543148 0.015848 0.020161
0 0.720727 0.253190 0.015385 0.020273
0 0.062751 0.154985 0.016262 0.019459
0 0.433349 0.247396 0.013635 0.018572
0 0.939966 0.812877 0.016961 0.020348
0 0.915601 0.754948 0.015142 0.017906
0 0.304996 0.579389 0.017786 0.020563
0 0.435420 0.434457 0.016580 0.020458
0 0.758764 0.881029 0.014755 0.018924
0 0.868784 0.993530 0.016741 0.012941
0 0.730818 0.884424 0.014743 0.018265
0 0.857330 0.981813 0.012966 0.015114
0 0.355447 0.320473 0.018662 0.021373
0 0.433742 0.754128 0.016646 0.020455
0 0.234382 0.312970 0.019819 0.023543
0 0.838879 0.895655 0.015859 0.018190
0 0.683725 0.287338 0.013333 0.017717
0 0.598319 0.183643 0.016346 0.022233
0 0.766781 0.663054 0.013403 0.017522
0 0.556476 0.709509 0.011914 0.014210
0 0.771401 0.832551 0.017991 0.021346
0 0.603445 0.091361 0.015644 0.020693
0 0.872679 0.511691 0.017367 0.020020
0 0.362209 0.822764 0.015216 0.018312
0 0.709331 0.705361 0.016164 0.022029
0 0.145829 0.543299 0.015126 0.019565
0 0.932001 0.879215 0.014849 0.019396
0 0.329808 0.099157 0.012500 0.016057
0 0.164994 0.229343 0.021244 0.026433
0 0.488212 0.458608 0.016944 0.022314
0 0.945258 0.749020 0.015908 0.018820
0 0.023939 0.762897 0.016660 0.020986
0 0.229062 0.367998 0.015264 0.020198
0 0.182037 0.781158 0.013240 0.016430
0 0.964633 0.971616 0.015860 0.020829
0 0.901029 0.779649 0.019093 0.022935
0 0.668741 0.622533 0.016916 0.022264
0 0.944509 0.457951 0.016711 0.020497
0 0.034231 0.194327 0.014201 0.018385
0 0.982872 0.650443 0.018728 0.022658
0 0.459279 0.906161 0.013073 0.016771
0 0.555055 0.318319 0.019960 0.024015
0 0.352302 0.271510 0.015997 0.020304
0 0.170450 0.524931 0.016752 0.019316
0 0.814344 0.569994 0.014925 0.019354
0 0.294527 0.804994 0.017887 0.022106
0 0.820827 0.247605 0.017134 0.020572
0 0.279969 0.349899 0.016330 0.022099
0 0.678708 0.960980 0.015865 0.019805
0 0.165371 0.023356 0.017421 0.021567
0 0.867418 0.896819 0.018097 0.023619
0 0.003868 0.291928 0.007737 0.023414
0 0.321520 0.551430 0.016937 0.021450
0 0.216834 0.452925 0.017106 0.020515
0 0.699209 0.764663 0.016253 0.022094
0 0.416014 0.854736 0.014056 0.018840
0 0.947238 0.294468 0.021279 0.022747
0 0.019272 0.863298 0.015318 0.017768
0 0.897605 0.468942 0.016350 0.019141
0 0.643020 0.975110 0.016104 0.019295
0 0.415749 0.552336 0.016647 0.021876
0 0.799682 0.824375 0.014656 0.018088
0 0.123439 0.944237 0.014581 0.018637
0 0.135284 0.359318 0.018034 0.020612
0 0.450731 0.235393 0.013376 0.017445
0 0.897444 0.698356 0.015523 0.018493
0 0.360369 0.469312 0.016253 0.020229
0 0.250076 0.388851 0.014982 0.018970
0 0.301799 0.051521 0.016397 0.021245
0 0.785258 0.034881 0.013758 0.017218
0 0.827655 0.217458 0.016892 0.020167
0 0.750773 0.968792 0.013618 0.018004
0 0.329966 0.924684 0.014756 0.019871
0 0.365210 0.008096 0.015399 0.015481
0 0.245056 0.517482 0.017062 0.021896
0 0.976788 0.188190 0.012837 0.017635
0 0.101163 0.400296 0.012526 0.015605
0 0.743432 0.902307 0.014115 0.016700
0 0.510856 0.566424 0.016849 0.021751
0 0.995708 0.778565 0.008584 0.022647
0 0.207704 0.491704 0.013260 0.016742
0 0.604592 0.860713 0.017978 0.023422
0 0.387339 0.843007 0.014174 0.017588
0 0.225391 0.899361 0.016793 0.019690
0 0.477773 0.309732 0.016686 0.020838
0 0.778230 0.574649 0.014834 0.017682
0 0.830592 0.839789 0.014002 0.017985
0 0.457646 0.602620 0.015311 0.021204
0 0.414462 0.092707 0.017582 0.021623
0 0.145518 0.115155 0.016202 0.018647
0 0.986163 0.567919 0.015172 0.021065
0 0.847052 0.568997 0.014603 0.022491
0 0.237248 0.670022 0.016537 0.020348
0 0.689409 0.715125 0.016731 0.022502
0 0.588315 0.232230 0.011725 0.014437
0 0.918018 0.111333 0.016753 0.019695
0 0.425348 0.150504 0.016446 0.019969
0 0.518353 0.743947 0.014381 0.017312
0 0.951287 0.123284 0.015131 0.018279
0 0.157460 0.774541 0.016136 0.020433
0 0.747119 0.281013 0.017036 0.020827
0 0.677512 0.373163 0.016080 0.017127
0 0.429469 0.867533 0.015403 0.017881
0 0.908214 0.733033 0.015115 0.017067
0 0.422485 0.468194 0.014110 0.019397
0 0.343583 0.576251 0.015333 0.019459
0 0.151004 0.447192 0.017467 0.024351
0 0.079552 0.252389 0.016149 0.020679
0 0.052333 0.871726 0.014592 0.018337
0 0.962102 0.180397 0.012754 0.017326
0 0.348147 0.810710 0.014147 0.019013
0 0.986075 0.963727 0.013180 0.016567
0 0.331393 0.292515 0.016365 0.019905
0 0.062891 0.485135 0.017014 0.025266
0 0.699617 0.249446 0.011949 0.013926
0 0.346119 0.731844 0.016473 0.021909
0 0.693915 0.058470 0.016099 0.019919
0 0.086649 0.542868 0.013952 0.017606
0 0.043374 0.384404 0.013369 0.019288
0 0.354983 0.151918 0.015004 0.018636
0 0.293189 0.222758 0.012911 0.015799
0 0.962276 0.441085 0.014722 0.017533
0 0.081619 0.400624 0.014006 0.015392
0 0.990557 0.499086 0.015189 0.017860
0 0.621216 0.059279 0.016792 0.019288
0 0.296657 0.128293 0.014357 0.017276
0 0.774274 0.309858 0.016857 0.017970
0 0.834491 0.372553 0.016858 0.019278
0 0.734372 0.983832 0.014276 0.017217
0 0.129713 0.625014 0.014459 0.019576
0 0.012814 0.306760 0.013289 0.018312
0 0.661337 0.397020 0.014136 0.017676
0 0.439664 0.618723 0.016060 0.020154
0 0.003977 0.992661 0.007894 0.014678
0 0.915633 0.457449 0.012860 0.016674
0 0.944414 0.871182 0.012783 0.016390
0 0.555934 0.982987 0.016753 0.018247
0 0.313907 0.097507 0.013591 0.017502
0 0.060164 0.424966 0.015261 0.018769
0 0.552658 0.248773 0.011203 0.014368
0 0.489460 0.344380 0.017379 0.019119
0 0.782945 0.462551 0.014834 0.018941
0 0.533196 0.534139 0.013569 0.017099
0 0.493609 0.344826 0.014841 0.018587
0 0.786335 0.841212 0.013426 0.018400
0 0.005637 0.411002 0.011108 0.013650
0 0.952393 0.123182 0.017998 0.023034
0 0.962813 0.967988 0.018672 0.027044
0 0.736491 0.985934 0.017195 0.020395
0 0.532850 0.401855 0.013940 0.018589
0 0.778271 0.456451 0.018205 0.022427
0 0.297396 0.126410 0.016597 0.022084
0 0.699313 0.690027 0.012530 0.015349
0 0.265934 0.117822 0.014162 0.016889
0 0.451601 0.233730 0.017179 0.020744
0 0.869219 0.994648 0.016669 0.010704
0 0.749191 0.654607 0.015436 0.020521
0 0.297588 0.284182 0.016444 0.018987
0 0.451923 0.474966 0.010650 0.012149
0 0.415367 0.748685 0.012250 0.016935
