0 0.514737 0.967474 0.020199 0.027119
0 0.282061 0.386057 0.019269 0.023413
0 0.627957 0.945726 0.019179 0.025115
0 0.836365 0.540216 0.019606 0.023200
0 0.255105 0.472231 0.017955 0.024034
0 0.482371 0.132081 0.018877 0.026069
0 0.753009 0.050589 0.016144 0.021434
0 0.123481 0.163338 0.019319 0.023489
0 0.309917 0.010889 0.014901 0.019392
0 0.816722 0.867685 0.018112 0.021680
0 0.847571 0.515062 0.018292 0.022591
0 0.538095 0.598692 0.016785 0.020390
0 0.474613 0.916471 0.017742 0.021396
0 0.815659 0.044132 0.015879 0.019050
0 0.604558 0.349721 0.017898 0.023221
0 0.809643 0.268307 0.018204 0.020616
0 0.118455 0.490752 0.016645 0.021502
0 0.288264 0.019080 0.017925 0.022947
0 0.207330 0.984772 0.014007 0.017816
0 0.732544 0.945335 0.017379 0.018770
0 0.263884 0.511860 0.015778 0.019739
0 0.369881 0.640946 0.013535 0.020187
0 0.822038 0.007626 0.017016 0.013623
0 0.449180 0.018896 0.017358 0.020915
0 0.328140 0.810301 0.015596 0.020217
0 0.981573 0.713756 0.017827 0.022161
0 0.744835 0.182639 0.018236 0.021619
0 0.037765 0.933749 0.018934 0.025381
0 0.235065 0.498642 0.017657 0.023710
0 0.077286 0.920921 0.017159 0.023141
0 0.568831 0.046327 0.015832 0.017749
0 0.621997 0.659534 0.015863 0.020852
0 0.040440 0.504069 0.016851 0.019624
0 0.658395 0.676434 0.017074 0.021585
0 0.130728 0.233900 0.017556 0.021911
0 0.241817 0.936273 0.012850 0.016485
0 0.204530 0.908433 0.014762 0.019265
0 0.326982 0.098135 0.017165 0.020809
0 0.254656 0.957473 0.016073 0.020713
0 0.387878 0.087866 0.016074 0.020956
0 0.819717 0.897011 0.016924 0.021602
0 0.070553 0.039309 0.018996 0.021865
0 0.549350 0.074882 0.015605 0.019414
0 0.214483 0.652377 0.016129 0.019749
0 0.533918 0.436994 0.015729 0.019739
0 0.305340 0.825795 0.017848 0.022080
0 0.098913 0.478785 0.015826 0.022983
0 0.018687 0.064377 0.016204 0.019403
0 0.375301 0.807489 0.020080 0.023723
0 0.660437 0.611504 0.014012 0.023927
0 0.716404 0.545162 0.017374 0.022898
0 0.645271 0.366340 0.015024 0.019985
0 0.047884 0.070898 0.016257 0.020697
0 0.187231 0.970980 0.017905 0.021435
0 0.816432 0.083451 0.014778 0.017906
0 0.217885 0.229015 0.017232 0.020747
0 0.466137 0.677864 0.015769 0.020863
0 0.855039 0.036044 0.010848 0.013747
0 0.858047 0.899875 0.017037 0.019572
0 0.362508 0.855531 0.019665 0.021071
0 0.044271 0.439124 0.019388 0.025973
0 0.173589 0.899425 0.016978 0.022719
0 0.760558 0.951101 0.016353 0.019828
0 0.071406 0.074529 0.018002 0.021891
0 0.196010 0.249582 0.016163 0.019430
0 0.645761 0.536807 0.017338 0.021835
0 0.384282 0.648414 0.014871 0.019951
0 0.733511 0.977149 0.016563 0.019733
0 0.311630 0.036932 0.016400 0.021494
0 0.806191 0.406130 0.017838 0.021448
0 0.805520 0.763027 0.018257 0.022119
0 0.907831 0.137645 0.014878 0.018259
0 0.787275 0.655987 0.016328 0.021128
0 0.684257 0.695099 0.015826 0.021201
0 0.520004 0.294728 0.017511 0.023218
0 0.970444 0.875615 0.017928 0.023188
0 0.508400 0.592883 0.016794 0.020366
0 0.590612 0.662351 0.017140 0.021958
0 0.552807 0.331098 0.016133 0.020851
0 0.011466 0.660008 0.017699 0.022529
0 0.373044 0.044489 0.015248 0.018567
0 0.486923 0.879561 0.016839 0.022165
0 0.817040 0.967615 0.016735 0.019806
0 0.418831 0.661279 0.014452 0.017586
0 0.936057 0.888149 0.015016 0.018555
0 0.275419 0.454506 0.017142 0.020687
0 0.012184 0.093372 0.015765 0.019934
0 0.013788 0.217498 0.012508 0.015297
0 0.566467 0.674382 0.014813 0.019977
0 0.748160 0.856699 0.019713 0.024356
0 0.841196 0.949206 0.014568 0.019519
0 0.864581 0.624887 0.015957 0.020544
0 0.504391 0.557354 0.016301 0.020028
0 0.883357 0.105285 0.016729 0.020719
0 0.647723 0.057227 0.017212 0.021902
0 0.805312 0.636468 0.017981 0.021916
0 0.657001 0.826155 0.017633 0.022112
0 0.739325 0.499370 0.013438 0.019417
0 0.129283 0.131799 0.017347 0.019899
0 0.426496 0.113554 0.015748 0.019459
0 0.807655 0.708262 0.016239 0.020169
0 0.674610 0.989960 0.014602 0.016481
0 0.113009 0.539648 0.016484 0.021767
0 0.826294 0.579425 0.015552 0.018669
0 0.949030 0.509124 0.017191 0.021272
0 0.127446 0.761135 0.018299 0.023687
0 0.089408 0.848233 0.016718 0.023811
0 0.205596 0.323708 0.016400 0.018838
0 0.221789 0.295303 0.011855 0.017267
0 0.425322 0.511903 0.013905 0.017811
0 0.852263 0.670139 0.018472 0.022723
0 0.751655 0.566531 0.018330 0.022117
0 0.704466 0.586764 0.016631 0.022338
0 0.208888 0.936529 0.018111 0.023074
0 0.045252 0.896613 0.014484 0.016940
0 0.777079 0.812765 0.016736 0.020845
0 0.035679 0.875683 0.014610 0.018211
0 0.996015 0.387724 0.007970 0.020980
0 0.315808 0.550201 0.015577 0.019375
0 0.098492 0.021805 0.013874 0.016191
0 0.466196 0.337244 0.014876 0.018681
0 0.975650 0.976738 0.013258 0.017138
0 0.016364 0.894128 0.015231 0.018603
0 0.328948 0.047385 0.013654 0.019231
0 0.399770 0.012997 0.014017 0.020257
0 0.672514 0.792997 0.013665 0.018386
0 0.674737 0.137379 0.016382 0.024335
0 0.629309 0.089449 0.013818 0.016939
0 0.453066 0.261935 0.018849 0.022257
0 0.806194 0.988665 0.014325 0.017764
0 0.262517 0.593490 0.015007 0.018308
0 0.967652 0.243038 0.019895 0.023360
0 0.786946 0.272377 0.012805 0.018603
0 0.632736 0.763949 0.017653 0.026763
0 0.295673 0.097167 0.015218 0.018565
0 0.059599 0.130229 0.012101 0.015813
0 0.949631 0.199811 0.013271 0.017404
0 0.841523 0.049882 0.013839 0.017545
0 0.738955 0.587003 0.015190 0.019419
0 0.113009 0.915964 0.015035 0.018787
0 0.726972 0.043730 0.013142 0.015438
0 0.461172 0.870622 0.015062 0.017704
0 0.873116 0.054848 0.011479 0.015423
0 0.461463 0.133426 0.016323 0.022421
0 0.203240 0.348182 0.017091 0.020838
0 0.317438 0.641275 0.012034 0.015694
0 0.036134 0.307023 0.013130 0.016338
0 0.756336 0.990590 0.017014 0.015627
0 0.032074 0.131989 0.017882 0.023503
0 0.950255 0.562805 0.014386 0.016752
0 0.538351 0.982770 0.014266 0.018953
0 0.612022 0.113095 0.016755 0.021494
0 0.497766 0.718508 0.013256 0.014613
0 0.084039 0.699415 0.017047 0.022195
0 0.368781 0.971896 0.013646 0.015733
0 0.271852 0.226175 0.013495 0.019130
0 0.364559 0.950584 0.014705 0.018449
0 0.398157 0.670448 0.017792 0.019607
0 0.517547 0.675743 0.015655 0.019912
0 0.781574 0.074881 0.019139 0.022289
0 0.349006 0.039806 0.014936 0.018971
0 0.032758 0.475053 0.016611 0.018743
0 0.738373 0.251578 0.015961 0.019084
0 0.145069 0.072201 0.013112 0.016564
0 0.838427 0.911744 0.011223 0.013824
0 0.422924 0.037180 0.015369 0.021571
0 0.820199 0.007732 0.018273 0.015464
0 0.112946 0.562166 0.012314 0.016396
0 0.829441 0.256390 0.013455 0.018488
0 0.068840 0.670903 0.013735 0.017650
0 0.697187 0.013372 0.014552 0.020240
0 0.380691 0.232585 0.014908 0.016873
0 0.687208 0.129733 0.014107 0.018768
0 0.708612 0.979325 0.012292 0.015467
0 0.002727 0.307512 0.005454 0.014195
0 0.333968 0.015795 0.016890 0.022300
0 0.051231 0.107296 0.015466 0.016900
0 0.686016 0.131837 0.015059 0.021156
0 0.733962 0.275609 0.012786 0.017100
0 0.812406 0.080862 0.016704 0.019095
0 0.422638 0.422685 0.011213 0.014996
0 0.557956 0.450807 0.012452 0.017472
0 0.490203 0.525254 0.012909 0.014945
0 0.585369 0.248554 0.012205 0.016188
0 0.997122 0.650229 0.005756 0.018816
0 0.422580 0.007436 0.013512 0.014871
0 0.314095 0.531636 0.011790 0.012922
0 0.017670 0.922961 0.011748 0.014762
0 0.695690 0.016317 0.014368 0.019256
0 0.827813 0.577102 0.016531 0.022452
