0 0.233219 0.555209 0.019739 0.023644
0 0.912073 0.883782 0.017222 0.020993
0 0.007421 0.198267 0.014841 0.023879
0 0.235963 0.741696 0.015366 0.022178
0 0.861211 0.256395 0.016970 0.020592
0 0.153636 0.896493 0.019255 0.023798
0 0.790982 0.204520 0.018553 0.024840
0 0.691347 0.851030 0.020350 0.024881
0 0.981087 0.293120 0.017638 0.021980
0 0.782635 0.839239 0.021298 0.026952
0 0.183785 0.888461 0.019717 0.023393
0 0.279402 0.312081 0.018096 0.022334
0 0.692761 0.235187 0.017040 0.021820
0 0.326031 0.156672 0.018857 0.022847
0 0.809868 0.246731 0.016855 0.020983
0 0.343126 0.944407 0.017972 0.022462
0 0.675609 0.216336 0.016037 0.022536
0 0.875400 0.873899 0.015525 0.019281
0 0.126387 0.191007 0.017147 0.018798
0 0.418769 0.187919 0.016866 0.020774
0 0.210350 0.736846 0.018564 0.021013
0 0.008550 0.876799 0.015916 0.018336
0 0.629244 0.264821 0.016112 0.022582
0 0.643709 0.473060 0.014998 0.018660
0 0.520850 0.406608 0.017438 0.021673
0 0.985605 0.894876 0.016558 0.020114
0 0.789564 0.868894 0.018404 0.023024
0 0.154507 0.030551 0.017257 0.019435
0 0.234107 0.737049 0.018298 0.028431
0 0.057768 0.164293 0.015221 0.020209
0 0.418664 0.035565 0.015709 0.018644
0 0.346070 0.312498 0.014878 0.020331
0 0.086843 0.505005 0.020691 0.022938
0 0.275023 0.434128 0.017616 0.020858
0 0.118868 0.231115 0.019151 0.025131
0 0.267906 0.637970 0.016862 0.023318
0 0.316200 0.041408 0.017700 0.022747
0 0.367647 0.267027 0.018842 0.022955
0 0.294026 0.714336 0.017151 0.021280
0 0.035209 0.822839 0.017433 0.022712
0 0.124144 0.908026 0.018517 0.024083
0 0.116256 0.043244 0.015077 0.017360
0 0.836178 0.506783 0.022143 0.023831
0 0.812106 0.181837 0.019572 0.022366
0 0.631280 0.111046 0.015822 0.018434
0 0.121576 0.731405 0.023949 0.026958
0 0.050980 0.684900 0.016212 0.018983
0 0.047592 0.414822 0.017688 0.021382
0 0.653337 0.261021 0.019681 0.030572
0 0.821966 0.213530 0.014475 0.016367
0 0.870184 0.099967 0.017617 0.020521
0 0.052134 0.090158 0.014444 0.018463
0 0.786650 0.057728 0.016278 0.021207
0 0.538981 0.758434 0.017820 0.022213
0 0.773663 0.232947 0.015987 0.018047
0 0.551476 0.148064 0.013969 0.017441
0 0.482637 0.493729 0.017277 0.019013
0 0.124439 0.795266 0.016780 0.021768
0 0.276268 0.614047 0.016761 0.017326
0 0.411068 0.469307 0.016221 0.020119
0 0.539336 0.651932 0.014886 0.017654
0 0.480700 0.781806 0.016437 0.022171
0 0.909098 0.399935 0.016922 0.023570
0 0.138224 0.651082 0.017058 0.019452
0 0.896785 0.355675 0.015720 0.020397
0 0.300899 0.285885 0.012347 0.015972
0 0.870724 0.624074 0.017378 0.018636
0 0.299581 0.153737 0.014879 0.018343
0 0.038418 0.897456 0.018235 0.020225
0 0.768997 0.205425 0.015063 0.022828
0 0.245281 0.579512 0.015783 0.021498
0 0.829514 0.984106 0.017257 0.019525
0 0.307933 0.390049 0.014838 0.017416
0 0.008831 0.703990 0.017079 0.019605
0 0.884612 0.422038 0.017190 0.021750
0 0.954849 0.231494 0.014132 0.017888
0 0.600408 0.149209 0.015024 0.017211
0 0.083135 0.874613 0.013775 0.017610
0 0.302334 0.418769 0.015267 0.018323
0 0.242473 0.441946 0.016298 0.020266
0 0.065219 0.196947 0.017339 0.022856
0 0.639079 0.298722 0.015208 0.018102
0 0.431313 0.667844 0.015079 0.019093
0 0.991744 0.240207 0.015554 0.018819
0 0.493857 0.103517 0.016667 0.021136
0 0.842501 0.504776 0.014850 0.020348
0 0.307651 0.261346 0.012743 0.017375
0 0.555617 0.194710 0.015616 0.019875
0 0.051258 0.124305 0.016340 0.018225
0 0.812820 0.693463 0.016462 0.019049
0 0.107232 0.414727 0.016195 0.017244
0 0.263332 0.571417 0.014470 0.019596
0 0.082530 0.948506 0.017245 0.020950
0 0.653454 0.265120 0.018098 0.023349
0 0.317758 0.241105 0.011892 0.016051
