0 0.484261 0.209781 0.020689 0.022610
0 0.482846 0.481834 0.017393 0.019957
0 0.014772 0.843090 0.019542 0.025338
0 0.825827 0.755143 0.023442 0.030496
0 0.271940 0.742173 0.016952 0.022543
0 0.099896 0.507685 0.018030 0.022635
0 0.781761 0.491697 0.019026 0.023052
0 0.782034 0.212236 0.015672 0.018777
0 0.007778 0.030516 0.015557 0.023810
0 0.985695 0.293370 0.017820 0.022031
0 0.492652 0.412752 0.021136 0.024721
0 0.098657 0.875384 0.023830 0.028675
0 0.507746 0.281540 0.018482 0.020722
0 0.936330 0.121857 0.018421 0.024681
0 0.327386 0.245467 0.019134 0.022528
0 0.427236 0.500967 0.021012 0.024293
0 0.880016 0.881417 0.017788 0.021606
0 0.944616 0.770750 0.019274 0.022935
0 0.567876 0.836935 0.019306 0.021636
0 0.139294 0.743886 0.017337 0.022119
0 0.622802 0.464365 0.019432 0.023444
0 0.246988 0.558177 0.019059 0.024706
0 0.924958 0.888714 0.016446 0.022692
0 0.084226 0.306821 0.021051 0.025541
0 0.786708 0.240125 0.018356 0.022159
0 0.895347 0.291404 0.023065 0.023151
0 0.895454 0.421576 0.019994 0.024646
0 0.806082 0.457828 0.020305 0.024156
0 0.593788 0.103851 0.020008 0.025501
0 0.185261 0.591783 0.018736 0.023587
0 0.331900 0.324007 0.016684 0.020339
0 0.552716 0.658613 0.016510 0.019542
0 0.316083 0.267587 0.018752 0.023094
0 0.876278 0.641495 0.019400 0.023541
0 0.636846 0.400455 0.019896 0.023879
0 0.139155 0.279473 0.020548 0.024440
0 0.911151 0.958530 0.019543 0.025760
0 0.657453 0.941890 0.019135 0.024149
0 0.027314 0.926733 0.021181 0.024304
0 0.375244 0.323692 0.017745 0.020444
0 0.538729 0.678594 0.018463 0.019524
0 0.804705 0.738561 0.018686 0.022631
0 0.819116 0.862543 0.017367 0.021537
0 0.171663 0.220298 0.018733 0.022226
0 0.489099 0.150414 0.017889 0.022825
0 0.373097 0.821023 0.017980 0.024192
0 0.907088 0.116820 0.019063 0.027143
0 0.526991 0.412500 0.020853 0.024806
0 0.586815 0.613091 0.019367 0.022534
0 0.249590 0.745890 0.014942 0.020263
0 0.073063 0.525470 0.019146 0.023203
0 0.507914 0.254614 0.015455 0.019739
0 0.582242 0.505778 0.016817 0.020731
0 0.492543 0.585100 0.018805 0.023133
0 0.346082 0.302266 0.015521 0.020095
0 0.452952 0.318830 0.016138 0.021761
0 0.116691 0.135976 0.017909 0.021989
0 0.805654 0.881358 0.020430 0.023025
0 0.313501 0.880119 0.019695 0.023659
0 0.538834 0.702132 0.018901 0.019033
0 0.738866 0.140058 0.018255 0.023370
0 0.444175 0.674173 0.016760 0.020257
0 0.164535 0.897713 0.021067 0.025308
0 0.779754 0.382965 0.019858 0.020720
0 0.054084 0.420853 0.017435 0.021588
0 0.609575 0.878371 0.019000 0.024620
0 0.270841 0.600512 0.016645 0.020798
0 0.192068 0.717694 0.026824 0.035349
0 0.811336 0.090179 0.016861 0.023887
0 0.946026 0.683481 0.018910 0.023407
0 0.406006 0.735112 0.018632 0.020342
0 0.938995 0.888477 0.012817 0.021229
0 0.843503 0.409219 0.019035 0.025034
0 0.316291 0.156880 0.018643 0.021993
0 0.315085 0.803476 0.017143 0.020071
0 0.856484 0.435367 0.019677 0.023064
0 0.491998 0.237803 0.018282 0.021967
0 0.041383 0.184536 0.019289 0.025669
0 0.614880 0.156419 0.017850 0.022116
0 0.939263 0.738831 0.016688 0.021954
0 0.321508 0.854385 0.022309 0.022404
0 0.346694 0.378003 0.014827 0.020711
0 0.143837 0.336738 0.017166 0.020696
0 0.564948 0.084099 0.023573 0.030234
0 0.222270 0.724306 0.016970 0.020889
0 0.693216 0.224319 0.017314 0.020904
0 0.304710 0.369342 0.029860 0.033031
0 0.433587 0.543238 0.017467 0.022323
0 0.558323 0.157149 0.015917 0.018813
0 0.228927 0.886560 0.023738 0.024185
0 0.682520 0.197674 0.017455 0.021574
0 0.499099 0.503656 0.015336 0.019213
0 0.404347 0.343097 0.013538 0.017398
0 0.147381 0.512576 0.018825 0.025463
0 0.484644 0.261558 0.014826 0.019595
0 0.580494 0.189896 0.015938 0.019128
0 0.276856 0.579073 0.015409 0.017845
0 0.895803 0.900053 0.015699 0.019346
0 0.931675 0.888960 0.026715 0.023239
0 0.973264 0.474363 0.017135 0.020297
0 0.300522 0.367818 0.025319 0.029447
0 0.927077 0.888211 0.022033 0.024565
0 0.310502 0.371099 0.020350 0.028425
0 0.358762 0.995448 0.020275 0.009103
