0 0.096165 0.875051 0.024089 0.029018
0 0.780282 0.211910 0.017333 0.020094
0 0.984358 0.292996 0.019040 0.023681
0 0.271525 0.741761 0.016777 0.022042
0 0.283271 0.776702 0.017833 0.022545
0 0.190172 0.717628 0.026845 0.033893
0 0.774845 0.422224 0.020006 0.024797
0 0.794057 0.843596 0.019680 0.022110
0 0.099141 0.507696 0.018248 0.022402
0 0.777624 0.705879 0.017459 0.020351
0 0.238167 0.583492 0.016975 0.020673
0 0.789636 0.730005 0.020868 0.026815
0 0.874803 0.641247 0.019811 0.023315
0 0.742675 0.455181 0.019901 0.024492
0 0.139872 0.279118 0.019171 0.024676
0 0.519628 0.669750 0.018504 0.023633
0 0.008709 0.027554 0.017277 0.024030
0 0.545530 0.581250 0.018439 0.024033
0 0.787146 0.239853 0.018786 0.022742
0 0.444960 0.182689 0.019828 0.022630
0 0.394523 0.513765 0.018371 0.023637
0 0.320116 0.966652 0.020623 0.023320
0 0.166193 0.895772 0.021768 0.025496
0 0.232070 0.889491 0.019651 0.021926
0 0.916895 0.084933 0.020508 0.023952
0 0.247861 0.744927 0.016134 0.020660
0 0.576863 0.427129 0.019868 0.024489
0 0.878479 0.879428 0.019056 0.022225
0 0.451857 0.318759 0.016866 0.022626
0 0.866918 0.934408 0.022252 0.023692
0 0.654865 0.191982 0.017669 0.021496
0 0.304007 0.307817 0.018464 0.022736
0 0.819786 0.402510 0.021999 0.025007
0 0.778842 0.381119 0.022879 0.023433
0 0.907105 0.117531 0.020022 0.026635
0 0.373757 0.320549 0.018448 0.022514
0 0.081648 0.306912 0.020220 0.025869
0 0.601489 0.370652 0.019376 0.022590
0 0.132790 0.194069 0.019377 0.023712
0 0.405099 0.733796 0.017642 0.021011
0 0.135536 0.553115 0.019918 0.025630
0 0.893611 0.422713 0.020200 0.025854
0 0.524535 0.411278 0.019814 0.022777
0 0.303566 0.368311 0.028717 0.035342
0 0.586999 0.103455 0.020571 0.026213
0 0.138439 0.741928 0.017245 0.021454
0 0.246221 0.556258 0.018512 0.024132
0 0.924673 0.886970 0.018797 0.024120
0 0.313856 0.158769 0.017710 0.021818
0 0.114402 0.134742 0.019248 0.021999
0 0.894784 0.287543 0.020573 0.025316
0 0.342337 0.302247 0.016225 0.020692
0 0.488893 0.149253 0.016995 0.022034
0 0.464408 0.566719 0.018602 0.022549
0 0.049969 0.499501 0.018388 0.022366
0 0.551743 0.824035 0.019203 0.023954
0 0.281284 0.850216 0.019688 0.022373
0 0.521572 0.794007 0.020549 0.023268
0 0.370061 0.448143 0.021485 0.026714
0 0.116929 0.303063 0.018017 0.018995
0 0.327876 0.243679 0.019290 0.024081
0 0.314764 0.265874 0.017951 0.022324
0 0.273718 0.580780 0.015236 0.019941
0 0.443165 0.676831 0.017163 0.020784
0 0.806528 0.874888 0.021011 0.025337
0 0.811394 0.090118 0.017624 0.026140
0 0.541080 0.474580 0.018298 0.022187
0 0.052027 0.420965 0.017202 0.021329
0 0.607672 0.903659 0.017955 0.023582
0 0.216808 0.697106 0.017412 0.021896
0 0.813744 0.370651 0.018327 0.023103
0 0.328456 0.786121 0.017944 0.023559
0 0.320944 0.854866 0.021154 0.023365
0 0.462443 0.385105 0.020243 0.025084
0 0.491073 0.285267 0.018109 0.022365
0 0.536913 0.699918 0.020354 0.020477
0 0.502840 0.252421 0.016583 0.021267
0 0.327128 0.347307 0.015017 0.020507
0 0.893994 0.730910 0.018103 0.021610
0 0.613803 0.155738 0.017154 0.021733
0 0.114205 0.478485 0.016952 0.026338
0 0.551659 0.660356 0.017521 0.021775
0 0.478377 0.503092 0.014037 0.017466
0 0.481732 0.481284 0.017269 0.019280
0 0.647639 0.161399 0.017433 0.021308
0 0.943404 0.685282 0.017273 0.022100
0 0.692267 0.098437 0.018690 0.022436
0 0.484651 0.233652 0.018823 0.023485
0 0.991369 0.038725 0.017038 0.022352
0 0.995949 0.966425 0.008102 0.024864
0 0.558509 0.154824 0.015219 0.018683
0 0.903495 0.709384 0.017104 0.020439
0 0.040669 0.183384 0.021255 0.023111
0 0.403299 0.344706 0.013423 0.016752
0 0.483233 0.260466 0.013862 0.017691
0 0.562342 0.084167 0.019897 0.027575
0 0.546684 0.172186 0.014887 0.017924
0 0.896584 0.897749 0.015019 0.020175
0 0.956600 0.463578 0.015515 0.017981
