0 0.624299 0.664470 0.015354 0.019322
0 0.515290 0.968535 0.019417 0.026288
0 0.123652 0.165705 0.019840 0.024662
0 0.282880 0.387004 0.019790 0.023353
0 0.015920 0.124659 0.017498 0.021933
0 0.631036 0.947021 0.019123 0.025385
0 0.815097 0.264392 0.015432 0.022716
0 0.384587 0.648877 0.014512 0.019430
0 0.841732 0.540332 0.017622 0.022674
0 0.752405 0.865906 0.020054 0.023953
0 0.037684 0.935089 0.018112 0.023122
0 0.071950 0.919643 0.016885 0.020490
0 0.685197 0.695827 0.018129 0.023612
0 0.199600 0.657754 0.017174 0.024047
0 0.596377 0.667570 0.017075 0.022459
0 0.814422 0.072482 0.013193 0.016231
0 0.119814 0.491047 0.016065 0.021380
0 0.671222 0.138128 0.016622 0.024318
0 0.819404 0.870745 0.017967 0.021371
0 0.480748 0.891764 0.018355 0.022775
0 0.767071 0.960156 0.016687 0.021062
0 0.482712 0.131722 0.018576 0.026278
0 0.786316 0.655925 0.016406 0.020943
0 0.011360 0.503169 0.016012 0.018891
0 0.530071 0.066861 0.016375 0.020447
0 0.524995 0.609554 0.016296 0.019647
0 0.841795 0.047303 0.015290 0.017951
0 0.992263 0.380445 0.015473 0.023911
0 0.466391 0.936629 0.017259 0.020345
0 0.304038 0.825287 0.017315 0.021347
0 0.740396 0.951814 0.018589 0.020952
0 0.388644 0.087985 0.015960 0.020213
0 0.011569 0.659036 0.018538 0.021311
0 0.018916 0.058507 0.015937 0.018511
0 0.756295 0.050348 0.017468 0.021553
0 0.494639 0.596031 0.016693 0.020577
0 0.981441 0.718558 0.017512 0.023225
0 0.707551 0.548593 0.018384 0.022923
0 0.976112 0.242461 0.019336 0.022740
0 0.658222 0.828272 0.017662 0.021066
0 0.741026 0.990599 0.018670 0.016161
0 0.461374 0.133471 0.017059 0.023067
0 0.844441 0.969261 0.014968 0.020252
0 0.826104 0.897354 0.016238 0.020445
0 0.977540 0.871025 0.019568 0.023819
0 0.180714 0.259584 0.016043 0.019252
0 0.234744 0.501400 0.016435 0.023540
0 0.819422 0.038742 0.016653 0.021049
0 0.346171 0.863654 0.019226 0.021630
0 0.004035 0.453052 0.008070 0.026025
0 0.133491 0.233676 0.018601 0.021834
0 0.330408 0.819641 0.014791 0.018465
0 0.805871 0.637708 0.017965 0.022391
0 0.937279 0.889734 0.015238 0.019204
0 0.467105 0.678116 0.016402 0.021492
0 0.112555 0.536719 0.017300 0.020962
0 0.368802 0.640806 0.015450 0.020832
0 0.128302 0.137490 0.017992 0.021039
0 0.555082 0.040959 0.015346 0.018990
0 0.432125 0.119536 0.016934 0.020039
0 0.209517 0.947760 0.016719 0.020909
0 0.045931 0.072491 0.017584 0.019710
0 0.949337 0.511117 0.016933 0.022171
0 0.175872 0.979338 0.016077 0.017875
0 0.787438 0.266838 0.014457 0.018808
0 0.378008 0.040522 0.016426 0.018986
0 0.313550 0.042561 0.016829 0.022962
0 0.070242 0.035817 0.018530 0.022833
0 0.422949 0.659913 0.017032 0.020195
0 0.658526 0.683806 0.016999 0.021540
0 0.737809 0.190632 0.018160 0.022696
0 0.097848 0.481319 0.016597 0.021839
0 0.424711 0.042905 0.017054 0.020445
0 0.571124 0.676772 0.015584 0.019437
0 0.909768 0.138437 0.016683 0.019686
0 0.627852 0.077270 0.013834 0.017728
0 0.255186 0.516583 0.016383 0.021044
0 0.637546 0.370584 0.015514 0.020951
0 0.089888 0.848951 0.017596 0.022409
0 0.371615 0.817855 0.020437 0.025450
0 0.809540 0.407410 0.018285 0.020162
0 0.218430 0.229908 0.018854 0.023074
0 0.629338 0.772406 0.018355 0.025764
0 0.275232 0.453941 0.019447 0.023163
0 0.819452 0.968059 0.016959 0.022310
0 0.854660 0.670968 0.017893 0.020129
0 0.253760 0.951650 0.016367 0.019680
0 0.861542 0.910714 0.015878 0.019182
0 0.464495 0.866898 0.014633 0.016200
0 0.195571 0.925926 0.016513 0.021179
0 0.595203 0.353066 0.017598 0.023209
0 0.044596 0.903738 0.013286 0.017543
0 0.401611 0.012091 0.013913 0.019322
0 0.165844 0.912898 0.016784 0.021484
0 0.511560 0.290326 0.019391 0.024545
0 0.253630 0.471356 0.020908 0.023938
0 0.847374 0.512379 0.019115 0.023007
0 0.536463 0.437336 0.017202 0.022862
0 0.018132 0.893917 0.015995 0.017828
0 0.101137 0.786217 0.018681 0.021340
0 0.775368 0.828943 0.016473 0.018743
0 0.288575 0.017949 0.018592 0.021756
0 0.012932 0.094349 0.014921 0.019423
0 0.805254 0.986580 0.015607 0.019551
0 0.802079 0.765010 0.018296 0.020867
0 0.696577 0.024233 0.016642 0.018803
0 0.826129 0.006872 0.014385 0.013743
0 0.332993 0.048055 0.016007 0.021163
0 0.870250 0.631310 0.019026 0.022026
0 0.651102 0.058888 0.017607 0.021344
0 0.808214 0.711511 0.016332 0.019407
0 0.296553 0.099178 0.016362 0.021517
0 0.949947 0.692416 0.013055 0.015524
0 0.071258 0.076289 0.018037 0.021088
0 0.654988 0.598940 0.017765 0.021080
0 0.380786 0.422248 0.013904 0.017923
0 0.705604 0.583983 0.016462 0.021164
0 0.056183 0.723164 0.016680 0.019216
0 0.547618 0.339955 0.017197 0.020367
0 0.035552 0.591776 0.011670 0.018119
0 0.208375 0.322106 0.016784 0.020804
0 0.733449 0.245480 0.017439 0.020734
0 0.494193 0.544311 0.017688 0.022139
0 0.673198 0.808402 0.014593 0.018209
0 0.884803 0.098879 0.016551 0.020382
0 0.049418 0.007636 0.013234 0.013618
0 0.947348 0.203882 0.013999 0.016353
0 0.829924 0.578416 0.015856 0.019518
0 0.684019 0.133557 0.012969 0.019405
0 0.018458 0.480077 0.016840 0.021604
0 0.453507 0.260732 0.018638 0.023002
0 0.329005 0.101186 0.018115 0.022955
0 0.613300 0.113467 0.016964 0.019124
0 0.673480 0.990249 0.016483 0.016454
0 0.752991 0.568432 0.017636 0.022389
0 0.313041 0.016388 0.014763 0.020108
0 0.400853 0.672835 0.015054 0.018293
0 0.419442 0.507902 0.014369 0.016456
0 0.638652 0.007580 0.017398 0.015101
0 0.740896 0.514525 0.015168 0.019530
0 0.465894 0.337458 0.013523 0.017709
0 0.038324 0.683490 0.015270 0.018682
0 0.116664 0.060644 0.015566 0.018613
0 0.471738 0.829618 0.013577 0.016713
0 0.005685 0.208389 0.011371 0.016810
0 0.536248 0.886017 0.013273 0.016398
0 0.656408 0.534040 0.017750 0.021254
0 0.812414 0.066542 0.015723 0.022745
0 0.363365 0.952270 0.012995 0.015505
0 0.235993 0.939187 0.011898 0.015566
0 0.103215 0.925040 0.014490 0.018910
0 0.739198 0.588765 0.014950 0.019099
0 0.051664 0.108995 0.015177 0.020563
0 0.847137 0.828356 0.012039 0.014104
0 0.996143 0.326069 0.007713 0.018463
0 0.838306 0.020415 0.011781 0.012361
0 0.006381 0.306138 0.012660 0.017038
0 0.214786 0.296954 0.011895 0.015326
0 0.431724 0.323106 0.011899 0.015092
0 0.187716 0.338149 0.017841 0.023564
0 0.839609 0.918892 0.011479 0.014955
0 0.020031 0.916291 0.010995 0.015311
0 0.783606 0.074787 0.015842 0.020232
0 0.353388 0.035383 0.016788 0.020151
0 0.871700 0.056290 0.011731 0.016197
0 0.890892 0.989218 0.014648 0.016550
0 0.220455 0.008527 0.011388 0.014771
0 0.365119 0.973916 0.015539 0.017906
0 0.517664 0.681835 0.015461 0.024284
0 0.238072 0.747679 0.012186 0.015970
0 0.005233 0.451411 0.010466 0.024271
0 0.098842 0.561199 0.011702 0.015898
0 0.432983 0.178357 0.011967 0.014343
0 0.198656 0.993750 0.015029 0.012499
0 0.828988 0.246940 0.014129 0.017751
0 0.253017 0.600239 0.013910 0.017666
0 0.536457 0.111631 0.012208 0.016348
0 0.101216 0.923782 0.014978 0.016355
0 0.495484 0.383835 0.015192 0.020128
0 0.447596 0.004792 0.013238 0.009584
0 0.038846 0.877210 0.014046 0.016597
0 0.476588 0.004072 0.015655 0.008144
0 0.888546 0.986534 0.015683 0.017804
0 0.373924 0.007775 0.015194 0.014679
0 0.129558 0.007971 0.013593 0.013488
0 0.113477 0.941916 0.012827 0.016912
0 0.804712 0.043916 0.009243 0.013375
0 0.557966 0.451595 0.013223 0.019059
0 0.660783 0.562133 0.010771 0.015803
0 0.448036 0.005573 0.015881 0.010717
0 0.493483 0.518955 0.012659 0.014039
0 0.332752 0.011192 0.014719 0.020912
