0 0.703284 0.272609 0.016618 0.021504
0 0.719921 0.252129 0.014733 0.019495
0 0.652344 0.547978 0.015915 0.020679
0 0.921051 0.714768 0.014435 0.019494
0 0.416066 0.162812 0.013024 0.017190
0 0.362278 0.819805 0.014670 0.018911
0 0.154539 0.484844 0.015658 0.022086
0 0.543476 0.466014 0.025493 0.029889
0 0.983448 0.649904 0.018130 0.023746
0 0.819659 0.911211 0.016373 0.022469
0 0.923112 0.688455 0.013993 0.017557
0 0.451479 0.857993 0.011443 0.014963
0 0.721290 0.737428 0.019561 0.021866
0 0.286149 0.824538 0.016495 0.019867
0 0.944443 0.455760 0.013464 0.016528
0 0.805648 0.558171 0.016373 0.020296
0 0.354325 0.272368 0.016688 0.021502
0 0.164310 0.021677 0.018770 0.021723
0 0.681249 0.836834 0.014961 0.019875
0 0.969614 0.867466 0.018660 0.023329
0 0.141024 0.153814 0.020780 0.028671
0 0.414111 0.091769 0.017469 0.020154
0 0.348506 0.543426 0.014427 0.017034
0 0.622527 0.535063 0.016571 0.021973
0 0.677398 0.810823 0.014834 0.017927
0 0.963023 0.461019 0.013197 0.019002
0 0.016139 0.133850 0.014833 0.017942
0 0.132466 0.490576 0.015455 0.020496
0 0.413169 0.795047 0.015834 0.019468
0 0.907642 0.732153 0.014459 0.018185
0 0.799546 0.847211 0.014608 0.018994
0 0.019724 0.740312 0.013941 0.018571
0 0.416718 0.854665 0.015654 0.020264
0 0.435605 0.561080 0.015161 0.020024
0 0.938746 0.811630 0.016711 0.019654
0 0.237560 0.668363 0.016043 0.018802
0 0.752429 0.866367 0.015072 0.019130
0 0.888160 0.749967 0.016876 0.021623
0 0.318201 0.543650 0.016156 0.021335
0 0.119536 0.873847 0.013653 0.018976
0 0.304665 0.577983 0.018170 0.020497
0 0.433810 0.247574 0.015786 0.020671
0 0.979989 0.719881 0.016971 0.020438
0 0.244974 0.518257 0.017130 0.021116
0 0.586324 0.028392 0.017718 0.020227
0 0.800448 0.756179 0.014205 0.019491
0 0.144454 0.113991 0.016227 0.019165
0 0.666550 0.579720 0.017315 0.020266
0 0.054013 0.083503 0.016443 0.020348
0 0.965419 0.971009 0.014979 0.018923
0 0.249907 0.386524 0.014992 0.020541
0 0.942709 0.331102 0.016093 0.021334
0 0.468311 0.489611 0.017134 0.022134
0 0.844411 0.568292 0.016070 0.022098
0 0.964833 0.938823 0.013160 0.017478
0 0.417635 0.468106 0.014163 0.018682
0 0.699909 0.762873 0.015553 0.019765
0 0.330518 0.291200 0.015244 0.019780
0 0.437674 0.439444 0.016737 0.022612
0 0.418089 0.690202 0.015913 0.019578
0 0.135072 0.359943 0.016527 0.019996
0 0.075938 0.243491 0.014668 0.017985
0 0.143920 0.704769 0.016691 0.021299
0 0.728766 0.967262 0.016949 0.019959
0 0.678661 0.961044 0.016917 0.020539
0 0.598662 0.909276 0.017280 0.021611
0 0.043043 0.384294 0.012354 0.015359
0 0.995688 0.776666 0.008623 0.021228
0 0.897197 0.683063 0.015059 0.018696
0 0.932239 0.877911 0.014758 0.018446
0 0.839228 0.431943 0.016359 0.019790
0 0.527578 0.176846 0.011547 0.013608
0 0.945890 0.934270 0.014091 0.017578
0 0.232350 0.309419 0.019700 0.024523
0 0.387069 0.839841 0.014781 0.017694
0 0.973046 0.196982 0.013254 0.017793
0 0.091227 0.590586 0.014806 0.018101
0 0.360782 0.469003 0.015678 0.020573
0 0.789541 0.147895 0.016943 0.019571
0 0.692616 0.714152 0.015399 0.020285
0 0.775465 0.569929 0.015409 0.018800
0 0.633353 0.297136 0.013445 0.017413
0 0.215704 0.454655 0.016805 0.018760
0 0.346679 0.730079 0.015341 0.020948
0 0.248947 0.279085 0.017354 0.020873
0 0.311384 0.104840 0.015046 0.018822
0 0.988974 0.970817 0.014391 0.020114
0 0.302888 0.053318 0.015381 0.018550
0 0.457652 0.307069 0.015251 0.021778
0 0.823679 0.793151 0.016861 0.021113
0 0.346892 0.810115 0.013320 0.018360
0 0.940588 0.100696 0.015318 0.017672
0 0.752571 0.163351 0.015332 0.018830
0 0.416183 0.551829 0.015561 0.021828
0 0.083406 0.314238 0.013779 0.019270
0 0.199023 0.473449 0.011724 0.014576
0 0.640536 0.978158 0.014909 0.016952
0 0.147045 0.673598 0.015531 0.018070
0 0.598436 0.184161 0.016301 0.019775
0 0.899497 0.465807 0.015591 0.018514
0 0.488506 0.459869 0.015355 0.019115
0 0.154037 0.444580 0.015681 0.020717
0 0.201239 0.773833 0.016337 0.019779
0 0.605224 0.859147 0.016709 0.020660
0 0.945369 0.296841 0.016629 0.020848
0 0.957326 0.440629 0.013932 0.016133
0 0.738957 0.287988 0.015243 0.019607
0 0.799419 0.823009 0.014453 0.017942
0 0.940954 0.510484 0.015903 0.019872
0 0.754188 0.273061 0.012838 0.015721
0 0.750774 0.962959 0.014526 0.019565
0 0.283901 0.793503 0.017759 0.022303
0 0.768120 0.616537 0.013911 0.018116
0 0.554326 0.980762 0.016323 0.020229
0 0.477566 0.304976 0.013909 0.019925
0 0.981338 0.479412 0.016975 0.021555
0 0.533051 0.533913 0.015325 0.018181
0 0.404820 0.127514 0.015950 0.017811
0 0.557505 0.318432 0.018092 0.023420
0 0.552620 0.632973 0.012893 0.015650
0 0.065516 0.375756 0.012939 0.018569
0 0.826864 0.892210 0.015576 0.016959
0 0.856397 0.889937 0.014423 0.018152
0 0.946723 0.119308 0.013604 0.017236
0 0.312519 0.208612 0.017401 0.020473
0 0.366116 0.008264 0.015434 0.014285
0 0.683634 0.288233 0.014610 0.018982
0 0.518088 0.743341 0.013940 0.017306
0 0.256014 0.149898 0.014202 0.015270
0 0.085695 0.463064 0.012787 0.015960
0 0.440893 0.616747 0.016055 0.020068
0 0.914211 0.406620 0.014988 0.019534
0 0.621038 0.057630 0.017202 0.021048
0 0.851834 0.053673 0.016927 0.018821
0 0.810371 0.289891 0.015812 0.023195
0 0.352309 0.963637 0.016531 0.024756
0 0.695389 0.053717 0.014382 0.017696
0 0.613909 0.313917 0.012491 0.016277
0 0.297053 0.283543 0.015195 0.016194
0 0.062338 0.486118 0.017136 0.023146
0 0.222688 0.365964 0.017991 0.019530
0 0.744816 0.981363 0.014131 0.015700
0 0.699250 0.248894 0.012035 0.014148
0 0.355100 0.971049 0.016433 0.017017
0 0.779542 0.459235 0.016679 0.017575
0 0.349519 0.563620 0.013565 0.015374
0 0.907642 0.804371 0.014811 0.015521
0 0.415917 0.161737 0.017623 0.022252
0 0.812168 0.292196 0.014810 0.020772
0 0.961601 0.180859 0.012300 0.015989
0 0.751788 0.653935 0.013751 0.017159
0 0.056996 0.411197 0.014464 0.019202
0 0.321463 0.945945 0.009856 0.013609
0 0.387267 0.840252 0.018202 0.023207
0 0.458551 0.397147 0.011996 0.016215
0 0.369521 0.153807 0.012306 0.016556
0 0.723172 0.738812 0.022693 0.027044
0 0.226381 0.365969 0.015611 0.019531
0 0.821809 0.908473 0.019094 0.025536
0 0.777911 0.455781 0.017769 0.022054
0 0.924413 0.686065 0.016239 0.021289
0 0.569527 0.158955 0.010639 0.013453
0 0.731254 0.743174 0.020218 0.025791
0 0.339238 0.069122 0.012873 0.015928
0 0.293981 0.125896 0.014712 0.017135
0 0.917666 0.457913 0.013482 0.019798
0 0.083254 0.314364 0.017138 0.022737
