0 0.703574 0.272945 0.017283 0.023120
0 0.432599 0.855219 0.014717 0.018989
0 0.639993 0.576569 0.017570 0.022964
0 0.430092 0.426221 0.016673 0.020887
0 0.769405 0.663029 0.012891 0.018431
0 0.151712 0.192239 0.020385 0.025071
0 0.946427 0.327885 0.019559 0.023694
0 0.351951 0.311279 0.018236 0.022416
0 0.164433 0.022115 0.018990 0.022428
0 0.920046 0.749641 0.015300 0.017388
0 0.687664 0.665825 0.017449 0.022363
0 0.812782 0.191053 0.016609 0.020132
0 0.849701 0.861160 0.015661 0.021640
0 0.164538 0.502066 0.016108 0.018737
0 0.360027 0.826839 0.014400 0.018355
0 0.441546 0.213751 0.013335 0.017745
0 0.124311 0.928475 0.015676 0.016535
0 0.983223 0.649477 0.017856 0.023285
0 0.805832 0.558732 0.016258 0.020822
0 0.043894 0.829507 0.014887 0.017575
0 0.434696 0.754121 0.015845 0.019484
0 0.665475 0.588501 0.017821 0.021165
0 0.237512 0.669914 0.015779 0.019712
0 0.752542 0.867862 0.015101 0.019361
0 0.944566 0.456431 0.016861 0.019993
0 0.309833 0.889938 0.015996 0.019654
0 0.714027 0.867452 0.014268 0.018067
0 0.822849 0.810660 0.014916 0.017664
0 0.597570 0.183044 0.017476 0.022511
0 0.198170 0.484779 0.012006 0.014975
0 0.901256 0.779870 0.019547 0.022812
0 0.449760 0.589869 0.015462 0.019042
0 0.721280 0.252222 0.015204 0.020704
0 0.305102 0.578793 0.018742 0.020881
0 0.414404 0.092310 0.016304 0.021015
0 0.941178 0.102233 0.015052 0.019185
0 0.699717 0.764051 0.015862 0.019517
0 0.415428 0.854315 0.013127 0.018108
0 0.898596 0.680757 0.015321 0.018501
0 0.232961 0.312173 0.020172 0.023146
0 0.219963 0.855227 0.014757 0.018398
0 0.602428 0.071915 0.015599 0.020239
0 0.974161 0.549710 0.016913 0.021038
0 0.561400 0.514821 0.023481 0.030810
0 0.898344 0.468439 0.015218 0.018642
0 0.941466 0.734571 0.015671 0.018999
0 0.945223 0.295755 0.018341 0.020350
0 0.008375 0.728702 0.016138 0.019687
0 0.939677 0.811549 0.017209 0.021360
0 0.642458 0.978919 0.014003 0.016902
0 0.217638 0.454113 0.016932 0.020335
0 0.982137 0.497099 0.015070 0.020983
0 0.434143 0.246871 0.015891 0.020845
0 0.746002 0.282244 0.015386 0.018135
0 0.152132 0.530361 0.015040 0.019143
0 0.151537 0.444294 0.017543 0.022868
0 0.678919 0.961227 0.015565 0.020601
0 0.173803 0.739552 0.013254 0.016958
0 0.057225 0.134462 0.016297 0.019773
0 0.360541 0.469076 0.016658 0.020177
0 0.970726 0.945318 0.013587 0.015933
0 0.825705 0.871119 0.016040 0.019360
0 0.441479 0.617426 0.015987 0.019179
0 0.455263 0.878746 0.013144 0.016027
0 0.604434 0.859812 0.016906 0.021453
0 0.291553 0.805197 0.018487 0.021494
0 0.995861 0.778269 0.008277 0.023248
0 0.025726 0.171757 0.014556 0.017667
0 0.931882 0.879197 0.016063 0.019818
0 0.683588 0.287636 0.013665 0.018236
0 0.414966 0.550508 0.017104 0.020374
0 0.322022 0.550490 0.015807 0.020323
0 0.692019 0.713688 0.017684 0.021634
0 0.496395 0.542891 0.016001 0.021443
0 0.301572 0.052448 0.015655 0.020182
0 0.964788 0.971718 0.015616 0.019834
0 0.227322 0.367724 0.017318 0.020645
0 0.727752 0.881681 0.014117 0.017092
0 0.780698 0.016462 0.014469 0.019597
0 0.758785 0.801064 0.017095 0.019431
0 0.792621 0.224091 0.015970 0.019176
0 0.774663 0.569721 0.015637 0.017997
0 0.340321 0.254112 0.016534 0.020063
0 0.139813 0.738860 0.016836 0.021769
0 0.975845 0.165044 0.013016 0.017066
0 0.348245 0.544535 0.013661 0.017386
0 0.856319 0.974068 0.017111 0.018750
0 0.330219 0.291701 0.015351 0.019700
0 0.627092 0.955017 0.016553 0.020225
0 0.854129 0.479604 0.016152 0.022957
0 0.983859 0.974682 0.014026 0.017904
0 0.346727 0.731369 0.016677 0.021126
0 0.085323 0.512070 0.014198 0.017300
0 0.425382 0.154135 0.015494 0.020415
0 0.144524 0.114719 0.015646 0.019665
0 0.977131 0.475676 0.013709 0.014865
0 0.842604 0.570576 0.017416 0.020971
0 0.764292 0.300228 0.015617 0.017625
0 0.768660 0.817206 0.015647 0.020521
0 0.556213 0.318435 0.018858 0.023642
0 0.424491 0.467544 0.014138 0.017559
0 0.388061 0.842588 0.014465 0.018570
0 0.250445 0.386968 0.015269 0.019681
0 0.556945 0.686232 0.012667 0.015223
0 0.365664 0.008227 0.015218 0.014291
0 0.135291 0.359656 0.017255 0.020463
0 0.247184 0.517690 0.018265 0.022607
0 0.059311 0.422794 0.014164 0.017741
0 0.698983 0.249603 0.012081 0.014015
0 0.849347 0.955848 0.014533 0.016260
0 0.075166 0.243626 0.015396 0.019034
0 0.013184 0.837202 0.014395 0.019349
0 0.533177 0.534243 0.013847 0.016956
0 0.742677 0.980197 0.013407 0.017466
0 0.348111 0.809583 0.015111 0.018186
0 0.661101 0.356206 0.015359 0.019186
0 0.044501 0.384265 0.013826 0.019578
0 0.349320 0.567065 0.013851 0.016798
0 0.751312 0.654368 0.013889 0.019984
0 0.061710 0.485744 0.016596 0.022506
0 0.555739 0.980675 0.016002 0.017003
0 0.721540 0.980716 0.016917 0.021867
0 0.517753 0.743524 0.013580 0.015799
0 0.260353 0.322688 0.018417 0.020919
0 0.485506 0.329018 0.018308 0.020940
0 0.750098 0.963027 0.013869 0.018728
0 0.348065 0.120916 0.013372 0.018211
0 0.487026 0.460950 0.017014 0.020430
0 0.091103 0.373504 0.013754 0.015932
0 0.822294 0.348702 0.016300 0.019049
0 0.896531 0.098983 0.016356 0.018442
0 0.313177 0.102612 0.015807 0.017575
0 0.697987 0.055635 0.014705 0.020375
0 0.542079 0.232392 0.011223 0.013880
0 0.799721 0.823684 0.015019 0.017264
0 0.476298 0.308994 0.014934 0.018088
0 0.938121 0.844267 0.014104 0.016625
0 0.778673 0.457379 0.017300 0.022470
0 0.915847 0.457909 0.012846 0.016765
0 0.942536 0.423165 0.013528 0.017289
0 0.111059 0.595952 0.013823 0.017223
0 0.394926 0.213421 0.012386 0.015184
0 0.170107 0.184240 0.012600 0.017568
0 0.906932 0.731066 0.015897 0.019875
0 0.622505 0.057528 0.015579 0.020659
0 0.646407 0.373679 0.012430 0.017257
0 0.782675 0.463545 0.014699 0.018205
0 0.687618 0.711784 0.021775 0.021537
0 0.282804 0.204465 0.013385 0.016725
0 0.780372 0.459608 0.016677 0.019898
0 0.078215 0.392240 0.012992 0.018464
0 0.074836 0.241272 0.017601 0.021734
0 0.996558 0.233228 0.006884 0.019118
0 0.331537 0.948494 0.012044 0.014954
0 0.292600 0.129238 0.014906 0.018105
0 0.003149 0.279980 0.006298 0.017359
0 0.459012 0.448398 0.010073 0.011021
0 0.960569 0.964974 0.015490 0.019753
0 0.299516 0.285724 0.013824 0.015330
0 0.266128 0.117207 0.013252 0.016495
