0 0.238913 0.762927 0.015371 0.019078
0 0.984139 0.292834 0.018257 0.022642
0 0.834807 0.017306 0.019944 0.024723
0 0.948194 0.736871 0.021723 0.027622
0 0.328398 0.461401 0.016090 0.020281
0 0.779006 0.212067 0.015671 0.018018
0 0.270767 0.740351 0.014917 0.020686
0 0.795314 0.898006 0.019229 0.022588
0 0.777464 0.382304 0.021125 0.022445
0 0.094701 0.870980 0.023275 0.028077
0 0.450864 0.723284 0.017952 0.023005
0 0.247402 0.743605 0.015390 0.017344
0 0.690892 0.632778 0.017507 0.022820
0 0.252590 0.905318 0.018807 0.023204
0 0.804279 0.651668 0.017968 0.022291
0 0.706578 0.652393 0.022450 0.025701
0 0.456091 0.621599 0.016807 0.021251
0 0.326467 0.244511 0.018446 0.023608
0 0.693351 0.348958 0.017759 0.021763
0 0.284656 0.399881 0.020121 0.025261
0 0.628377 0.158860 0.014646 0.022500
0 0.905372 0.116940 0.020455 0.026716
0 0.923190 0.887245 0.016346 0.021855
0 0.163740 0.896077 0.021056 0.026310
0 0.828756 0.640733 0.014538 0.018375
0 0.775723 0.350357 0.017993 0.022182
0 0.424827 0.363608 0.019006 0.027388
0 0.486490 0.148374 0.017995 0.022934
0 0.420727 0.184558 0.017922 0.022905
0 0.373643 0.118906 0.020924 0.022710
0 0.132809 0.556013 0.019777 0.023496
0 0.945496 0.903147 0.016245 0.021270
0 0.421596 0.239880 0.017210 0.020835
0 0.188807 0.720999 0.027363 0.035992
0 0.890367 0.422481 0.020004 0.026020
0 0.078617 0.308398 0.021355 0.026337
0 0.134919 0.283639 0.020670 0.023213
0 0.467560 0.417760 0.017323 0.021426
0 0.579180 0.113633 0.019064 0.024002
0 0.471245 0.531549 0.017870 0.023346
0 0.245250 0.556880 0.019107 0.023704
0 0.523905 0.412746 0.020582 0.023857
0 0.544351 0.322647 0.018749 0.022553
0 0.975969 0.347801 0.019233 0.022883
0 0.725379 0.790706 0.018442 0.020697
0 0.784725 0.239513 0.018250 0.021488
0 0.876871 0.881193 0.017903 0.023029
0 0.356437 0.305942 0.015940 0.019864
0 0.007222 0.024850 0.014445 0.021830
0 0.875965 0.637391 0.018027 0.023853
0 0.248536 0.285433 0.017725 0.021415
0 0.940294 0.683433 0.017763 0.022345
0 0.894920 0.287146 0.022728 0.022136
0 0.805457 0.873705 0.018814 0.021840
0 0.660069 0.380915 0.019086 0.024239
0 0.048134 0.135352 0.018560 0.023397
0 0.050804 0.418702 0.018926 0.021236
0 0.524891 0.380534 0.019800 0.023297
0 0.364356 0.482987 0.018057 0.021592
0 0.608472 0.156657 0.015505 0.019191
0 0.313848 0.158532 0.016899 0.020658
0 0.617628 0.040388 0.018713 0.020461
0 0.098210 0.505918 0.018631 0.023087
0 0.450394 0.319356 0.016307 0.021459
0 0.532223 0.697969 0.018643 0.022641
0 0.313644 0.266444 0.017995 0.022597
0 0.809592 0.089426 0.016458 0.021850
0 0.337451 0.297117 0.016037 0.019488
0 0.214756 0.804219 0.018689 0.023560
0 0.366373 0.701168 0.018256 0.021621
0 0.169203 0.518126 0.016001 0.020871
0 0.291570 0.734606 0.016999 0.021492
0 0.549951 0.660161 0.016870 0.019986
0 0.602089 0.121602 0.018189 0.021964
0 0.556434 0.154930 0.014740 0.017302
0 0.302434 0.366863 0.029040 0.035221
0 0.481749 0.481787 0.016713 0.019439
0 0.424851 0.718012 0.017668 0.021932
0 0.136837 0.742207 0.018624 0.023493
0 0.509763 0.832585 0.018535 0.023753
0 0.039653 0.184403 0.021241 0.026550
0 0.318226 0.855195 0.022582 0.025211
0 0.048127 0.445470 0.025014 0.022174
0 0.729713 0.312367 0.018878 0.022186
0 0.452320 0.214225 0.016983 0.020482
0 0.227477 0.887122 0.019188 0.022902
0 0.279906 0.329417 0.014649 0.018586
0 0.414584 0.440622 0.016070 0.018146
0 0.894634 0.901930 0.016716 0.020609
0 0.273637 0.579911 0.015056 0.019555
0 0.070244 0.102625 0.019347 0.022624
0 0.491145 0.118299 0.016945 0.019177
0 0.086512 0.266788 0.017821 0.020586
0 0.482957 0.256899 0.015803 0.020756
0 0.145067 0.657492 0.017147 0.021462
0 0.436110 0.670135 0.019339 0.023416
0 0.406653 0.340294 0.013657 0.016497
0 0.396206 0.010942 0.013895 0.016910
0 0.997022 0.241955 0.005957 0.024881
0 0.564706 0.081930 0.023810 0.026871
0 0.926794 0.439291 0.017035 0.023075
0 0.695723 0.114878 0.013966 0.017635
0 0.996664 0.007590 0.006672 0.014320
0 0.568108 0.079530 0.019918 0.023050
0 0.278173 0.328548 0.019066 0.020632
0 0.838079 0.827357 0.012597 0.016451
0 0.272152 0.990444 0.014594 0.013895
