0 0.139954 0.369001 0.018209 0.021600
0 0.559710 0.528755 0.023582 0.032025
0 0.497189 0.025155 0.018538 0.024727
0 0.493393 0.487326 0.016691 0.021370
0 0.717500 0.748243 0.016664 0.023481
0 0.216569 0.321620 0.019920 0.026068
0 0.706246 0.272128 0.015766 0.020778
0 0.962852 0.313953 0.015361 0.021103
0 0.946565 0.332947 0.017104 0.020191
0 0.724520 0.253352 0.016002 0.020413
0 0.983784 0.646689 0.018076 0.022557
0 0.405680 0.491155 0.018171 0.022483
0 0.131849 0.296916 0.014527 0.018233
0 0.232337 0.368173 0.017070 0.022798
0 0.319441 0.557351 0.018461 0.022685
0 0.489852 0.976326 0.017194 0.019461
0 0.325810 0.059341 0.019217 0.024589
0 0.294084 0.563100 0.015496 0.020059
0 0.388179 0.842762 0.016397 0.021284
0 0.794980 0.824730 0.019648 0.023440
0 0.737130 0.990536 0.018150 0.015524
0 0.512471 0.045820 0.014681 0.017677
0 0.069070 0.393105 0.017961 0.023003
0 0.529056 0.475164 0.017211 0.021045
0 0.903985 0.774499 0.017917 0.022307
0 0.250898 0.388193 0.016544 0.020341
0 0.958538 0.695939 0.016585 0.020611
0 0.436933 0.752392 0.017713 0.026392
0 0.906192 0.166243 0.015061 0.020431
0 0.927547 0.779741 0.014956 0.019337
0 0.791324 0.792362 0.020131 0.022676
0 0.239691 0.315514 0.017658 0.024487
0 0.717946 0.508472 0.015450 0.021474
0 0.684154 0.286095 0.014709 0.020591
0 0.629454 0.066289 0.017777 0.021701
0 0.370819 0.008019 0.016954 0.013696
0 0.308024 0.579891 0.016097 0.019794
0 0.357966 0.770463 0.016666 0.020895
0 0.362302 0.829435 0.018069 0.027197
0 0.427139 0.155031 0.018235 0.022696
0 0.239383 0.748410 0.017077 0.021716
0 0.963392 0.850441 0.018623 0.023108
0 0.754622 0.752926 0.015281 0.020556
0 0.550184 0.442982 0.014653 0.017422
0 0.187445 0.731800 0.016662 0.022274
0 0.948954 0.455792 0.015944 0.020418
0 0.606295 0.859096 0.018830 0.023323
0 0.362484 0.467631 0.015688 0.017579
0 0.600711 0.186309 0.016721 0.020212
0 0.062634 0.423188 0.016176 0.021055
0 0.243679 0.632236 0.013141 0.014550
0 0.435441 0.244803 0.015221 0.019313
0 0.440658 0.622541 0.016784 0.021827
0 0.108427 0.289949 0.013942 0.018965
0 0.441442 0.400231 0.018372 0.021318
0 0.781776 0.453808 0.018931 0.024352
0 0.155837 0.392571 0.016327 0.020769
0 0.903870 0.731642 0.017528 0.018903
0 0.299763 0.287253 0.016703 0.023017
0 0.418945 0.549018 0.018382 0.023391
0 0.856472 0.571826 0.019156 0.022699
0 0.755646 0.646012 0.016849 0.023830
0 0.655390 0.963171 0.011204 0.014924
0 0.339812 0.288239 0.016235 0.020432
0 0.404841 0.794608 0.018670 0.021321
0 0.963605 0.180767 0.013622 0.016707
0 0.559423 0.315513 0.019969 0.024874
0 0.691754 0.714018 0.017821 0.021453
0 0.808567 0.642130 0.018826 0.023514
0 0.105079 0.205459 0.016422 0.020194
0 0.962590 0.964362 0.017840 0.026947
0 0.419354 0.962184 0.015960 0.020276
0 0.351054 0.807104 0.016304 0.019620
0 0.382474 0.663402 0.016140 0.019700
0 0.004952 0.735858 0.009905 0.015189
0 0.219141 0.452102 0.017645 0.020447
0 0.350807 0.547594 0.017350 0.020531
0 0.972682 0.288197 0.016951 0.021220
0 0.163986 0.021569 0.023326 0.024297
0 0.151421 0.442994 0.016149 0.020812
0 0.326901 0.108956 0.018136 0.020806
0 0.254907 0.524009 0.017928 0.021711
0 0.428639 0.465357 0.016232 0.019207
0 0.486270 0.303147 0.016425 0.019654
0 0.677422 0.964007 0.015998 0.019979
0 0.049811 0.383328 0.014872 0.020599
0 0.262647 0.662819 0.018142 0.027002
0 0.701055 0.765060 0.016069 0.020260
0 0.979296 0.161348 0.015894 0.018820
0 0.228501 0.583009 0.014517 0.017123
0 0.403647 0.235668 0.017106 0.022267
0 0.146912 0.113116 0.016619 0.020871
0 0.746590 0.875411 0.016086 0.020924
0 0.034468 0.537809 0.019406 0.021747
0 0.294992 0.131586 0.016413 0.021630
0 0.161050 0.153023 0.013820 0.017569
0 0.560015 0.980479 0.016091 0.018422
0 0.480161 0.067874 0.014258 0.017212
0 0.694800 0.054856 0.017340 0.021946
0 0.035806 0.287853 0.017416 0.021323
0 0.520258 0.741858 0.015210 0.019708
0 0.414837 0.090727 0.022114 0.023981
0 0.268410 0.116773 0.015946 0.021729
0 0.810508 0.581632 0.016056 0.019231
0 0.512943 0.381991 0.014114 0.017321
0 0.677775 0.112642 0.013988 0.017324
0 0.535699 0.532276 0.015004 0.020378
0 0.706425 0.247517 0.011534 0.015332
0 0.492155 0.460641 0.015607 0.019869
0 0.941993 0.439300 0.012942 0.014039
0 0.913565 0.044089 0.017696 0.018462
0 0.996211 0.776640 0.007579 0.023405
0 0.277438 0.077991 0.014173 0.016031
0 0.141525 0.569887 0.019339 0.023082
0 0.801502 0.283800 0.015404 0.021094
0 0.683726 0.123066 0.017579 0.020818
0 0.004418 0.102236 0.008837 0.020594
0 0.355799 0.484060 0.012271 0.014497
0 0.362025 0.834348 0.018085 0.024332
0 0.682810 0.120201 0.020284 0.026004
0 0.926984 0.164988 0.009706 0.014142
0 0.802301 0.795720 0.014294 0.021379
0 0.165219 0.990062 0.017829 0.015625
0 0.354797 0.758895 0.017100 0.023129
0 0.664100 0.370664 0.013039 0.014105
0 0.157581 0.021466 0.021899 0.021733
0 0.932987 0.796596 0.013510 0.014961
0 0.996780 0.132124 0.006439 0.018963
0 0.108397 0.293512 0.014635 0.025287
0 0.357241 0.766606 0.018647 0.029329
0 0.905127 0.162401 0.017092 0.027991
0 0.474106 0.484718 0.014082 0.020646
0 0.149518 0.575048 0.013919 0.019180
0 0.613965 0.549295 0.011322 0.015342
0 0.621887 0.647175 0.011146 0.014257
0 0.355685 0.762275 0.018408 0.030030
0 0.798557 0.794719 0.021400 0.023667
0 0.716252 0.505347 0.018312 0.025953
0 0.734078 0.267564 0.013784 0.017786
0 0.730910 0.262657 0.016718 0.022760
0 0.819820 0.370367 0.012548 0.015806
