0 0.837852 0.946760 0.024530 0.028595
0 0.912940 0.883907 0.017363 0.021461
0 0.147452 0.914593 0.017960 0.022416
0 0.007635 0.734057 0.015269 0.021430
0 0.234233 0.553780 0.019675 0.025035
0 0.312240 0.039822 0.018688 0.023738
0 0.237029 0.740496 0.015844 0.021887
0 0.335900 0.249970 0.019298 0.027921
0 0.207807 0.767906 0.017796 0.019290
0 0.195084 0.012154 0.019824 0.021944
0 0.685459 0.070210 0.018267 0.024492
0 0.992529 0.862087 0.014942 0.024113
0 0.912249 0.380312 0.016468 0.020485
0 0.687614 0.459989 0.018961 0.023641
0 0.069843 0.252388 0.018479 0.022366
0 0.824889 0.988294 0.018649 0.018592
0 0.801169 0.081775 0.016778 0.019415
0 0.794314 0.872300 0.018713 0.022516
0 0.149886 0.296530 0.022099 0.024766
0 0.873143 0.871599 0.016330 0.018973
0 0.044970 0.413555 0.017874 0.021000
0 0.932224 0.359381 0.019786 0.023854
0 0.311119 0.276486 0.014964 0.018586
0 0.208876 0.741787 0.017008 0.018861
0 0.775174 0.235305 0.017965 0.021416
0 0.976851 0.290626 0.019030 0.024630
0 0.799647 0.279426 0.020424 0.026257
0 0.122896 0.909229 0.017516 0.022685
0 0.769258 0.211004 0.018124 0.019302
0 0.320084 0.391458 0.018525 0.022522
0 0.994909 0.079291 0.010182 0.022049
0 0.452550 0.412344 0.018878 0.022189
0 0.301305 0.682660 0.017016 0.019892
0 0.085945 0.505309 0.019667 0.022870
0 0.411368 0.407508 0.016858 0.021220
0 0.441914 0.313143 0.017872 0.021633
0 0.199344 0.937083 0.021408 0.026916
0 0.326640 0.346328 0.018700 0.022781
0 0.788929 0.461694 0.019515 0.023508
0 0.992915 0.523913 0.014169 0.021485
0 0.248075 0.124683 0.014677 0.017686
0 0.025547 0.296380 0.018647 0.022651
0 0.973938 0.564341 0.016781 0.020950
0 0.349610 0.154221 0.018224 0.021181
0 0.667065 0.303960 0.022206 0.029603
0 0.395293 0.076338 0.017290 0.021669
0 0.649820 0.056929 0.018701 0.022286
0 0.018632 0.818114 0.015516 0.018922
0 0.611045 0.326022 0.017051 0.020654
0 0.668183 0.308575 0.021337 0.022473
0 0.475618 0.678821 0.017741 0.020460
0 0.122369 0.725016 0.014402 0.018433
0 0.638351 0.298887 0.015857 0.019647
0 0.245381 0.456091 0.018147 0.022495
0 0.124166 0.799980 0.017385 0.021987
0 0.556443 0.008959 0.016027 0.015583
0 0.208724 0.110015 0.017656 0.021488
0 0.072516 0.306748 0.021015 0.026014
0 0.714472 0.352249 0.017012 0.021152
0 0.714788 0.682943 0.015839 0.019886
0 0.884336 0.416742 0.019326 0.022887
0 0.429920 0.667465 0.017426 0.019966
0 0.601870 0.226826 0.017989 0.020780
0 0.524814 0.683525 0.017104 0.022606
0 0.932772 0.223784 0.018299 0.021288
0 0.480942 0.068738 0.017578 0.021312
0 0.935026 0.678361 0.018059 0.019229
0 0.523056 0.410854 0.018071 0.022022
0 0.338283 0.826576 0.016660 0.020712
0 0.302163 0.151821 0.016935 0.020340
0 0.705429 0.245610 0.015534 0.019145
0 0.419183 0.595366 0.017383 0.020432
0 0.834250 0.230113 0.016553 0.024637
0 0.072993 0.149324 0.017105 0.021627
0 0.079760 0.896680 0.015518 0.020355
0 0.887383 0.894010 0.016254 0.019924
0 0.865480 0.630972 0.017255 0.023621
0 0.315375 0.747242 0.016710 0.022238
0 0.556722 0.148713 0.015928 0.018243
0 0.330640 0.295529 0.014342 0.019500
0 0.476456 0.162521 0.018107 0.021623
0 0.161359 0.886711 0.020826 0.024312
0 0.545354 0.657096 0.016855 0.020921
0 0.116513 0.694115 0.018198 0.021728
0 0.162117 0.108487 0.015797 0.019358
0 0.532675 0.978330 0.018859 0.021363
0 0.030663 0.177187 0.017735 0.021820
0 0.343430 0.428912 0.015501 0.018309
0 0.990215 0.592863 0.017224 0.022555
0 0.267620 0.765672 0.017276 0.021418
0 0.991936 0.242151 0.015332 0.016901
0 0.125605 0.282461 0.018971 0.024965
0 0.363434 0.563663 0.017569 0.019958
0 0.088940 0.869582 0.015736 0.019914
0 0.634741 0.505334 0.017423 0.021547
0 0.603705 0.153457 0.016231 0.020370
0 0.267304 0.576878 0.015580 0.020058
0 0.026840 0.886476 0.017529 0.021382
0 0.314838 0.242021 0.015934 0.019407
0 0.298018 0.257168 0.016262 0.018387
0 0.900790 0.108423 0.015947 0.019922
0 0.420770 0.584181 0.019516 0.040078
0 0.588167 0.977161 0.013582 0.016428
0 0.072874 0.671519 0.012473 0.014299
0 0.421187 0.575816 0.018447 0.026090
0 0.474561 0.253816 0.014904 0.019116
0 0.419817 0.591888 0.019079 0.026240
0 0.054613 0.190250 0.018295 0.026671
0 0.264117 0.737130 0.014449 0.017041
0 0.432754 0.455718 0.011529 0.014102
