0 0.705152 0.272805 0.015519 0.020915
0 0.957129 0.815759 0.015073 0.019681
0 0.907695 0.974158 0.019359 0.021360
0 0.439911 0.445237 0.015373 0.020180
0 0.682887 0.123571 0.016522 0.021031
0 0.722367 0.254390 0.015565 0.020921
0 0.558009 0.528922 0.024964 0.035031
0 0.982976 0.647908 0.017340 0.022308
0 0.425283 0.012943 0.014300 0.018656
0 0.700064 0.764714 0.014882 0.018848
0 0.945368 0.331340 0.017318 0.019742
0 0.703091 0.738498 0.016619 0.021371
0 0.214210 0.324482 0.021423 0.027815
0 0.504927 0.445389 0.018269 0.020576
0 0.364530 0.044639 0.014868 0.017656
0 0.316789 0.556624 0.017172 0.021929
0 0.961268 0.690155 0.015600 0.019105
0 0.414959 0.091055 0.018218 0.022366
0 0.718279 0.757133 0.015393 0.021439
0 0.359097 0.442259 0.019605 0.024067
0 0.624044 0.752795 0.016816 0.020650
0 0.238919 0.316888 0.017652 0.024290
0 0.369662 0.008177 0.015294 0.013489
0 0.249878 0.388696 0.017292 0.020720
0 0.975009 0.788205 0.014361 0.018756
0 0.793338 0.823501 0.025905 0.023474
0 0.231593 0.368773 0.016727 0.023889
0 0.403727 0.235939 0.018261 0.023973
0 0.081725 0.282853 0.014652 0.017802
0 0.064901 0.370852 0.018093 0.022415
0 0.076373 0.175618 0.017062 0.021376
0 0.359803 0.829129 0.015320 0.019319
0 0.150304 0.444453 0.017301 0.023195
0 0.927029 0.772740 0.015172 0.018734
0 0.622785 0.060622 0.017853 0.021185
0 0.856207 0.572039 0.019328 0.022512
0 0.519170 0.742885 0.014631 0.017978
0 0.218123 0.452111 0.018081 0.022830
0 0.166148 0.021617 0.018067 0.022219
0 0.239105 0.020407 0.014850 0.018974
0 0.258180 0.694771 0.017238 0.021626
0 0.604102 0.860760 0.017980 0.022351
0 0.791497 0.556138 0.015960 0.020888
0 0.294488 0.560728 0.014921 0.020327
0 0.414852 0.552549 0.018837 0.023557
0 0.933928 0.877644 0.014289 0.017975
0 0.107559 0.378041 0.016509 0.021840
0 0.431983 0.388571 0.016413 0.019959
0 0.689117 0.713433 0.017674 0.019733
0 0.962738 0.465326 0.013849 0.019326
0 0.885864 0.977908 0.014107 0.018164
0 0.386987 0.842529 0.016613 0.021081
0 0.254656 0.525335 0.017143 0.020710
0 0.431673 0.753970 0.017438 0.021120
0 0.434609 0.244267 0.015251 0.019356
0 0.598798 0.184955 0.016811 0.020909
0 0.114865 0.967904 0.017814 0.022280
0 0.337452 0.290663 0.018030 0.022262
0 0.375376 0.952069 0.019593 0.025378
0 0.425464 0.152050 0.017280 0.021092
0 0.903157 0.471264 0.020600 0.021095
0 0.415705 0.887066 0.017412 0.023125
0 0.903324 0.775221 0.017167 0.021389
0 0.349160 0.736095 0.020876 0.022427
0 0.306656 0.580436 0.016857 0.020015
0 0.668077 0.115944 0.012593 0.017579
0 0.490617 0.462202 0.015278 0.020235
0 0.935170 0.478407 0.014745 0.017461
0 0.301641 0.048940 0.017112 0.022616
0 0.549419 0.443925 0.014972 0.019988
0 0.678413 0.961126 0.017200 0.021260
0 0.557949 0.319286 0.019704 0.023650
0 0.380202 0.666534 0.017362 0.020679
0 0.627917 0.871600 0.010588 0.014892
0 0.477943 0.306342 0.015380 0.019377
0 0.945855 0.457945 0.014383 0.019025
0 0.615480 0.401123 0.015648 0.019563
0 0.825551 0.768710 0.018301 0.024670
0 0.089771 0.251838 0.017338 0.020865
0 0.294630 0.133268 0.015588 0.020262
0 0.683913 0.285190 0.014631 0.020104
0 0.692916 0.059876 0.017235 0.020845
0 0.735250 0.981650 0.016276 0.020229
0 0.559595 0.981172 0.014848 0.017856
0 0.828062 0.023665 0.017308 0.019892
0 0.132863 0.682510 0.017177 0.021112
0 0.942486 0.804279 0.014274 0.018610
0 0.905725 0.731328 0.015682 0.019619
0 0.203843 0.555948 0.013526 0.016807
0 0.780709 0.455477 0.018599 0.026551
0 0.146128 0.113379 0.015549 0.019038
0 0.113298 0.501704 0.014470 0.021022
0 0.221368 0.720757 0.015578 0.020969
0 0.438313 0.624254 0.017861 0.023857
0 0.136361 0.363667 0.018318 0.023627
0 0.261225 0.665070 0.017817 0.021034
0 0.058036 0.909325 0.018476 0.022194
0 0.740292 0.948157 0.014142 0.016109
0 0.273497 0.693315 0.014310 0.021276
0 0.059561 0.422169 0.015545 0.019483
0 0.939247 0.840796 0.014234 0.018395
0 0.697590 0.688555 0.015500 0.019754
0 0.348552 0.545752 0.015601 0.019743
0 0.716227 0.580023 0.019025 0.022443
0 0.768495 0.309089 0.011071 0.013608
0 0.280659 0.867538 0.018245 0.021256
0 0.327670 0.108247 0.017804 0.020108
0 0.298527 0.287129 0.015607 0.022467
0 0.139197 0.571316 0.016004 0.023615
0 0.963025 0.181188 0.014120 0.017757
0 0.362066 0.469874 0.015616 0.019426
0 0.938670 0.355965 0.018006 0.021917
0 0.295979 0.977450 0.013680 0.016653
0 0.842587 0.519657 0.015903 0.018707
0 0.956794 0.309142 0.016858 0.021275
0 0.350101 0.809347 0.015453 0.018652
0 0.931689 0.266635 0.016698 0.020234
0 0.905250 0.167928 0.014641 0.018432
0 0.753799 0.652926 0.015483 0.020832
0 0.906138 0.474419 0.018564 0.021740
0 0.255120 0.658021 0.018587 0.023114
0 0.353743 0.485239 0.014452 0.016236
0 0.961671 0.967451 0.017800 0.027080
0 0.996799 0.778008 0.006402 0.022244
0 0.622502 0.988221 0.011239 0.014920
0 0.950422 0.423148 0.013537 0.019124
0 0.199684 0.585333 0.012860 0.014874
0 0.424521 0.469156 0.016889 0.020133
0 0.047020 0.385437 0.013956 0.018439
0 0.420052 0.331528 0.014621 0.017739
0 0.477040 0.993708 0.017329 0.012046
0 0.849693 0.098158 0.012825 0.015578
0 0.937280 0.442885 0.014045 0.017447
0 0.952221 0.714663 0.014742 0.017238
0 0.915052 0.972747 0.021669 0.023905
0 0.534115 0.534172 0.014460 0.019795
0 0.965295 0.150794 0.016726 0.020483
0 0.059836 0.610166 0.011702 0.014007
0 0.266636 0.117097 0.015770 0.018309
0 0.359142 0.475212 0.019834 0.027875
0 0.148491 0.132288 0.013285 0.015921
0 0.987628 0.795459 0.011577 0.018296
0 0.703588 0.249343 0.012250 0.015749
0 0.258613 0.661899 0.023082 0.027403
0 0.627372 0.321559 0.012546 0.014287
0 0.417573 0.755225 0.012335 0.020112
0 0.217258 0.722470 0.021988 0.024521
0 0.556810 0.630345 0.013135 0.014862
0 0.825653 0.782764 0.016473 0.014365
0 0.063138 0.390702 0.012168 0.014621
0 0.210452 0.726029 0.013202 0.019004
0 0.951511 0.421134 0.016078 0.019531
0 0.978033 0.790036 0.019254 0.021017
0 0.150446 0.017673 0.011876 0.020424
0 0.911556 0.971476 0.025692 0.027889
