0 0.064691 0.047440 0.017548 0.022517
0 0.641932 0.112736 0.023755 0.025911
0 0.521374 0.968515 0.021978 0.028110
0 0.254592 0.469797 0.017998 0.024885
0 0.612109 0.118726 0.018867 0.024945
0 0.874770 0.575540 0.018818 0.021727
0 0.141914 0.085959 0.019263 0.024398
0 0.794575 0.921043 0.017750 0.023859
0 0.487689 0.128472 0.019281 0.023406
0 0.857041 0.528133 0.017569 0.020807
0 0.881998 0.548800 0.018500 0.022960
0 0.812941 0.649323 0.017265 0.022478
0 0.392725 0.653616 0.014963 0.019317
0 0.793801 0.660558 0.017291 0.023313
0 0.813593 0.375998 0.018046 0.022827
0 0.026395 0.897748 0.016691 0.021195
0 0.504658 0.656962 0.018035 0.021458
0 0.460371 0.082355 0.017943 0.021423
0 0.756923 0.570770 0.018360 0.023948
0 0.648063 0.360085 0.018129 0.019066
0 0.497265 0.092080 0.015953 0.020322
0 0.334985 0.107924 0.017917 0.020960
0 0.307464 0.103648 0.016072 0.018861
0 0.656372 0.704581 0.014715 0.018199
0 0.140679 0.237839 0.016874 0.021789
0 0.278778 0.462220 0.018588 0.024371
0 0.044120 0.119978 0.018571 0.023055
0 0.741521 0.221176 0.018936 0.022408
0 0.318850 0.039492 0.014995 0.019186
0 0.993000 0.339881 0.014000 0.022510
0 0.478468 0.628293 0.016214 0.021504
0 0.312074 0.836483 0.017587 0.021154
0 0.395730 0.086500 0.016496 0.020126
0 0.059863 0.087361 0.016127 0.021348
0 0.289642 0.389884 0.018481 0.022440
0 0.462724 0.262651 0.019019 0.022664
0 0.374913 0.648112 0.013517 0.018364
0 0.696863 0.546592 0.020649 0.023993
0 0.299913 0.024687 0.016454 0.021237
0 0.728916 0.572294 0.016029 0.020231
0 0.044280 0.937924 0.017317 0.022627
0 0.761661 0.055144 0.019248 0.024281
0 0.794224 0.051396 0.015216 0.025946
0 0.679739 0.707752 0.017808 0.022356
0 0.091802 0.059494 0.017445 0.021155
0 0.786807 0.083759 0.016956 0.023569
0 0.125455 0.494143 0.016487 0.021553
0 0.795013 0.795349 0.017770 0.022888
0 0.815181 0.939676 0.015966 0.018644
0 0.536835 0.206349 0.017106 0.021622
0 0.191471 0.545626 0.016797 0.022917
0 0.941150 0.897800 0.016647 0.020142
0 0.475285 0.544726 0.017122 0.022477
0 0.231747 0.940234 0.017898 0.020570
0 0.840180 0.845404 0.017539 0.020850
0 0.790671 0.291701 0.015403 0.019076
0 0.044651 0.571368 0.018377 0.023770
0 0.318704 0.014360 0.014779 0.020190
0 0.401601 0.012472 0.014385 0.017646
0 0.049493 0.906680 0.014856 0.016674
0 0.216760 0.633380 0.018349 0.023254
0 0.866615 0.232800 0.020626 0.026054
0 0.681032 0.992670 0.018521 0.014098
0 0.713788 0.590296 0.017268 0.020764
0 0.110625 0.710325 0.016695 0.022938
0 0.634277 0.880713 0.021460 0.023399
0 0.975045 0.499332 0.017600 0.020539
0 0.021271 0.460015 0.016911 0.021243
0 0.878158 0.741251 0.016584 0.021246
0 0.571012 0.356547 0.020045 0.022574
0 0.083070 0.518451 0.017054 0.021623
0 0.680645 0.594930 0.016835 0.025060
0 0.914532 0.149507 0.018346 0.022380
0 0.121434 0.109698 0.017778 0.019458
0 0.351365 0.916391 0.020512 0.024393
0 0.826225 0.991014 0.016332 0.016125
0 0.426340 0.038601 0.020714 0.024264
0 0.519422 0.270255 0.018323 0.022261
0 0.241010 0.806481 0.020314 0.022334
0 0.710197 0.152141 0.016351 0.018584
0 0.445160 0.353561 0.016110 0.018887
0 0.540031 0.439285 0.017212 0.021338
0 0.225300 0.233221 0.017598 0.023565
0 0.421516 0.009283 0.014362 0.015708
0 0.195902 0.493462 0.020346 0.022392
0 0.633753 0.681776 0.018277 0.022730
0 0.333827 0.051613 0.013887 0.019304
0 0.876162 0.967338 0.017447 0.021537
0 0.551936 0.810949 0.017831 0.022654
0 0.469074 0.144369 0.018101 0.020736
0 0.663153 0.682990 0.016329 0.021064
0 0.502203 0.388787 0.017041 0.021346
0 0.433050 0.692943 0.018894 0.022625
0 0.044610 0.881289 0.015904 0.019124
0 0.071957 0.314657 0.017236 0.021366
0 0.873861 0.712401 0.017787 0.021506
0 0.456576 0.626609 0.014582 0.020875
0 0.859072 0.674294 0.018367 0.022815
0 0.264112 0.902258 0.016064 0.019541
0 0.689345 0.882383 0.015838 0.020299
0 0.218388 0.335619 0.017804 0.022781
0 0.824135 0.969358 0.018502 0.019172
0 0.366319 0.955481 0.016087 0.019156
0 0.670299 0.868030 0.014463 0.018403
0 0.355242 0.043582 0.017698 0.020486
0 0.895664 0.989501 0.016661 0.018032
0 0.487135 0.252663 0.016108 0.019649
0 0.371601 0.977086 0.015597 0.018064
0 0.143212 0.657847 0.013191 0.017019
0 0.898914 0.963520 0.015307 0.019436
0 0.395791 0.969506 0.014942 0.019051
0 0.516087 0.728236 0.020564 0.022447
0 0.202541 0.665109 0.016909 0.021364
0 0.343057 0.021437 0.015474 0.020030
0 0.018708 0.601133 0.011516 0.014466
0 0.078185 0.859022 0.018891 0.023605
0 0.004088 0.556489 0.008155 0.018844
0 0.745074 0.591512 0.015633 0.018410
0 0.382442 0.007666 0.015799 0.013352
0 0.479896 0.006572 0.016811 0.013044
0 0.329120 0.709592 0.015610 0.020107
0 0.274878 0.693301 0.014910 0.018538
0 0.076822 0.079695 0.013174 0.021922
0 0.003503 0.775171 0.007007 0.023912
0 0.972351 0.131606 0.012888 0.014511
0 0.522560 0.074101 0.013097 0.016285
0 0.547976 0.888856 0.011355 0.015032
0 0.385057 0.174519 0.012532 0.016101
0 0.036100 0.078260 0.013598 0.015028
0 0.177571 0.276433 0.014069 0.019920
0 0.604996 0.944070 0.011899 0.014690
0 0.358206 0.662399 0.014296 0.017298
0 0.233973 0.970934 0.011867 0.016153
0 0.966267 0.150551 0.013339 0.016023
0 0.458857 0.865816 0.014903 0.017998
0 0.244392 0.009034 0.012930 0.014908
0 0.225576 0.009315 0.013241 0.015411
0 0.424409 0.647750 0.013267 0.016220
0 0.953889 0.312660 0.014005 0.018064
0 0.746322 0.881462 0.012880 0.015581
0 0.128389 0.722400 0.013289 0.016397
0 0.424600 0.041153 0.021836 0.021462
0 0.614926 0.009024 0.012506 0.015128
0 0.490877 0.447174 0.013914 0.016194
0 0.785581 0.337503 0.012187 0.013253
0 0.243184 0.756687 0.012911 0.018407
0 0.493230 0.748688 0.013832 0.016431
0 0.746943 0.409190 0.012632 0.014904
0 0.714738 0.434610 0.013186 0.015487
0 0.804247 0.190348 0.011065 0.015117
0 0.383270 0.829844 0.011250 0.014237
0 0.136445 0.831289 0.012798 0.017599
0 0.288643 0.974703 0.010133 0.015815
0 0.996969 0.809722 0.006063 0.014176
0 0.605993 0.086105 0.015653 0.016826
0 0.594849 0.894781 0.013011 0.015673
0 0.805475 0.071088 0.011045 0.015033
0 0.691595 0.753267 0.011467 0.016340
0 0.442692 0.023811 0.013146 0.012569
0 0.592291 0.510018 0.013621 0.016132
0 0.667520 0.204441 0.012918 0.016893
0 0.004820 0.775249 0.009639 0.022776
0 0.119630 0.080585 0.011627 0.014785
0 0.752609 0.426119 0.012516 0.016585
0 0.603530 0.728374 0.012394 0.012347
0 0.363666 0.007380 0.011598 0.011979
0 0.654521 0.006496 0.014198 0.012033
0 0.899572 0.552156 0.011206 0.015865
0 0.572500 0.988412 0.012412 0.015920
0 0.620475 0.227223 0.011392 0.015754
0 0.521630 0.272055 0.021872 0.024838
0 0.558716 0.547431 0.013283 0.015602
0 0.332541 0.005275 0.013581 0.010550
0 0.468009 0.513984 0.013910 0.017236
0 0.148104 0.941386 0.011416 0.015945
0 0.794740 0.165735 0.012210 0.015038
0 0.090860 0.003848 0.016251 0.007696
