0 0.217494 0.350098 0.019135 0.021793
0 0.687132 0.250620 0.022231 0.025359
0 0.545238 0.506439 0.022367 0.028717
0 0.296103 0.081431 0.017525 0.022508
0 0.568293 0.462425 0.017856 0.022178
0 0.529358 0.432218 0.018848 0.022712
0 0.717948 0.246459 0.018369 0.021582
0 0.531630 0.482063 0.016335 0.019395
0 0.198889 0.304183 0.021015 0.027551
0 0.276008 0.506923 0.019004 0.024229
0 0.240137 0.660308 0.017836 0.022451
0 0.203675 0.431593 0.017234 0.022779
0 0.013075 0.516899 0.018215 0.024127
0 0.240376 0.499651 0.019417 0.024120
0 0.259053 0.042727 0.018328 0.024334
0 0.290265 0.855335 0.020663 0.025401
0 0.982394 0.433196 0.019832 0.023786
0 0.594607 0.209668 0.019649 0.022460
0 0.157743 0.971254 0.019600 0.024287
0 0.237092 0.367500 0.016334 0.020776
0 0.704858 0.226820 0.015857 0.021002
0 0.983880 0.759509 0.019312 0.023584
0 0.316036 0.236697 0.018657 0.024343
0 0.280273 0.418984 0.018075 0.022895
0 0.614363 0.042293 0.019320 0.024466
0 0.422268 0.788685 0.019142 0.024323
0 0.364010 0.717031 0.017106 0.020030
0 0.950004 0.335788 0.025979 0.027906
0 0.126373 0.344975 0.018594 0.021816
0 0.932130 0.807213 0.017931 0.023206
0 0.459742 0.935832 0.020314 0.024872
0 0.661928 0.726910 0.019202 0.024867
0 0.847588 0.549812 0.020113 0.026887
0 0.890537 0.497410 0.018425 0.020750
0 0.131710 0.822739 0.019562 0.026129
0 0.423459 0.742282 0.017687 0.021361
0 0.924661 0.019928 0.018769 0.024532
0 0.685343 0.744937 0.017525 0.021433
0 0.321481 0.268280 0.016826 0.020972
0 0.065066 0.364826 0.019234 0.023840
0 0.973845 0.630713 0.019166 0.023138
0 0.682511 0.523101 0.022145 0.024298
0 0.958830 0.090799 0.018629 0.022936
0 0.771601 0.162174 0.019156 0.023876
0 0.934857 0.500389 0.018428 0.020460
0 0.139411 0.425704 0.016720 0.020177
0 0.825116 0.815267 0.021996 0.024821
0 0.283590 0.055733 0.015188 0.020435
0 0.541095 0.297879 0.020800 0.025156
0 0.925793 0.527298 0.017503 0.021289
0 0.786299 0.621710 0.018127 0.021725
0 0.129627 0.275795 0.019500 0.023767
0 0.883410 0.131539 0.020619 0.024017
0 0.088199 0.458092 0.018087 0.023532
0 0.858493 0.450695 0.017578 0.026787
0 0.682432 0.041405 0.020067 0.024059
0 0.428173 0.601119 0.019055 0.023351
0 0.116683 0.213196 0.019005 0.023398
0 0.542679 0.458413 0.015021 0.020242
0 0.123178 0.988299 0.018801 0.019080
0 0.889581 0.049828 0.018017 0.030208
0 0.295535 0.499350 0.014958 0.019590
0 0.724045 0.644086 0.018122 0.027256
0 0.342611 0.051065 0.017959 0.022893
0 0.887152 0.713564 0.020348 0.024760
0 0.624439 0.794701 0.018677 0.024495
0 0.131763 0.094065 0.017295 0.023663
0 0.412895 0.127227 0.018159 0.022561
0 0.347515 0.461972 0.014416 0.019111
0 0.403206 0.486094 0.018813 0.022896
0 0.675250 0.695139 0.019309 0.023183
0 0.947037 0.158552 0.018177 0.022079
0 0.410189 0.446472 0.016670 0.020375
0 0.594219 0.849277 0.020446 0.027813
0 0.336816 0.788324 0.019007 0.022546
0 0.745924 0.623756 0.019967 0.022850
0 0.050384 0.399818 0.017276 0.021474
0 0.936883 0.990207 0.019494 0.016522
0 0.377430 0.450754 0.016811 0.020687
0 0.490585 0.041087 0.019492 0.024684
0 0.933524 0.432473 0.018639 0.021999
0 0.839310 0.015034 0.018312 0.022974
0 0.021203 0.207901 0.018795 0.023436
0 0.283849 0.267854 0.016831 0.022591
0 0.948774 0.942348 0.021770 0.026924
0 0.768608 0.871210 0.022139 0.025618
0 0.128178 0.556480 0.025901 0.028119
0 0.261831 0.644212 0.016872 0.020568
0 0.509848 0.726103 0.019639 0.022507
0 0.852919 0.368442 0.019143 0.023925
0 0.418002 0.227527 0.017866 0.023190
0 0.254752 0.096981 0.022529 0.022405
0 0.183622 0.423130 0.014951 0.019860
0 0.599176 0.940825 0.020214 0.024554
0 0.233910 0.284874 0.018840 0.021355
0 0.488838 0.328646 0.017825 0.021723
0 0.908529 0.822664 0.016303 0.021749
0 0.370037 0.588432 0.017930 0.022074
0 0.411365 0.856782 0.020058 0.023426
0 0.005718 0.971549 0.011436 0.021618
0 0.525539 0.667440 0.017343 0.020204
0 0.698836 0.994325 0.031524 0.011351
0 0.994794 0.737714 0.010411 0.020521
0 0.890049 0.755940 0.013371 0.016471
0 0.572705 0.066695 0.016097 0.018726
0 0.338440 0.836465 0.018378 0.021916
0 0.244632 0.959836 0.014007 0.016390
0 0.115319 0.116110 0.013639 0.015189
0 0.431298 0.724957 0.011686 0.013599
0 0.698554 0.992833 0.030544 0.014334
0 0.936745 0.990459 0.022628 0.019083
0 0.158020 0.003000 0.019847 0.005999
0 0.992835 0.736008 0.014330 0.021297
0 0.423778 0.739473 0.020491 0.028645
0 0.697453 0.996617 0.031390 0.006766
