0 0.217325 0.322237 0.020074 0.025718
0 0.559154 0.529542 0.023907 0.031921
0 0.983051 0.647255 0.017547 0.021900
0 0.466487 0.478962 0.015242 0.019000
0 0.962340 0.964471 0.017639 0.025746
0 0.240659 0.314219 0.018160 0.022845
0 0.705601 0.272752 0.015566 0.020864
0 0.250219 0.389067 0.017156 0.020887
0 0.369598 0.008035 0.015917 0.013329
0 0.512230 0.467272 0.016145 0.020780
0 0.428805 0.992627 0.019143 0.014745
0 0.950913 0.497125 0.022447 0.022917
0 0.415909 0.890489 0.016009 0.022532
0 0.319214 0.557052 0.017790 0.023479
0 0.232510 0.369987 0.015916 0.021989
0 0.382058 0.466730 0.016848 0.023320
0 0.962544 0.315877 0.015851 0.022066
0 0.951012 0.291164 0.017012 0.019164
0 0.068208 0.388339 0.017836 0.023367
0 0.722708 0.255057 0.015697 0.021164
0 0.960245 0.691772 0.018692 0.021631
0 0.361205 0.829318 0.015887 0.020573
0 0.946926 0.457333 0.015142 0.019176
0 0.945534 0.333167 0.018418 0.020971
0 0.108522 0.268460 0.014988 0.019223
0 0.139587 0.390972 0.017284 0.020529
0 0.018657 0.533798 0.019120 0.022099
0 0.873766 0.811702 0.019387 0.025673
0 0.684810 0.287269 0.014778 0.020438
0 0.101834 0.192166 0.016404 0.020076
0 0.903648 0.774782 0.017595 0.022331
0 0.433872 0.754971 0.016137 0.020599
0 0.622548 0.062106 0.017739 0.021825
0 0.599297 0.186452 0.017208 0.020696
0 0.464762 0.022569 0.013887 0.017388
0 0.219370 0.723768 0.016757 0.021090
0 0.146493 0.114339 0.016349 0.020697
0 0.302642 0.741338 0.015710 0.019161
0 0.381332 0.664827 0.016793 0.019843
0 0.727896 0.772959 0.017199 0.022023
0 0.251750 0.051253 0.013427 0.016453
0 0.780829 0.455195 0.018196 0.022616
0 0.166554 0.021603 0.017652 0.022968
0 0.559575 0.322124 0.019580 0.025036
0 0.702422 0.738682 0.016497 0.021669
0 0.294522 0.560205 0.015743 0.021564
0 0.415944 0.555837 0.017829 0.021620
0 0.354893 0.746344 0.019754 0.024083
0 0.338719 0.289575 0.017099 0.020818
0 0.390416 0.843941 0.017063 0.020366
0 0.254577 0.525913 0.017897 0.021892
0 0.435195 0.245922 0.015124 0.018552
0 0.221762 0.608647 0.011506 0.015756
0 0.425880 0.152141 0.017957 0.021439
0 0.989877 0.705543 0.014923 0.018046
0 0.151164 0.445920 0.016662 0.022503
0 0.440369 0.399709 0.018601 0.022618
0 0.218103 0.451516 0.017587 0.020621
0 0.971032 0.478101 0.013653 0.019579
0 0.603125 0.861703 0.018565 0.021902
0 0.755025 0.651022 0.015836 0.020043
0 0.472592 0.306622 0.016421 0.020744
0 0.404442 0.234350 0.017197 0.022834
0 0.680086 0.815011 0.016920 0.021006
0 0.769721 0.616235 0.018795 0.022557
0 0.926879 0.773344 0.015067 0.019127
0 0.047075 0.383713 0.015011 0.020220
0 0.701475 0.766025 0.015905 0.020991
0 0.059782 0.422317 0.015760 0.020308
0 0.414497 0.091357 0.019912 0.025392
0 0.135579 0.363676 0.018749 0.021986
0 0.914693 0.549574 0.017287 0.018900
0 0.303010 0.051269 0.018551 0.022050
0 0.689979 0.714212 0.017835 0.020787
0 0.796228 0.823092 0.021629 0.025107
0 0.362106 0.469176 0.014702 0.018604
0 0.349145 0.545489 0.015866 0.019395
0 0.981126 0.836691 0.014563 0.019643
0 0.090064 0.274035 0.013052 0.016339
0 0.549840 0.443588 0.015368 0.018251
0 0.520091 0.744363 0.015076 0.019791
0 0.426769 0.468763 0.014785 0.018643
0 0.352541 0.809569 0.016610 0.019189
0 0.448299 0.471859 0.013674 0.018170
0 0.676729 0.965507 0.015950 0.019524
0 0.856471 0.572289 0.019538 0.022044
0 0.415350 0.052425 0.014324 0.017453
0 0.439431 0.621513 0.017451 0.023564
0 0.735740 0.987162 0.016433 0.018814
0 0.970528 0.991828 0.022320 0.015351
0 0.473875 0.006416 0.013259 0.012832
0 0.148311 0.140171 0.015487 0.017394
0 0.160086 0.706382 0.016892 0.020122
0 0.202019 0.557229 0.013701 0.017159
0 0.307152 0.579464 0.016314 0.020500
0 0.935596 0.442367 0.014330 0.017204
0 0.761833 0.969947 0.015664 0.016010
0 0.795041 0.564739 0.016278 0.019793
0 0.339738 0.915074 0.018151 0.021335
0 0.646061 0.906033 0.012802 0.015467
0 0.140502 0.570215 0.016969 0.022674
0 0.967894 0.450121 0.014624 0.019747
0 0.262325 0.665974 0.017436 0.022444
0 0.683230 0.123725 0.016474 0.019810
0 0.695060 0.056211 0.017436 0.021298
0 0.491276 0.460886 0.014768 0.020593
0 0.328265 0.110728 0.017986 0.020693
0 0.716682 0.720292 0.015616 0.020266
0 0.298967 0.287664 0.016069 0.021194
0 0.963571 0.181033 0.014376 0.017120
0 0.904842 0.169642 0.016879 0.021407
0 0.295448 0.127581 0.017191 0.022570
0 0.106173 0.944227 0.020079 0.024518
0 0.864269 0.036332 0.017121 0.018627
0 0.659333 0.440128 0.015044 0.019374
0 0.559787 0.980820 0.015853 0.019149
0 0.906213 0.735572 0.016883 0.021089
0 0.673304 0.110834 0.013041 0.015785
0 0.996648 0.777917 0.006704 0.023561
0 0.994896 0.904775 0.010207 0.018976
0 0.903819 0.139007 0.011106 0.013640
0 0.268133 0.115983 0.015558 0.019794
0 0.645076 0.354692 0.011603 0.015920
0 0.261726 0.661455 0.018959 0.029595
0 0.431811 0.341188 0.014483 0.017241
0 0.535373 0.533689 0.014992 0.018465
0 0.994447 0.830192 0.011107 0.021584
0 0.353945 0.484878 0.014159 0.016347
0 0.875701 0.814008 0.019531 0.026553
0 0.172562 0.992392 0.015763 0.013409
0 0.311167 0.724616 0.014641 0.016762
0 0.799383 0.285326 0.015361 0.022024
0 0.967925 0.151712 0.017762 0.020132
0 0.734140 0.267662 0.014060 0.018184
0 0.302772 0.047399 0.020049 0.027879
0 0.420255 0.747038 0.010682 0.014489
0 0.150755 0.019662 0.011405 0.022107
0 0.054550 0.605633 0.011901 0.014521
0 0.612792 0.540779 0.010772 0.012615
0 0.704408 0.249729 0.011693 0.015991
0 0.898176 0.165875 0.017775 0.021302
0 0.596801 0.629305 0.011816 0.013731
0 0.415179 0.049657 0.016961 0.020644
0 0.425140 0.750632 0.015777 0.018903
0 0.681572 0.121266 0.020802 0.025522
0 0.304221 0.739555 0.019345 0.021798
0 0.218026 0.726263 0.019611 0.021919
0 0.358573 0.475566 0.017761 0.027691
0 0.940825 0.450201 0.018616 0.023217
0 0.322355 0.561939 0.016941 0.027000
0 0.149966 0.575737 0.012044 0.017751
