0 0.542166 0.497300 0.022851 0.028844
0 0.189696 0.285322 0.021703 0.027276
0 0.827728 0.683741 0.020029 0.024301
0 0.669605 0.731852 0.019175 0.023167
0 0.008044 0.508721 0.016087 0.023081
0 0.332899 0.781467 0.017106 0.020107
0 0.710008 0.226990 0.019488 0.025489
0 0.376470 0.976076 0.022075 0.023611
0 0.392176 0.472702 0.020603 0.025518
0 0.659341 0.675381 0.022201 0.025797
0 0.257598 0.639156 0.015714 0.018768
0 0.388495 0.428553 0.016937 0.022069
0 0.420335 0.733623 0.017935 0.022283
0 0.234194 0.359450 0.015334 0.020229
0 0.252729 0.472386 0.018303 0.021946
0 0.134882 0.261710 0.020671 0.023959
0 0.202416 0.425276 0.017745 0.022312
0 0.028496 0.365320 0.020203 0.023722
0 0.685586 0.220157 0.017251 0.024066
0 0.257810 0.372535 0.018346 0.023115
0 0.097448 0.885084 0.020160 0.027138
0 0.924364 0.305965 0.025154 0.025892
0 0.764714 0.442967 0.019928 0.023755
0 0.375268 0.935003 0.021994 0.025515
0 0.534943 0.293252 0.020254 0.026914
0 0.809199 0.626497 0.021041 0.024216
0 0.317542 0.258623 0.016798 0.020389
0 0.687864 0.759026 0.018493 0.022313
0 0.678015 0.515322 0.022682 0.028040
0 0.236048 0.018669 0.017175 0.021568
0 0.233298 0.634744 0.017160 0.021347
0 0.883838 0.043783 0.019068 0.028593
0 0.082523 0.452020 0.017911 0.022565
0 0.670204 0.038314 0.020032 0.025557
0 0.924111 0.375430 0.025855 0.023520
0 0.290132 0.616000 0.016685 0.019689
0 0.564932 0.457840 0.019854 0.023972
0 0.818247 0.809010 0.020708 0.026205
0 0.234835 0.768024 0.019864 0.024415
0 0.306588 0.972933 0.023986 0.026760
0 0.709864 0.911146 0.020882 0.022562
0 0.334754 0.541332 0.019109 0.021748
0 0.121089 0.336727 0.019694 0.023174
0 0.065302 0.882448 0.019521 0.027018
0 0.927754 0.427445 0.020467 0.023923
0 0.939851 0.189233 0.019313 0.023396
0 0.391503 0.831580 0.018312 0.021930
0 0.412010 0.219762 0.018222 0.021837
0 0.978554 0.753351 0.021715 0.025439
0 0.940783 0.935974 0.021138 0.024722
0 0.261906 0.021940 0.016113 0.020896
0 0.815642 0.411962 0.017926 0.021499
0 0.941009 0.150059 0.019075 0.022644
0 0.456589 0.358721 0.019211 0.023584
0 0.880356 0.465380 0.019080 0.021396
0 0.115363 0.208232 0.017507 0.022661
0 0.102975 0.794558 0.020416 0.025467
0 0.235426 0.494799 0.019216 0.025788
0 0.503486 0.462346 0.018633 0.024107
0 0.405820 0.121375 0.017361 0.023122
0 0.298941 0.222308 0.017356 0.023794
0 0.435859 0.265605 0.017574 0.021108
0 0.583942 0.838034 0.021411 0.026559
0 0.924198 0.679047 0.020988 0.025464
0 0.620038 0.653762 0.021056 0.024185
0 0.135676 0.418386 0.016969 0.020722
0 0.144936 0.960578 0.022445 0.024702
0 0.424032 0.595596 0.017412 0.022810
0 0.213892 0.347294 0.016019 0.021062
0 0.278716 0.262679 0.016836 0.021672
0 0.255524 0.438987 0.020002 0.022771
0 0.616298 0.792729 0.019879 0.024580
0 0.452917 0.678710 0.021068 0.024229
0 0.829771 0.729081 0.020505 0.022352
0 0.323244 0.026731 0.018363 0.022832
0 0.048967 0.389221 0.016099 0.020350
0 0.609615 0.038017 0.018842 0.024432
0 0.739176 0.136736 0.021170 0.026168
0 0.437623 0.008452 0.015158 0.015434
0 0.499539 0.410899 0.018363 0.024368
0 0.341265 0.456609 0.016469 0.021870
0 0.164121 0.376749 0.016660 0.020036
0 0.341723 0.756805 0.016593 0.022571
0 0.795198 0.325359 0.019413 0.024899
0 0.923292 0.047561 0.016797 0.022950
0 0.120434 0.539333 0.027176 0.033043
0 0.738564 0.618050 0.019139 0.023343
0 0.963694 0.624566 0.022064 0.024124
0 0.473254 0.956896 0.018940 0.023447
0 0.870666 0.436980 0.018432 0.023028
0 0.128156 0.087568 0.016075 0.021637
0 0.364972 0.420312 0.017797 0.021928
0 0.550324 0.154117 0.018547 0.024796
0 0.377955 0.717554 0.018730 0.022570
0 0.334683 0.830007 0.019477 0.022784
0 0.291989 0.064681 0.018666 0.022554
0 0.517506 0.846353 0.018962 0.022333
0 0.933692 0.988237 0.019682 0.018421
0 0.826058 0.088569 0.018286 0.023590
0 0.825104 0.893535 0.018662 0.021076
0 0.854404 0.728540 0.011616 0.015829
0 0.249319 0.096254 0.021144 0.020950
0 0.966408 0.225311 0.020925 0.023727
0 0.214880 0.246114 0.021665 0.023113
0 0.667494 0.576545 0.019740 0.021299
0 0.781492 0.919732 0.018401 0.021406
0 0.692991 0.986388 0.020090 0.022043
0 0.467502 0.590309 0.016683 0.019140
0 0.632506 0.397070 0.015096 0.016966
0 0.828983 0.008045 0.020207 0.014645
0 0.651829 0.456160 0.016636 0.019339
0 0.401942 0.726441 0.010253 0.014845
0 0.603840 0.995136 0.024425 0.009728
0 0.603663 0.997713 0.023875 0.004575
0 0.289837 0.615070 0.020198 0.025805
