0 0.235430 0.553384 0.019279 0.025250
0 0.092729 0.290261 0.017026 0.022508
0 0.913869 0.883639 0.017021 0.021304
0 0.146442 0.921224 0.017104 0.020207
0 0.236398 0.741350 0.016335 0.020699
0 0.382789 0.285586 0.019250 0.025925
0 0.867819 0.366064 0.020569 0.025996
0 0.111180 0.934712 0.016784 0.021026
0 0.741679 0.091505 0.018588 0.023329
0 0.051802 0.341952 0.017228 0.021676
0 0.123988 0.909896 0.017122 0.020760
0 0.872385 0.874090 0.016505 0.020524
0 0.478309 0.022484 0.017761 0.021369
0 0.387735 0.192032 0.018511 0.023003
0 0.044778 0.414970 0.016927 0.020665
0 0.636188 0.299038 0.017823 0.021938
0 0.017281 0.233603 0.017743 0.022930
0 0.709756 0.339099 0.018247 0.027899
0 0.384637 0.370382 0.019176 0.024030
0 0.797008 0.872797 0.019272 0.023647
0 0.525252 0.719948 0.019332 0.021318
0 0.208325 0.740829 0.016308 0.018504
0 0.250748 0.164571 0.017556 0.021426
0 0.155652 0.889104 0.018420 0.025006
0 0.976055 0.299202 0.019168 0.021701
0 0.442218 0.313755 0.016582 0.020410
0 0.124740 0.281714 0.018708 0.023154
0 0.484639 0.719319 0.020609 0.037819
0 0.512721 0.517063 0.017588 0.023152
0 0.879235 0.588839 0.020474 0.024359
0 0.770602 0.208645 0.017430 0.019181
0 0.446543 0.117521 0.017862 0.022085
0 0.773111 0.607832 0.019981 0.024876
0 0.829337 0.990277 0.018444 0.017070
0 0.248296 0.457547 0.018001 0.023289
0 0.776108 0.232315 0.018035 0.021956
0 0.029530 0.179354 0.016530 0.020837
0 0.763739 0.432423 0.017478 0.022913
0 0.321645 0.267248 0.015315 0.020439
0 0.342632 0.804755 0.017413 0.021627
0 0.088022 0.505040 0.020522 0.023785
0 0.388038 0.483712 0.015476 0.018479
0 0.661052 0.290748 0.016695 0.021828
0 0.782443 0.807717 0.016220 0.020794
0 0.971127 0.455628 0.016272 0.020578
0 0.263058 0.737763 0.015585 0.019851
0 0.405845 0.659853 0.017676 0.021123
0 0.520572 0.091940 0.018316 0.023168
0 0.248380 0.821088 0.018309 0.020659
0 0.320873 0.393321 0.019343 0.022052
0 0.722355 0.302469 0.016193 0.020049
0 0.363971 0.078267 0.018587 0.020827
0 0.246821 0.029486 0.020744 0.024876
0 0.667978 0.393105 0.016822 0.021497
0 0.369400 0.869540 0.019032 0.021832
0 0.545241 0.656713 0.017106 0.019837
0 0.530591 0.217296 0.017088 0.022317
0 0.466485 0.478753 0.016816 0.020640
0 0.192001 0.137998 0.016056 0.017809
0 0.931465 0.222402 0.016693 0.023373
0 0.162174 0.790124 0.017427 0.022054
0 0.715481 0.095190 0.016832 0.021683
0 0.098843 0.181584 0.016185 0.019671
0 0.557636 0.149835 0.015368 0.018593
0 0.434711 0.677024 0.016207 0.019766
0 0.269284 0.573883 0.013939 0.018988
0 0.521580 0.409164 0.017359 0.023111
0 0.868879 0.626959 0.018782 0.024101
0 0.022131 0.766293 0.018214 0.022234
0 0.307660 0.178963 0.015786 0.018080
0 0.601432 0.028796 0.020456 0.023069
0 0.395408 0.927065 0.016009 0.020628
0 0.310573 0.848983 0.018487 0.025013
0 0.933754 0.677742 0.018650 0.020408
0 0.006822 0.205983 0.013643 0.022663
0 0.331395 0.295626 0.014775 0.020993
0 0.304078 0.151158 0.017382 0.021862
0 0.603435 0.152608 0.016312 0.019509
0 0.176435 0.713968 0.020323 0.026583
0 0.885046 0.415814 0.019653 0.022028
0 0.315695 0.239966 0.016675 0.018267
0 0.043169 0.156909 0.016323 0.017777
0 0.197421 0.348416 0.021575 0.025515
0 0.120617 0.802709 0.015486 0.019503
0 0.051706 0.198281 0.018398 0.023040
0 0.085202 0.865725 0.019458 0.022170
0 0.636357 0.504868 0.018379 0.022553
0 0.798535 0.088345 0.016914 0.017676
0 0.525424 0.692079 0.017385 0.020966
0 0.991831 0.245855 0.016199 0.019918
0 0.995707 0.615001 0.008586 0.022895
0 0.298382 0.259066 0.016794 0.023658
0 0.472990 0.254140 0.014700 0.020583
0 0.185007 0.815760 0.015489 0.018533
0 0.996167 0.075889 0.007666 0.023646
0 0.885155 0.278797 0.022725 0.021501
0 0.072245 0.303532 0.017489 0.024983
0 0.003478 0.031039 0.006912 0.019936
0 0.899932 0.107087 0.017973 0.021878
0 0.191682 0.720303 0.014851 0.023378
0 0.995958 0.841755 0.008084 0.016700
0 0.182141 0.719211 0.021184 0.029320
0 0.897702 0.109855 0.020356 0.023899
