0 0.927030 0.835464 0.020155 0.030459
0 0.929113 0.889025 0.022559 0.024565
0 0.155646 0.054288 0.021781 0.027364
0 0.374942 0.322271 0.018257 0.021308
0 0.140113 0.743624 0.018142 0.023292
0 0.272340 0.743340 0.016940 0.023604
0 0.099334 0.872006 0.022754 0.026341
0 0.903754 0.829583 0.016176 0.021618
0 0.499420 0.240794 0.017582 0.021996
0 0.889480 0.542747 0.018911 0.022398
0 0.098648 0.903078 0.021232 0.023753
0 0.899950 0.455441 0.020039 0.025240
0 0.534071 0.606477 0.020509 0.026664
0 0.357478 0.836848 0.016996 0.019722
0 0.100728 0.508124 0.019092 0.023171
0 0.586572 0.729684 0.018674 0.023038
0 0.786856 0.241286 0.017782 0.021376
0 0.544769 0.435413 0.019005 0.027466
0 0.995033 0.182508 0.009933 0.026457
0 0.634842 0.160934 0.019883 0.024852
0 0.550388 0.016825 0.018394 0.024492
0 0.663551 0.694005 0.019321 0.024037
0 0.664847 0.940495 0.019160 0.026955
0 0.490696 0.151394 0.017961 0.023317
0 0.085994 0.306757 0.021007 0.026180
0 0.810845 0.879178 0.019987 0.026408
0 0.282278 0.668858 0.019468 0.024753
0 0.248341 0.559204 0.018850 0.025097
0 0.155309 0.595495 0.018045 0.022230
0 0.988934 0.293783 0.018287 0.021599
0 0.527712 0.411515 0.020243 0.023639
0 0.895865 0.288323 0.021766 0.025242
0 0.493243 0.214353 0.021711 0.024076
0 0.118027 0.136552 0.018200 0.021672
0 0.537373 0.700159 0.019409 0.022286
0 0.713464 0.557874 0.021747 0.025521
0 0.250111 0.746476 0.015518 0.020587
0 0.345527 0.302869 0.016415 0.021080
0 0.458793 0.892518 0.018199 0.021404
0 0.441950 0.552348 0.017812 0.022459
0 0.918171 0.474714 0.018560 0.024879
0 0.866423 0.570132 0.019669 0.025467
0 0.782412 0.214411 0.015286 0.019101
0 0.909448 0.117508 0.019408 0.028107
0 0.167111 0.897597 0.023112 0.025883
0 0.053815 0.422560 0.018361 0.023481
0 0.894499 0.423030 0.020622 0.024512
0 0.316536 0.268667 0.018958 0.023373
0 0.452238 0.318638 0.016629 0.021874
0 0.136221 0.280853 0.021182 0.024036
0 0.878328 0.640892 0.019590 0.024312
0 0.232490 0.887942 0.020128 0.024655
0 0.779979 0.384423 0.019735 0.020542
0 0.882679 0.879074 0.019250 0.022592
0 0.785928 0.180088 0.018424 0.022131
0 0.384805 0.350269 0.016977 0.019987
0 0.813806 0.091867 0.015984 0.021455
0 0.392307 0.414592 0.017811 0.019986
0 0.549367 0.658798 0.015793 0.020789
0 0.483847 0.484656 0.017707 0.021964
0 0.247590 0.294187 0.017764 0.022732
0 0.329346 0.246126 0.019546 0.022322
0 0.493413 0.055355 0.018706 0.022017
0 0.314387 0.157232 0.017859 0.022261
0 0.306045 0.368549 0.029626 0.034010
0 0.946425 0.044035 0.019553 0.023521
0 0.786868 0.301292 0.016799 0.020918
0 0.613822 0.154430 0.014446 0.018652
0 0.365249 0.891610 0.019704 0.024652
0 0.042346 0.899255 0.018658 0.023806
0 0.669730 0.604778 0.017837 0.023033
0 0.971176 0.791130 0.017543 0.022272
0 0.854934 0.917560 0.019993 0.024043
0 0.573142 0.664446 0.019055 0.024436
0 0.004383 0.027830 0.008765 0.024644
0 0.008606 0.831187 0.015394 0.020431
0 0.043279 0.184050 0.021450 0.027391
0 0.707951 0.474242 0.019603 0.024010
0 0.317476 0.619229 0.018337 0.022293
0 0.323330 0.855551 0.021790 0.023167
0 0.781274 0.080832 0.015707 0.019046
0 0.529185 0.276700 0.016606 0.020742
0 0.191286 0.718114 0.027464 0.033543
0 0.546404 0.534945 0.015588 0.018053
0 0.731010 0.986286 0.018938 0.019951
0 0.592855 0.363621 0.018023 0.023211
0 0.744383 0.235314 0.017650 0.023385
0 0.278373 0.580895 0.015005 0.018687
0 0.948152 0.685604 0.017767 0.021217
0 0.440394 0.675858 0.016994 0.020857
0 0.407331 0.734856 0.017971 0.020213
0 0.246882 0.433185 0.017961 0.021000
0 0.559163 0.160622 0.015318 0.017477
0 0.004678 0.091007 0.009356 0.026476
0 0.216045 0.739843 0.016844 0.020929
0 0.158805 0.524176 0.018077 0.029654
0 0.940476 0.888378 0.013161 0.022504
0 0.573701 0.080588 0.021131 0.025559
0 0.406771 0.344449 0.011737 0.015911
0 0.994184 0.801872 0.011631 0.019105
0 0.946797 0.993452 0.018337 0.012924
0 0.674046 0.281675 0.017915 0.019856
0 0.996854 0.242881 0.006291 0.020966
0 0.486208 0.260645 0.015526 0.019525
0 0.546109 0.536079 0.018936 0.022187
0 0.896562 0.900371 0.016478 0.021335
0 0.571452 0.084099 0.024243 0.030659
0 0.006591 0.090840 0.013182 0.028220
0 0.003056 0.894638 0.006112 0.024505
0 0.816402 0.227191 0.012021 0.013923
