0 0.818176 0.260992 0.017147 0.020210
0 0.911918 0.883411 0.017255 0.021105
0 0.233422 0.554124 0.018766 0.023653
0 0.154165 0.894107 0.018636 0.025136
0 0.676939 0.238648 0.014813 0.020584
0 0.873301 0.286497 0.018407 0.022009
0 0.086791 0.504222 0.020037 0.023704
0 0.124312 0.909065 0.017431 0.023405
0 0.211256 0.738974 0.018156 0.022836
0 0.132009 0.761811 0.020988 0.022620
0 0.843605 0.549455 0.020439 0.027599
0 0.319655 0.166996 0.019976 0.022189
0 0.791329 0.211197 0.018112 0.024141
0 0.107135 0.257079 0.017671 0.021749
0 0.830401 0.199399 0.020256 0.023638
0 0.652815 0.266313 0.019029 0.027654
0 0.480235 0.780474 0.018248 0.023355
0 0.776314 0.840741 0.024896 0.027766
0 0.626175 0.264780 0.018377 0.025036
0 0.007509 0.208029 0.015019 0.023081
0 0.167028 0.923224 0.017334 0.022508
0 0.638307 0.136857 0.016156 0.020962
0 0.135811 0.679402 0.015953 0.019282
0 0.980799 0.293384 0.017716 0.022091
0 0.413849 0.048539 0.016870 0.020119
0 0.122469 0.797472 0.015642 0.020691
0 0.873276 0.873458 0.016392 0.020303
0 0.700898 0.893527 0.019516 0.025364
0 0.269009 0.630123 0.014291 0.017644
0 0.236251 0.742436 0.014916 0.019389
0 0.007432 0.729195 0.014578 0.020109
0 0.265299 0.659286 0.018156 0.024234
0 0.061414 0.217783 0.020010 0.024328
0 0.418823 0.208841 0.017938 0.021427
0 0.028957 0.839465 0.018836 0.024890
0 0.375801 0.282412 0.018156 0.020631
0 0.054695 0.179454 0.018041 0.020393
0 0.006194 0.914415 0.012388 0.020620
0 0.522591 0.409586 0.018239 0.024318
0 0.882923 0.134998 0.019168 0.021946
0 0.791096 0.868350 0.017066 0.021870
0 0.300039 0.148973 0.015817 0.021651
0 0.043871 0.411997 0.017247 0.020960
0 0.038609 0.924729 0.018946 0.022927
0 0.413272 0.470924 0.017620 0.020721
0 0.767420 0.207291 0.017389 0.019868
0 0.335799 0.988088 0.016111 0.017604
0 0.049555 0.698509 0.016258 0.019554
0 0.907268 0.417912 0.016738 0.020111
0 0.285817 0.754358 0.017505 0.020868
0 0.152343 0.039043 0.015675 0.019704
0 0.995332 0.941225 0.009336 0.020789
0 0.555963 0.205997 0.018081 0.021075
0 0.120325 0.215623 0.017436 0.022319
0 0.277459 0.321374 0.016622 0.021739
0 0.546836 0.149989 0.014348 0.017973
0 0.864071 0.629166 0.017898 0.022482
0 0.483932 0.527683 0.017082 0.021038
0 0.906537 0.381140 0.015596 0.019870
0 0.321094 0.401960 0.013242 0.015596
0 0.312370 0.063412 0.019336 0.023095
0 0.772400 0.233952 0.017147 0.019946
0 0.650712 0.486587 0.015027 0.019530
0 0.696160 0.252881 0.018113 0.020221
0 0.796183 0.072160 0.015990 0.019988
0 0.543949 0.811674 0.017708 0.022138
0 0.306721 0.388885 0.015908 0.019382
0 0.082829 0.874840 0.014874 0.017285
0 0.820648 0.988881 0.017503 0.017946
0 0.235962 0.736957 0.016828 0.029817
0 0.275185 0.460505 0.015650 0.019902
0 0.431349 0.667536 0.017910 0.021940
0 0.242613 0.450481 0.014774 0.019453
0 0.050738 0.131397 0.014218 0.016924
0 0.099130 0.444948 0.016000 0.020547
0 0.497777 0.122629 0.015566 0.019574
0 0.990821 0.242730 0.016683 0.015669
0 0.350134 0.317738 0.016031 0.018984
0 0.048020 0.098284 0.014979 0.019021
0 0.831657 0.740116 0.016411 0.021716
0 0.600879 0.151271 0.014917 0.019263
0 0.082125 0.954010 0.016745 0.021239
0 0.963496 0.254679 0.014912 0.016850
0 0.540295 0.651416 0.014886 0.019228
0 0.097459 0.898431 0.013657 0.017438
0 0.301382 0.262320 0.014728 0.021215
0 0.933165 0.675806 0.015156 0.021689
0 0.259610 0.566026 0.013294 0.016214
0 0.114724 0.050976 0.013013 0.018025
0 0.503000 0.722219 0.013234 0.017307
0 0.245136 0.581964 0.015972 0.019569
0 0.830208 0.230610 0.012180 0.015640
0 0.306635 0.292442 0.012206 0.016474
