0 0.705714 0.272772 0.015272 0.020833
0 0.559157 0.528839 0.024018 0.032748
0 0.232374 0.368405 0.017479 0.023524
0 0.216513 0.322482 0.019882 0.027143
0 0.240040 0.314267 0.018993 0.024156
0 0.723255 0.254483 0.015812 0.020953
0 0.945596 0.332975 0.017790 0.020993
0 0.463448 0.475169 0.015786 0.019500
0 0.412300 0.891439 0.017967 0.023833
0 0.349312 0.738839 0.019685 0.022837
0 0.380024 0.459841 0.017967 0.023768
0 0.067763 0.384300 0.019843 0.025230
0 0.358837 0.829468 0.016276 0.020017
0 0.150780 0.445225 0.016412 0.021413
0 0.676196 0.966221 0.015881 0.020370
0 0.433091 0.753990 0.016795 0.020580
0 0.250408 0.388806 0.016627 0.019987
0 0.683423 0.124845 0.016177 0.020985
0 0.982616 0.647255 0.017237 0.021453
0 0.133525 0.391144 0.018573 0.018957
0 0.318891 0.557500 0.017875 0.023834
0 0.390642 0.845267 0.017909 0.021673
0 0.456675 0.015285 0.013966 0.018802
0 0.511736 0.464415 0.016410 0.021379
0 0.622623 0.060005 0.017514 0.021083
0 0.942075 0.489364 0.019482 0.021578
0 0.771784 0.611986 0.019813 0.024057
0 0.091847 0.190705 0.016488 0.021267
0 0.217644 0.450938 0.017024 0.020044
0 0.349920 0.544476 0.015695 0.018757
0 0.255091 0.527432 0.017346 0.021527
0 0.703310 0.738808 0.015965 0.021493
0 0.403753 0.237926 0.017269 0.022161
0 0.736342 0.989821 0.019099 0.017267
0 0.599123 0.186268 0.017324 0.020474
0 0.440858 0.400076 0.018645 0.022275
0 0.013752 0.530292 0.017850 0.020891
0 0.962841 0.315853 0.015713 0.019621
0 0.338484 0.289803 0.017139 0.020723
0 0.950163 0.289636 0.017070 0.019546
0 0.166291 0.022029 0.017437 0.021606
0 0.434935 0.245727 0.015418 0.019426
0 0.220851 0.720496 0.017636 0.022498
0 0.292032 0.731537 0.016047 0.019119
0 0.981972 0.902398 0.013987 0.017537
0 0.107040 0.266374 0.015349 0.019896
0 0.960929 0.691088 0.016393 0.020604
0 0.380749 0.664877 0.016750 0.019525
0 0.684883 0.287526 0.015731 0.021371
0 0.689857 0.714214 0.017411 0.020676
0 0.091082 0.273927 0.012868 0.016608
0 0.700049 0.765830 0.014456 0.018742
0 0.720326 0.766177 0.014892 0.021637
0 0.146575 0.114313 0.016953 0.020736
0 0.415118 0.985436 0.018010 0.020482
0 0.669249 0.803841 0.015738 0.021404
0 0.045099 0.383665 0.014421 0.019692
0 0.369514 0.008112 0.015649 0.014089
0 0.963465 0.180732 0.013582 0.016985
0 0.856647 0.573366 0.018252 0.022133
0 0.549749 0.444720 0.015014 0.018682
0 0.438896 0.622931 0.016485 0.021827
0 0.326910 0.109337 0.018238 0.022074
0 0.295502 0.560082 0.016367 0.022089
0 0.136188 0.363440 0.019123 0.022556
0 0.060220 0.422285 0.015299 0.018917
0 0.202782 0.554263 0.013961 0.016891
0 0.413187 0.091392 0.022003 0.026934
0 0.405717 0.052884 0.014399 0.016632
0 0.781450 0.455506 0.018807 0.025213
0 0.935202 0.443292 0.014512 0.017512
0 0.490751 0.461320 0.014700 0.019578
0 0.472648 0.306478 0.016697 0.021384
0 0.559779 0.981659 0.014758 0.017581
0 0.261532 0.665815 0.017544 0.022286
0 0.303858 0.052762 0.018463 0.021529
0 0.903238 0.775352 0.017511 0.021807
0 0.416510 0.553231 0.018419 0.022722
0 0.715099 0.716241 0.016692 0.019394
0 0.425804 0.151482 0.017733 0.021753
0 0.299167 0.287383 0.017452 0.022570
0 0.983488 0.705287 0.015318 0.018275
0 0.556443 0.321908 0.019705 0.024579
0 0.165239 0.988934 0.015278 0.016142
0 0.793427 0.559069 0.016309 0.019557
0 0.926313 0.772847 0.015696 0.019423
0 0.154786 0.704173 0.016673 0.022861
0 0.535903 0.536434 0.014202 0.019082
0 0.307960 0.579298 0.016575 0.019443
0 0.249045 0.050192 0.014407 0.017580
0 0.906142 0.734097 0.015822 0.020417
0 0.900115 0.544940 0.016503 0.019703
0 0.946002 0.457402 0.015078 0.018308
0 0.984836 0.820708 0.014983 0.020260
0 0.796388 0.822526 0.021037 0.024090
0 0.694986 0.055868 0.017957 0.020927
0 0.425912 0.469713 0.014315 0.018923
0 0.352872 0.808001 0.015712 0.017876
0 0.326702 0.907242 0.016952 0.020140
0 0.650005 0.345435 0.011964 0.012845
0 0.361903 0.469671 0.015294 0.019402
0 0.754535 0.651290 0.015995 0.021567
0 0.669605 0.115744 0.013228 0.016726
0 0.863642 0.801867 0.018432 0.022606
0 0.092813 0.939951 0.021040 0.023731
0 0.603230 0.861456 0.018129 0.022457
0 0.965288 0.442534 0.015040 0.019232
0 0.962921 0.963168 0.018771 0.025557
0 0.755670 0.964609 0.014848 0.014621
0 0.653680 0.434369 0.015139 0.018685
0 0.149776 0.144152 0.013154 0.017125
0 0.994920 0.468005 0.010161 0.020616
0 0.214234 0.597283 0.012651 0.015502
0 0.904685 0.168774 0.016439 0.020998
0 0.967013 0.151574 0.017421 0.020118
0 0.260136 0.661129 0.018625 0.030482
0 0.641796 0.889641 0.011929 0.014257
0 0.151794 0.020169 0.013130 0.021167
0 0.354233 0.484782 0.014394 0.015170
0 0.428046 0.336388 0.014462 0.018087
0 0.969003 0.826661 0.014102 0.019889
0 0.960443 0.991885 0.024148 0.015759
0 0.961812 0.475056 0.013659 0.023031
0 0.520076 0.742977 0.015770 0.019808
0 0.993879 0.865053 0.012083 0.016721
0 0.996764 0.777572 0.006471 0.021733
0 0.857132 0.033902 0.017226 0.018779
0 0.302105 0.718573 0.014124 0.017024
0 0.295215 0.130046 0.016560 0.022311
0 0.267048 0.118014 0.016475 0.021740
0 0.801152 0.287324 0.015191 0.021829
0 0.899124 0.136719 0.011616 0.014606
0 0.703503 0.249230 0.012198 0.015595
0 0.062796 0.616077 0.011900 0.013703
0 0.510139 0.462349 0.018504 0.023481
0 0.866569 0.811180 0.016400 0.015681
0 0.143479 0.568886 0.017458 0.021375
0 0.779657 0.326880 0.011444 0.013460
0 0.996970 0.655390 0.006061 0.023916
0 0.584105 0.614179 0.010634 0.012371
0 0.896377 0.165198 0.014419 0.019938
0 0.359326 0.474610 0.019589 0.028600
0 0.939106 0.448066 0.017741 0.022818
0 0.734580 0.267191 0.014393 0.018065
0 0.045807 0.383537 0.017633 0.023594
0 0.149942 0.574877 0.013278 0.015617
0 0.729224 0.260821 0.017863 0.025350
0 0.418834 0.750463 0.010394 0.017399
