0 0.513949 0.659744 0.016812 0.020463
0 0.622307 0.705829 0.016782 0.021688
0 0.309671 0.828903 0.016700 0.019391
0 0.011972 0.501084 0.016532 0.020456
0 0.279727 0.453621 0.018680 0.022695
0 0.517166 0.966315 0.023585 0.026029
0 0.657373 0.674632 0.017057 0.021475
0 0.661505 0.053040 0.016021 0.020681
0 0.394864 0.039272 0.015233 0.019672
0 0.818973 0.872254 0.017592 0.021244
0 0.789325 0.655412 0.017909 0.021471
0 0.635943 0.950237 0.020004 0.024878
0 0.485989 0.132821 0.018561 0.024495
0 0.819179 0.271226 0.019802 0.020854
0 0.070160 0.044634 0.019689 0.023631
0 0.049738 0.902668 0.014054 0.017159
0 0.314743 0.039052 0.014940 0.020691
0 0.808201 0.642257 0.017351 0.021997
0 0.011541 0.071488 0.019614 0.021032
0 0.253143 0.469015 0.018892 0.024011
0 0.745350 0.227872 0.017668 0.021500
0 0.751875 0.571867 0.017876 0.023635
0 0.675472 0.700991 0.017999 0.022397
0 0.284390 0.387352 0.018800 0.021760
0 0.796834 0.435352 0.018350 0.022523
0 0.121279 0.491738 0.016769 0.021523
0 0.723413 0.550189 0.017239 0.020440
0 0.537561 0.436073 0.017121 0.020879
0 0.004319 0.647306 0.008638 0.018555
0 0.848187 0.039128 0.016777 0.020285
0 0.423547 0.039131 0.017262 0.021976
0 0.102493 0.150787 0.018049 0.021682
0 0.129750 0.168651 0.020271 0.024365
0 0.846841 0.008809 0.015183 0.016538
0 0.474090 0.679209 0.017097 0.020869
0 0.939306 0.892709 0.015091 0.019080
0 0.816088 0.061846 0.014847 0.026394
0 0.393927 0.083565 0.016977 0.021100
0 0.871613 0.574728 0.018051 0.021901
0 0.136429 0.234858 0.015856 0.020926
0 0.904029 0.114580 0.017775 0.020778
0 0.760634 0.052430 0.019465 0.022514
0 0.371524 0.642362 0.014936 0.019825
0 0.894278 0.990700 0.015798 0.016256
0 0.510887 0.297675 0.019096 0.024348
0 0.516786 0.130299 0.011613 0.015012
0 0.428131 0.153754 0.017714 0.021578
0 0.570598 0.386420 0.017959 0.022597
0 0.399167 0.008747 0.012692 0.014835
0 0.289585 0.923701 0.018110 0.021518
0 0.758856 0.914279 0.019103 0.025156
0 0.440966 0.959553 0.018392 0.022669
0 0.046383 0.071752 0.018325 0.023899
0 0.888112 0.938229 0.016100 0.020594
0 0.634733 0.683630 0.014923 0.018744
0 0.041602 0.876056 0.013816 0.016260
0 0.458026 0.640181 0.016109 0.019840
0 0.036544 0.981334 0.017502 0.020992
0 0.955770 0.533557 0.018031 0.022114
0 0.549566 0.081846 0.014033 0.017770
0 0.646535 0.074486 0.015754 0.018172
0 0.872109 0.546238 0.018087 0.022032
0 0.810363 0.988488 0.015434 0.018579
0 0.229000 0.547692 0.016964 0.020601
0 0.913921 0.142392 0.017119 0.021724
0 0.370941 0.547188 0.014863 0.020246
0 0.481750 0.570126 0.016598 0.022431
0 0.091736 0.852421 0.018351 0.023932
0 0.312284 0.012266 0.015793 0.023488
0 0.446481 0.007875 0.016371 0.014779
0 0.036839 0.824246 0.016888 0.021224
0 0.572398 0.760591 0.016642 0.020763
0 0.291852 0.022503 0.017149 0.021058
0 0.372647 0.689887 0.015899 0.019834
0 0.710152 0.587530 0.016794 0.020756
0 0.008836 0.476802 0.017337 0.020522
0 0.040919 0.934483 0.015812 0.023107
0 0.214256 0.322563 0.016167 0.021852
0 0.349898 0.040917 0.014900 0.019758
0 0.836107 0.988799 0.013939 0.017196
0 0.150230 0.280548 0.015987 0.020171
0 0.512770 0.092581 0.016234 0.020939
0 0.821090 0.965700 0.017461 0.019998
0 0.677631 0.991842 0.017487 0.016316
0 0.851716 0.070554 0.016599 0.020571
0 0.365290 0.870395 0.020892 0.026347
0 0.457447 0.260808 0.016967 0.021089
0 0.069135 0.077269 0.016212 0.022946
0 0.024582 0.895669 0.015384 0.019165
0 0.634744 0.408956 0.015501 0.020525
0 0.450642 0.366086 0.014487 0.018615
0 0.154731 0.688866 0.016079 0.022577
0 0.647352 0.155191 0.020395 0.021131
0 0.258493 0.607375 0.018429 0.022114
0 0.799707 0.778075 0.018387 0.022873
0 0.329640 0.102921 0.016692 0.022013
0 0.364872 0.950235 0.015639 0.019010
0 0.667241 0.566442 0.019294 0.023456
0 0.674470 0.608352 0.015136 0.024591
0 0.121013 0.981648 0.017790 0.021032
0 0.306288 0.856839 0.016049 0.020228
0 0.211291 0.991528 0.017471 0.015556
0 0.518297 0.347891 0.015597 0.020386
0 0.853621 0.675864 0.019409 0.021314
0 0.220383 0.232234 0.017724 0.021450
0 0.378617 0.007523 0.017309 0.012890
0 0.820798 0.579361 0.017658 0.021549
0 0.181969 0.991808 0.014916 0.014033
0 0.519099 0.725734 0.018514 0.022755
0 0.992975 0.752555 0.014049 0.021448
0 0.657601 0.866020 0.015841 0.020571
0 0.841654 0.748537 0.016598 0.020127
0 0.385513 0.652307 0.014070 0.018057
0 0.791985 0.279132 0.015076 0.019079
0 0.297982 0.098899 0.016378 0.020975
0 0.021780 0.032200 0.015365 0.017326
0 0.710665 0.287003 0.017104 0.020625
0 0.533223 0.991535 0.014809 0.014808
0 0.108392 0.541623 0.017512 0.022040
0 0.995318 0.276815 0.009365 0.024062
0 0.134219 0.365479 0.018245 0.022620
0 0.089696 0.093370 0.016292 0.020280
0 0.879686 0.695981 0.017512 0.022676
0 0.624953 0.842112 0.018674 0.025253
0 0.797832 0.886948 0.015584 0.018407
0 0.438458 0.886383 0.014501 0.019461
0 0.236769 0.797943 0.017550 0.022693
0 0.767784 0.989190 0.014859 0.017200
0 0.431071 0.685513 0.017374 0.021367
0 0.844725 0.935451 0.018281 0.022111
0 0.682491 0.032978 0.015462 0.019955
0 0.035435 0.543340 0.013495 0.018159
0 0.785113 0.076592 0.018148 0.023283
0 0.466621 0.143811 0.015841 0.020739
0 0.061073 0.538034 0.019009 0.021549
0 0.218273 0.514659 0.020264 0.024337
0 0.330651 0.048395 0.014672 0.021267
0 0.370867 0.972383 0.014880 0.017131
0 0.777505 0.963878 0.011608 0.011286
0 0.996477 0.926932 0.007047 0.019736
0 0.499748 0.388519 0.016186 0.022818
0 0.880929 0.061792 0.013209 0.016038
0 0.219251 0.645097 0.016665 0.019653
0 0.675342 0.848963 0.015602 0.020548
0 0.412438 0.213382 0.014491 0.017087
0 0.051086 0.111937 0.017692 0.020063
0 0.338117 0.017119 0.017787 0.021372
0 0.188368 0.295712 0.012837 0.016595
0 0.608642 0.111790 0.017588 0.022257
0 0.410089 0.344096 0.011796 0.015970
0 0.732678 0.828676 0.013438 0.016476
0 0.220843 0.008382 0.014257 0.014972
0 0.647618 0.167537 0.017344 0.021666
0 0.232190 0.268167 0.013549 0.017857
0 0.835701 0.988384 0.017348 0.020693
0 0.645508 0.214050 0.012563 0.015189
0 0.485704 0.298413 0.013651 0.019057
0 0.612328 0.508153 0.012899 0.015376
0 0.246017 0.952409 0.012921 0.014692
0 0.739710 0.591291 0.015405 0.020251
0 0.414921 0.784031 0.012605 0.015869
0 0.620728 0.100118 0.012012 0.017339
0 0.240598 0.752047 0.012659 0.016348
0 0.234255 0.268954 0.012893 0.019089
0 0.173134 0.638853 0.013065 0.015959
0 0.417492 0.949146 0.012012 0.017286
0 0.407579 0.651895 0.013067 0.016462
0 0.944684 0.218112 0.013448 0.017027
0 0.503622 0.709200 0.014205 0.018241
0 0.996998 0.339516 0.006004 0.022219
0 0.520624 0.373067 0.012186 0.015961
0 0.147963 0.118521 0.013341 0.014861
0 0.469892 0.841807 0.013449 0.016441
0 0.406842 0.454586 0.012963 0.017675
