0 0.019720 0.049670 0.016563 0.019521
0 0.279455 0.385007 0.018823 0.024375
0 0.782277 0.836097 0.018413 0.023318
0 0.763967 0.948865 0.015906 0.021877
0 0.624552 0.944957 0.018750 0.026384
0 0.081868 0.810123 0.014197 0.019142
0 0.413918 0.557906 0.014048 0.018168
0 0.130089 0.230735 0.016389 0.022858
0 0.217152 0.698565 0.016725 0.022240
0 0.514794 0.293180 0.017875 0.024158
0 0.934674 0.894322 0.013809 0.018366
0 0.508731 0.109815 0.014601 0.018626
0 0.135310 0.176555 0.020274 0.023841
0 0.475731 0.077467 0.016513 0.020584
0 0.614648 0.661988 0.015883 0.020379
0 0.519477 0.246261 0.019477 0.023950
0 0.033829 0.932251 0.015701 0.022243
0 0.982401 0.707739 0.012811 0.014614
0 0.717521 0.225342 0.017969 0.021758
0 0.093678 0.936678 0.018159 0.021525
0 0.837604 0.315541 0.018106 0.022169
0 0.728664 0.913413 0.018559 0.020645
0 0.057639 0.212798 0.016431 0.020450
0 0.059487 0.321206 0.016469 0.022446
0 0.097251 0.679897 0.017424 0.020260
0 0.116059 0.488400 0.016421 0.023135
0 0.005355 0.675592 0.010710 0.022143
0 0.380593 0.651656 0.014386 0.017571
0 0.050630 0.518163 0.017145 0.020851
0 0.082677 0.707981 0.012021 0.017071
0 0.797095 0.960667 0.016323 0.018541
0 0.246605 0.470111 0.019031 0.025894
0 0.023213 0.172573 0.015531 0.020384
0 0.800998 0.156986 0.011849 0.016332
0 0.784553 0.937623 0.014547 0.017812
0 0.010847 0.027653 0.013621 0.017465
0 0.664578 0.241619 0.017778 0.018768
0 0.463117 0.335736 0.013166 0.019817
0 0.975175 0.327144 0.018519 0.022862
0 0.023814 0.208539 0.012889 0.016790
0 0.552654 0.936595 0.016404 0.020163
0 0.451294 0.774700 0.017000 0.022332
0 0.867790 0.334992 0.018564 0.020805
0 0.464310 0.678697 0.014517 0.018532
0 0.567745 0.626025 0.015166 0.020190
0 0.814261 0.871296 0.017966 0.021783
0 0.003299 0.185412 0.006559 0.014823
0 0.150511 0.445220 0.015368 0.018899
0 0.602048 0.635661 0.015037 0.016657
0 0.317226 0.933253 0.015403 0.019414
0 0.810914 0.093492 0.014162 0.017000
0 0.229540 0.958543 0.013706 0.016980
0 0.331602 0.588627 0.018551 0.024215
0 0.816266 0.785343 0.018286 0.022606
0 0.250967 0.930306 0.016608 0.020740
0 0.801706 0.056938 0.016526 0.021659
0 0.517656 0.969266 0.017085 0.022851
0 0.793610 0.688904 0.015409 0.019234
0 0.320663 0.109625 0.014252 0.019400
0 0.383732 0.088111 0.015006 0.019594
0 0.920012 0.642876 0.014660 0.018242
0 0.817563 0.933479 0.011059 0.013865
0 0.251384 0.092981 0.015074 0.017664
0 0.062247 0.185574 0.015152 0.018369
0 0.504610 0.220641 0.013067 0.016972
0 0.300405 0.053858 0.015728 0.017616
0 0.406403 0.866837 0.017652 0.021886
0 0.271322 0.067413 0.014814 0.020264
0 0.112175 0.241271 0.013702 0.018435
0 0.328315 0.820869 0.015219 0.020121
0 0.565713 0.877055 0.015675 0.022357
0 0.496407 0.783970 0.014859 0.018428
0 0.665002 0.941646 0.012569 0.014874
0 0.226847 0.203405 0.012742 0.016249
0 0.192214 0.206942 0.014006 0.015857
0 0.661161 0.188091 0.013353 0.016824
0 0.225895 0.419523 0.012026 0.017278
0 0.845061 0.886275 0.015751 0.020441
0 0.531135 0.432544 0.015477 0.021763
0 0.855348 0.942619 0.015795 0.018391
0 0.990133 0.647361 0.015762 0.019718
0 0.995454 0.813886 0.009091 0.021122
0 0.089018 0.445088 0.015047 0.021898
0 0.897714 0.694601 0.015330 0.019603
0 0.968469 0.118630 0.015434 0.018741
0 0.742058 0.544285 0.016880 0.021860
0 0.656633 0.680591 0.017358 0.020091
0 0.815884 0.660566 0.016121 0.019783
0 0.068085 0.538910 0.012261 0.017806
0 0.826599 0.596869 0.016010 0.018326
0 0.330811 0.035926 0.013847 0.016593
0 0.988478 0.144746 0.014939 0.018594
0 0.771552 0.164708 0.014856 0.021221
0 0.718060 0.222069 0.019458 0.029182
0 0.195740 0.881708 0.013557 0.019069
0 0.007270 0.675676 0.014540 0.023454
0 0.637139 0.007888 0.018238 0.013943
0 0.012692 0.899355 0.012885 0.017470
0 0.106015 0.468759 0.014498 0.019284
0 0.211805 0.225200 0.017386 0.019742
0 0.621918 0.981274 0.012243 0.015105
0 0.836223 0.732991 0.011597 0.013858
0 0.486319 0.549300 0.013329 0.015667
0 0.060305 0.908183 0.014084 0.018419
0 0.517226 0.082706 0.017027 0.023036
0 0.580055 0.951389 0.014585 0.018315
0 0.087498 0.442378 0.013574 0.021145
0 0.283712 0.970367 0.014236 0.016845
0 0.356263 0.008948 0.011404 0.016223
0 0.514327 0.966553 0.020972 0.027860
0 0.272373 0.097967 0.014995 0.020127
0 0.028660 0.967686 0.016061 0.019930
0 0.209198 0.408251 0.016021 0.018259
0 0.321701 0.309663 0.015620 0.021381
0 0.221053 0.467941 0.014702 0.020137
0 0.049151 0.515866 0.018326 0.023387
0 0.701189 0.427490 0.013472 0.018857
0 0.006816 0.933268 0.013592 0.021533
0 0.063590 0.735810 0.012748 0.015669
0 0.935474 0.015650 0.012379 0.017251
0 0.088761 0.838138 0.012844 0.018078
0 0.035982 0.072081 0.015392 0.019056
0 0.207098 0.319927 0.013454 0.017586
0 0.826606 0.512146 0.012926 0.016345
0 0.641591 0.663485 0.011909 0.015198
0 0.506658 0.962219 0.018839 0.025888
0 0.919557 0.189443 0.015796 0.015791
0 0.511553 0.960964 0.018794 0.024149
0 0.310925 0.078189 0.016275 0.020941
0 0.846659 0.670487 0.012925 0.017487
0 0.044626 0.151017 0.015074 0.018393
0 0.261817 0.951207 0.013480 0.018535
0 0.383917 0.976267 0.011419 0.014726
0 0.132559 0.490405 0.011104 0.017495
0 0.996028 0.951913 0.007943 0.015164
0 0.306445 0.696089 0.011825 0.014354
0 0.090591 0.007176 0.012690 0.013134
0 0.750353 0.570628 0.016053 0.018303
0 0.375707 0.419948 0.013291 0.018122
0 0.373176 0.963507 0.013792 0.017219
0 0.106848 0.548253 0.014707 0.018237
0 0.289447 0.120046 0.012117 0.015034
0 0.793933 0.815163 0.014532 0.017795
0 0.335891 0.924226 0.011798 0.015846
0 0.084853 0.837912 0.013700 0.018594
