0 0.703412 0.272800 0.016457 0.022144
0 0.959922 0.846855 0.019082 0.023795
0 0.711751 0.729795 0.017197 0.022790
0 0.813875 0.902917 0.015429 0.021495
0 0.981820 0.964753 0.014449 0.019121
0 0.350509 0.264187 0.017675 0.022113
0 0.144124 0.149788 0.019552 0.025602
0 0.719754 0.252291 0.015017 0.019688
0 0.364220 0.817167 0.014870 0.019500
0 0.730326 0.967066 0.015731 0.021418
0 0.983019 0.649337 0.017742 0.022578
0 0.886156 0.743431 0.017599 0.021344
0 0.915001 0.707303 0.013630 0.018043
0 0.131011 0.485895 0.015714 0.020612
0 0.962691 0.456744 0.013042 0.020338
0 0.416498 0.156918 0.013293 0.017600
0 0.761523 0.605753 0.014447 0.018068
0 0.451391 0.858922 0.012390 0.015513
0 0.923070 0.685660 0.014152 0.017466
0 0.414708 0.091653 0.016449 0.018970
0 0.806259 0.558142 0.015361 0.019765
0 0.052673 0.076112 0.016491 0.019332
0 0.618254 0.516455 0.016474 0.023062
0 0.818250 0.780753 0.017214 0.023519
0 0.144498 0.113699 0.015631 0.018255
0 0.966252 0.933520 0.013411 0.016922
0 0.796292 0.743111 0.015148 0.019348
0 0.543464 0.456656 0.023891 0.029671
0 0.938712 0.811425 0.016141 0.020219
0 0.016880 0.717079 0.014237 0.017596
0 0.598273 0.184267 0.015031 0.019340
0 0.121174 0.867688 0.013619 0.020521
0 0.786219 0.135841 0.016475 0.020330
0 0.819599 0.882738 0.015024 0.016520
0 0.164117 0.021742 0.017986 0.021187
0 0.144723 0.695878 0.016984 0.021383
0 0.594376 0.900030 0.017475 0.021440
0 0.641173 0.534307 0.016426 0.020315
0 0.438405 0.440056 0.016682 0.021500
0 0.433228 0.246459 0.015892 0.020425
0 0.668109 0.790584 0.014831 0.016928
0 0.678977 0.961159 0.016011 0.019827
0 0.281843 0.808617 0.015610 0.019463
0 0.550212 0.615908 0.011960 0.015382
0 0.932302 0.877494 0.014458 0.018416
0 0.900258 0.465125 0.014556 0.018457
0 0.153981 0.486085 0.015785 0.021407
0 0.416743 0.551400 0.015779 0.021426
0 0.906760 0.731536 0.014828 0.020172
0 0.949441 0.433375 0.013917 0.016061
0 0.201219 0.745387 0.014639 0.017295
0 0.144479 0.660848 0.013668 0.016773
0 0.699475 0.761956 0.015120 0.019398
0 0.671909 0.820621 0.015160 0.019485
0 0.639917 0.978119 0.014497 0.017094
0 0.844846 0.567814 0.015457 0.020307
0 0.347100 0.808765 0.014341 0.019821
0 0.897128 0.681670 0.014501 0.017703
0 0.236861 0.668550 0.015329 0.018776
0 0.413524 0.675515 0.018520 0.021874
0 0.942265 0.330090 0.015732 0.020360
0 0.276833 0.780467 0.017430 0.019942
0 0.014151 0.123673 0.014487 0.018304
0 0.312290 0.202688 0.015187 0.019352
0 0.944723 0.457068 0.014548 0.019061
0 0.752336 0.866718 0.015449 0.018995
0 0.404411 0.780625 0.015529 0.018576
0 0.906739 0.387126 0.014519 0.016323
0 0.043242 0.381854 0.013936 0.017532
0 0.840234 0.416178 0.016281 0.020576
0 0.304639 0.578179 0.017988 0.021290
0 0.313968 0.532801 0.018082 0.022422
0 0.749325 0.962680 0.012765 0.017413
0 0.329821 0.291959 0.015825 0.020146
0 0.579784 0.021726 0.016344 0.020387
0 0.153719 0.444296 0.014931 0.017914
0 0.399090 0.119341 0.014350 0.018451
0 0.417228 0.854435 0.015707 0.019704
0 0.660741 0.557084 0.016153 0.021677
0 0.945515 0.932337 0.013618 0.017650
0 0.972306 0.194638 0.013708 0.017090
0 0.965368 0.972481 0.014518 0.019845
0 0.074763 0.241678 0.014085 0.017835
0 0.745689 0.156088 0.015686 0.020022
0 0.814476 0.271950 0.015679 0.019223
0 0.458085 0.295469 0.015539 0.019330
0 0.436332 0.560144 0.015629 0.021887
0 0.603927 0.858941 0.016874 0.020939
0 0.215950 0.454343 0.015421 0.018871
0 0.463700 0.484702 0.016153 0.019420
0 0.733814 0.290263 0.017634 0.021871
0 0.135119 0.360074 0.016867 0.020256
0 0.940828 0.100542 0.015348 0.017949
0 0.232610 0.309694 0.019208 0.023841
0 0.533680 0.532131 0.014697 0.018756
0 0.346225 0.729821 0.015712 0.021019
0 0.489239 0.460530 0.014949 0.020023
0 0.081819 0.296889 0.014572 0.018379
0 0.245872 0.273807 0.016713 0.020740
0 0.792580 0.843683 0.015257 0.020277
0 0.775561 0.570833 0.015154 0.017125
0 0.359192 0.468333 0.017091 0.021059
0 0.851636 0.871836 0.017590 0.018014
0 0.693278 0.713412 0.014990 0.020982
0 0.621103 0.056212 0.015263 0.019639
0 0.938366 0.514515 0.016687 0.020260
0 0.387461 0.839938 0.014459 0.018122
0 0.918391 0.458340 0.013041 0.019218
0 0.557938 0.316157 0.017900 0.023952
0 0.189866 0.470246 0.010976 0.013050
0 0.845179 0.042381 0.014593 0.017532
0 0.628089 0.279271 0.014713 0.018780
0 0.799238 0.823759 0.015076 0.017229
0 0.995096 0.774234 0.009809 0.022224
0 0.754003 0.270133 0.014650 0.014680
0 0.302877 0.052655 0.015689 0.019178
0 0.251190 0.137439 0.013685 0.017589
0 0.295584 0.283415 0.016245 0.017459
0 0.244863 0.517941 0.018294 0.021281
0 0.944099 0.296343 0.016211 0.019192
0 0.906336 0.792035 0.014265 0.017332
0 0.779774 0.460297 0.016699 0.020666
0 0.347938 0.543464 0.015020 0.018113
0 0.967971 0.711774 0.016143 0.021260
0 0.224354 0.364389 0.015735 0.018357
0 0.518012 0.743253 0.013756 0.018040
0 0.698876 0.248917 0.012189 0.014361
0 0.555064 0.981593 0.014826 0.019694
0 0.346587 0.563584 0.012887 0.015820
0 0.345681 0.942695 0.016021 0.025474
0 0.996880 0.576981 0.006241 0.023907
0 0.477501 0.306579 0.014634 0.018132
0 0.684273 0.287862 0.013238 0.017665
0 0.311695 0.101739 0.015289 0.018290
0 0.335175 0.053405 0.012625 0.017831
0 0.249689 0.386231 0.016135 0.020623
0 0.940944 0.120417 0.013457 0.017054
0 0.751445 0.652369 0.013087 0.017789
0 0.063977 0.364701 0.015119 0.018858
0 0.745566 0.981975 0.012217 0.014900
0 0.420737 0.469972 0.016470 0.020107
0 0.441782 0.614585 0.013755 0.017032
0 0.061020 0.490321 0.016499 0.017752
0 0.087768 0.577949 0.013491 0.017192
0 0.605025 0.300614 0.012878 0.016139
0 0.698862 0.760501 0.018250 0.024587
0 0.055413 0.399913 0.014847 0.017747
0 0.976011 0.440834 0.012212 0.014778
0 0.524722 0.168145 0.011176 0.012705
0 0.729373 0.726125 0.013444 0.020235
0 0.062197 0.482707 0.016467 0.025661
0 0.366633 0.008243 0.016505 0.013706
0 0.981775 0.476999 0.020078 0.024160
0 0.833778 0.994884 0.016660 0.010232
0 0.387269 0.839597 0.018403 0.022947
0 0.960138 0.180707 0.011479 0.014217
0 0.293948 0.127960 0.015094 0.017773
0 0.087771 0.443871 0.013191 0.014403
0 0.697465 0.053743 0.013746 0.019366
0 0.995726 0.006502 0.008549 0.013003
