0 0.548916 0.510636 0.022839 0.028646
0 0.537274 0.472903 0.018604 0.024261
0 0.519216 0.522370 0.017062 0.021635
0 0.242815 0.369495 0.016387 0.021079
0 0.204923 0.304478 0.021252 0.025787
0 0.616179 0.047035 0.020157 0.025556
0 0.263806 0.648290 0.016411 0.020304
0 0.285626 0.271299 0.017205 0.023607
0 0.717800 0.251813 0.018001 0.022272
0 0.411099 0.841975 0.017486 0.022032
0 0.689953 0.252884 0.021751 0.027021
0 0.243680 0.662626 0.020326 0.023050
0 0.170491 0.331174 0.017536 0.022725
0 0.678147 0.696211 0.019838 0.024007
0 0.889961 0.753439 0.019481 0.022839
0 0.829838 0.813009 0.022742 0.028329
0 0.317856 0.240425 0.018657 0.022384
0 0.572252 0.467661 0.016856 0.022262
0 0.992509 0.659516 0.014983 0.020677
0 0.744408 0.262526 0.018103 0.022044
0 0.045291 0.861895 0.019025 0.023743
0 0.987146 0.761152 0.019960 0.024256
0 0.950779 0.945988 0.020146 0.025764
0 0.304875 0.090090 0.017161 0.019164
0 0.068950 0.370800 0.018674 0.022048
0 0.314455 0.114480 0.016177 0.021213
0 0.754150 0.636824 0.019923 0.024991
0 0.412817 0.533118 0.016499 0.023311
0 0.544572 0.298703 0.021146 0.024826
0 0.688022 0.044756 0.020140 0.025342
0 0.242805 0.503959 0.018441 0.022339
0 0.434561 0.602494 0.019487 0.024599
0 0.991343 0.884785 0.016622 0.020176
0 0.019941 0.515771 0.019867 0.023866
0 0.014558 0.373061 0.016906 0.022040
0 0.336205 0.518031 0.017965 0.021896
0 0.973514 0.857884 0.020836 0.025063
0 0.191797 0.907360 0.021397 0.026817
0 0.761719 0.598600 0.023675 0.023959
0 0.204084 0.435201 0.018296 0.021538
0 0.412432 0.448074 0.017696 0.021564
0 0.258066 0.076071 0.020381 0.022321
0 0.964690 0.614226 0.017289 0.019744
0 0.975827 0.635518 0.019036 0.021569
0 0.686627 0.748013 0.018623 0.023222
0 0.974283 0.068748 0.019476 0.024376
0 0.505841 0.889879 0.019118 0.023553
0 0.096448 0.464796 0.017772 0.020805
0 0.842742 0.235836 0.017940 0.021823
0 0.350998 0.464510 0.016601 0.019894
0 0.306338 0.869432 0.020863 0.025734
0 0.468722 0.962245 0.018617 0.022724
0 0.670230 0.345674 0.020483 0.023795
0 0.147409 0.566085 0.020126 0.021097
0 0.263315 0.345921 0.017727 0.024480
0 0.838575 0.556287 0.023157 0.025886
0 0.608467 0.732972 0.018567 0.020865
0 0.133687 0.096356 0.018098 0.023757
0 0.325901 0.271096 0.017037 0.021353
0 0.421736 0.231030 0.018662 0.024963
0 0.935163 0.436706 0.019031 0.022780
0 0.413312 0.134105 0.017921 0.022835
0 0.075750 0.288248 0.017635 0.021838
0 0.132304 0.346508 0.017945 0.021793
0 0.538866 0.428639 0.018165 0.021508
0 0.552471 0.137030 0.019715 0.024169
0 0.637442 0.800878 0.020155 0.026381
0 0.900104 0.716038 0.020226 0.023243
0 0.787388 0.710525 0.020833 0.022625
0 0.419272 0.163296 0.016444 0.020702
0 0.957362 0.494108 0.019361 0.023197
0 0.429991 0.737952 0.018781 0.022985
0 0.391791 0.532272 0.015903 0.021024
0 0.339738 0.790997 0.019751 0.023969
0 0.225118 0.522331 0.015990 0.019703
0 0.507036 0.727388 0.016827 0.021247
0 0.386534 0.850727 0.016601 0.022367
0 0.368123 0.645123 0.018677 0.022413
0 0.942092 0.545749 0.020794 0.020383
0 0.902806 0.157066 0.018777 0.023288
0 0.742437 0.808389 0.021718 0.027110
0 0.588642 0.852816 0.022126 0.027450
0 0.140500 0.430161 0.016483 0.021232
0 0.159026 0.005865 0.017819 0.011730
0 0.051070 0.402177 0.016194 0.020793
0 0.376076 0.007951 0.015836 0.014788
0 0.313203 0.543265 0.018801 0.023682
0 0.361214 0.577341 0.016325 0.020602
0 0.903184 0.055561 0.020797 0.022249
0 0.120794 0.219743 0.018391 0.024116
0 0.861017 0.045059 0.016959 0.022087
0 0.611385 0.005808 0.018211 0.011616
0 0.219791 0.355096 0.018098 0.022657
0 0.949435 0.162651 0.015994 0.019969
0 0.940229 0.993106 0.019859 0.013788
0 0.575598 0.071727 0.015556 0.019069
0 0.996341 0.419545 0.007319 0.022947
0 0.340838 0.840597 0.016748 0.020268
0 0.256377 0.100330 0.020676 0.021081
0 0.451485 0.543813 0.013597 0.017224
0 0.475110 0.787015 0.013710 0.018702
0 0.556070 0.482729 0.013813 0.019083
0 0.938844 0.994138 0.021695 0.011725
0 0.123044 0.005955 0.014589 0.011909
0 0.118417 0.119558 0.014526 0.016491
0 0.293283 0.982033 0.013494 0.013824
0 0.143780 0.563379 0.019315 0.024431
0 0.964539 0.787679 0.013308 0.015536
0 0.259928 0.097588 0.016171 0.017472
0 0.698095 0.998458 0.033410 0.003083
0 0.612209 0.004557 0.019884 0.009114
