0 0.154743 0.895487 0.018998 0.024072
0 0.007343 0.894626 0.014594 0.019208
0 0.912135 0.883798 0.017620 0.021342
0 0.176670 0.914492 0.017849 0.021136
0 0.233097 0.554508 0.019045 0.023692
0 0.991406 0.919708 0.016658 0.020994
0 0.778679 0.842580 0.022856 0.025970
0 0.871976 0.874832 0.016109 0.019612
0 0.697217 0.875784 0.020374 0.023834
0 0.980505 0.294066 0.018750 0.022059
0 0.007302 0.201605 0.014604 0.023082
0 0.124358 0.907449 0.016953 0.021505
0 0.816502 0.250190 0.017215 0.020973
0 0.872917 0.283085 0.018408 0.022544
0 0.791827 0.870936 0.017856 0.021952
0 0.276196 0.318852 0.018349 0.022416
0 0.086910 0.504638 0.020051 0.023192
0 0.008812 0.724497 0.016020 0.020900
0 0.482017 0.779898 0.017887 0.022335
0 0.054886 0.174102 0.018109 0.020950
0 0.049738 0.684000 0.016375 0.020697
0 0.233373 0.736004 0.018591 0.027535
0 0.126898 0.745077 0.022107 0.028419
0 0.837678 0.533284 0.021459 0.025718
0 0.236026 0.740534 0.016501 0.021583
0 0.133125 0.667195 0.018298 0.020330
0 0.653158 0.264387 0.019533 0.029922
0 0.632924 0.124095 0.017394 0.020509
0 0.322193 0.163620 0.018561 0.022542
0 0.418346 0.196089 0.018531 0.022555
0 0.045238 0.413461 0.017320 0.020916
0 0.819097 0.189045 0.018863 0.022805
0 0.121342 0.203040 0.018802 0.021397
0 0.369750 0.276468 0.016491 0.021419
0 0.627127 0.264374 0.016270 0.021262
0 0.060777 0.208869 0.018174 0.021646
0 0.292559 0.735924 0.018130 0.021653
0 0.210936 0.737441 0.017767 0.020940
0 0.678600 0.226312 0.015922 0.020028
0 0.645176 0.480569 0.014622 0.019381
0 0.789422 0.206625 0.017597 0.023470
0 0.152917 0.034725 0.015481 0.018783
0 0.335077 0.969620 0.017797 0.020663
0 0.694572 0.246280 0.018184 0.020525
0 0.315623 0.055616 0.017406 0.021011
0 0.033611 0.821773 0.018757 0.021944
0 0.263339 0.652445 0.016303 0.020060
0 0.497198 0.113430 0.015873 0.020248
0 0.519651 0.408233 0.018149 0.022197
0 0.771783 0.233467 0.017477 0.019518
0 0.101553 0.428955 0.016617 0.018282
0 0.083068 0.874960 0.015070 0.018134
0 0.271037 0.622408 0.015589 0.018853
0 0.322559 0.404280 0.012774 0.016187
0 0.038888 0.907473 0.018161 0.022244
0 0.875245 0.118751 0.016867 0.022233
0 0.541446 0.785485 0.018025 0.021487
0 0.049359 0.091623 0.014676 0.018283
0 0.824680 0.985375 0.017605 0.019646
0 0.113264 0.245368 0.018508 0.021574
0 0.414446 0.045626 0.015934 0.020391
0 0.122416 0.794967 0.017662 0.020673
0 0.263694 0.568192 0.013787 0.017798
0 0.484734 0.516451 0.017212 0.021737
0 0.408370 0.468824 0.016867 0.021580
0 0.246493 0.578966 0.013840 0.019847
0 0.785980 0.064209 0.015371 0.019864
0 0.351051 0.315289 0.015951 0.019805
0 0.330850 0.293790 0.013338 0.018517
0 0.865391 0.629865 0.018519 0.021193
0 0.305289 0.389089 0.016154 0.019735
0 0.600481 0.148983 0.015447 0.019288
0 0.884966 0.424361 0.016141 0.020934
0 0.113380 0.049612 0.012988 0.016246
0 0.303166 0.150540 0.015505 0.019345
0 0.899844 0.369893 0.016836 0.019396
0 0.958685 0.246228 0.014439 0.017741
0 0.557266 0.201355 0.015321 0.019628
0 0.992720 0.245859 0.014561 0.020050
0 0.825371 0.222365 0.014164 0.016921
0 0.274251 0.445817 0.014390 0.018173
0 0.767063 0.206370 0.016690 0.020604
0 0.305081 0.288379 0.015022 0.018284
0 0.307530 0.421562 0.013622 0.017996
0 0.428237 0.669209 0.014887 0.016442
0 0.083256 0.956595 0.014756 0.017745
0 0.050570 0.127302 0.015999 0.018786
0 0.240521 0.447374 0.015833 0.018215
0 0.008887 0.013425 0.014362 0.022462
0 0.902584 0.409665 0.014580 0.017622
0 0.548166 0.148092 0.013898 0.017534
0 0.910030 0.408626 0.015009 0.018829
