0 0.772471 0.381080 0.018468 0.020091
0 0.806741 0.900327 0.028674 0.026364
0 0.873870 0.875186 0.018191 0.021189
0 0.155160 0.299082 0.019133 0.023312
0 0.240963 0.743580 0.016333 0.019418
0 0.515409 0.161941 0.017687 0.021868
0 0.240062 0.555378 0.018000 0.022692
0 0.120672 0.309985 0.018309 0.021013
0 0.358786 0.278848 0.018819 0.023481
0 0.518434 0.671166 0.018241 0.022597
0 0.305066 0.263146 0.018689 0.022333
0 0.267965 0.741214 0.015813 0.020745
0 0.397052 0.010716 0.019108 0.021304
0 0.257096 0.303184 0.020731 0.023074
0 0.046182 0.418054 0.016697 0.020698
0 0.232954 0.457731 0.017273 0.021416
0 0.482623 0.509644 0.024105 0.025194
0 0.139691 0.346127 0.018999 0.023253
0 0.531774 0.628267 0.016500 0.020030
0 0.204115 0.584995 0.016972 0.021285
0 0.094210 0.507328 0.018528 0.023008
0 0.774735 0.211950 0.016154 0.018443
0 0.482340 0.149648 0.017016 0.022351
0 0.778186 0.237502 0.017522 0.020306
0 0.920729 0.161648 0.018652 0.024754
0 0.160489 0.895055 0.020724 0.024671
0 0.642360 0.308267 0.017525 0.020916
0 0.561779 0.295421 0.017551 0.022369
0 0.211847 0.746145 0.015589 0.018664
0 0.930230 0.565592 0.018397 0.021627
0 0.977571 0.292739 0.018642 0.022829
0 0.648092 0.588272 0.020586 0.025395
0 0.066621 0.753805 0.018649 0.021063
0 0.337203 0.300103 0.017184 0.020011
0 0.590070 0.451990 0.019391 0.023322
0 0.050437 0.656393 0.016935 0.021746
0 0.919562 0.885713 0.016766 0.020768
0 0.775767 0.171077 0.017836 0.021662
0 0.522615 0.411083 0.019902 0.022464
0 0.330199 0.268317 0.014855 0.018042
0 0.857535 0.112835 0.020566 0.022985
0 0.230191 0.382923 0.018652 0.021982
0 0.803605 0.092057 0.019036 0.018114
0 0.943412 0.454081 0.017439 0.020618
0 0.645684 0.836221 0.018577 0.022999
0 0.512530 0.473325 0.019660 0.022641
0 0.178286 0.718158 0.027989 0.035022
0 0.039077 0.758226 0.020835 0.024071
0 0.476257 0.482161 0.016666 0.020294
0 0.872174 0.631916 0.019597 0.025263
0 0.884488 0.793889 0.019903 0.023097
0 0.447353 0.315012 0.016345 0.020498
0 0.020434 0.408866 0.016577 0.020251
0 0.129558 0.281212 0.018552 0.022980
0 0.894078 0.015492 0.018524 0.022181
0 0.638359 0.505645 0.017831 0.023060
0 0.321059 0.856183 0.023068 0.024451
0 0.130254 0.512989 0.017302 0.020157
0 0.141977 0.452379 0.018078 0.020903
0 0.074494 0.306410 0.020682 0.026325
0 0.386931 0.225646 0.017690 0.019922
0 0.181093 0.027746 0.017909 0.019942
0 0.609494 0.155924 0.015442 0.020624
0 0.309185 0.156381 0.017728 0.021825
0 0.546474 0.656418 0.015645 0.021024
0 0.215695 0.024663 0.015295 0.020683
0 0.532368 0.698818 0.018185 0.021482
0 0.289117 0.326691 0.017776 0.021857
0 0.956499 0.243402 0.018047 0.021460
0 0.320840 0.242697 0.017883 0.020690
0 0.995064 0.244162 0.009872 0.019645
0 0.404001 0.039140 0.017332 0.020431
0 0.496778 0.356916 0.014740 0.018358
0 0.890487 0.286542 0.021105 0.023101
0 0.898599 0.109871 0.021959 0.026974
0 0.936378 0.679385 0.017677 0.020680
0 0.551830 0.157814 0.014702 0.017692
0 0.800570 0.868781 0.018352 0.022749
0 0.265227 0.577953 0.016194 0.019275
0 0.230175 0.295224 0.014493 0.019344
0 0.028242 0.140615 0.016055 0.019683
0 0.024857 0.546283 0.018092 0.022995
0 0.827562 0.993204 0.018451 0.013591
0 0.993186 0.454566 0.013627 0.021465
0 0.090470 0.870707 0.021147 0.025277
0 0.907698 0.902189 0.014123 0.018829
0 0.491986 0.121659 0.019022 0.023305
0 0.466916 0.064061 0.017473 0.022230
0 0.887061 0.420309 0.020331 0.024841
0 0.691529 0.129496 0.017496 0.021951
0 0.147503 0.007546 0.017277 0.013858
0 0.046913 0.148657 0.014418 0.017864
0 0.036683 0.182988 0.019861 0.024211
0 0.003341 0.025577 0.006663 0.021986
0 0.431418 0.671340 0.019796 0.021299
0 0.751534 0.392247 0.016193 0.020980
0 0.173180 0.521267 0.017901 0.028245
0 0.479426 0.257942 0.015201 0.018880
0 0.175755 0.871364 0.012503 0.017219
0 0.770281 0.862764 0.012527 0.017196
0 0.302675 0.371100 0.025453 0.029229
0 0.887247 0.898227 0.014648 0.018961
0 0.398747 0.339933 0.012844 0.016833
0 0.559478 0.080254 0.018762 0.020959
