0 0.195677 0.286523 0.021037 0.027651
0 0.885008 0.045835 0.018977 0.028917
0 0.543718 0.501406 0.022604 0.029642
0 0.258619 0.480860 0.018377 0.022342
0 0.390095 0.950374 0.020621 0.023774
0 0.475157 0.367800 0.019714 0.024637
0 0.214791 0.349813 0.016592 0.020979
0 0.679401 0.517851 0.019478 0.023418
0 0.236678 0.640671 0.016271 0.021418
0 0.235360 0.498507 0.019318 0.024078
0 0.685619 0.246768 0.021953 0.024589
0 0.008356 0.192482 0.016350 0.023902
0 0.264086 0.377270 0.019083 0.023508
0 0.078014 0.892586 0.019324 0.024162
0 0.591459 0.842319 0.020809 0.026162
0 0.302570 0.622550 0.016880 0.018992
0 0.140428 0.259163 0.020085 0.025615
0 0.538724 0.293859 0.019837 0.025622
0 0.250770 0.024448 0.017901 0.023607
0 0.669949 0.686694 0.020790 0.023849
0 0.155113 0.963983 0.019873 0.025036
0 0.390849 0.724737 0.016844 0.020238
0 0.980284 0.754619 0.021915 0.026346
0 0.927045 0.314277 0.024613 0.025735
0 0.840839 0.691187 0.019947 0.024944
0 0.334586 0.785109 0.017702 0.021466
0 0.702657 0.769756 0.019590 0.023000
0 0.814438 0.396705 0.016625 0.023297
0 0.929797 0.380254 0.025456 0.026215
0 0.384608 0.982197 0.023618 0.025636
0 0.920623 0.053335 0.019476 0.023382
0 0.826432 0.422217 0.018237 0.021669
0 0.318748 0.262154 0.017343 0.021396
0 0.609982 0.039921 0.018448 0.024336
0 0.114549 0.894241 0.019230 0.026935
0 0.125115 0.340647 0.018478 0.022080
0 0.682879 0.037455 0.020717 0.024563
0 0.624524 0.792098 0.019963 0.024833
0 0.566037 0.460846 0.018276 0.022063
0 0.779615 0.454604 0.020243 0.024472
0 0.047444 0.395519 0.015990 0.020182
0 0.713789 0.534316 0.019145 0.022937
0 0.276148 0.036103 0.015908 0.021859
0 0.408537 0.122759 0.018052 0.024055
0 0.110005 0.797075 0.018513 0.025008
0 0.875890 0.443123 0.018617 0.021005
0 0.117575 0.210192 0.018398 0.022639
0 0.929465 0.429726 0.021638 0.024091
0 0.818241 0.638960 0.020319 0.023553
0 0.563566 0.167327 0.017509 0.023019
0 0.236770 0.364094 0.014933 0.020465
0 0.040063 0.367826 0.019612 0.022917
0 0.818423 0.809234 0.020474 0.026944
0 0.202329 0.428158 0.018055 0.022335
0 0.968428 0.628492 0.018935 0.022536
0 0.423314 0.735457 0.016783 0.021561
0 0.246318 0.776069 0.020981 0.024942
0 0.403367 0.835663 0.018246 0.021849
0 0.314186 0.229828 0.018305 0.023450
0 0.282041 0.264000 0.017255 0.022185
0 0.740804 0.618843 0.019398 0.023519
0 0.427029 0.595214 0.017664 0.022623
0 0.400868 0.476214 0.021075 0.023948
0 0.503629 0.420511 0.018599 0.022963
0 0.087945 0.453569 0.018443 0.022643
0 0.471617 0.692250 0.020619 0.022418
0 0.259653 0.639713 0.016244 0.021208
0 0.369274 0.422208 0.018821 0.022984
0 0.394652 0.432968 0.016791 0.021203
0 0.673737 0.582718 0.021729 0.023787
0 0.946255 0.936825 0.021806 0.025836
0 0.344690 0.544953 0.017664 0.021961
0 0.264367 0.449822 0.016944 0.021573
0 0.681757 0.738705 0.020451 0.024038
0 0.950476 0.190646 0.019121 0.023492
0 0.627821 0.666011 0.020033 0.026799
0 0.344050 0.458400 0.015082 0.020081
0 0.945019 0.154567 0.018011 0.020792
0 0.720732 0.919189 0.020434 0.023987
0 0.413826 0.223340 0.020183 0.023228
0 0.251996 0.094695 0.021502 0.021369
0 0.984066 0.233237 0.019203 0.023092
0 0.836504 0.737696 0.020067 0.021459
0 0.843890 0.902010 0.019762 0.021759
0 0.221744 0.251833 0.019372 0.022266
0 0.880780 0.469307 0.019972 0.021851
0 0.796561 0.929035 0.018226 0.021457
0 0.008893 0.513181 0.017123 0.023241
0 0.751808 0.147973 0.019686 0.025877
0 0.695363 0.987950 0.021509 0.019872
0 0.128241 0.548010 0.027923 0.029105
0 0.510461 0.468230 0.019720 0.024663
0 0.449648 0.012593 0.015935 0.020323
0 0.129696 0.089581 0.016346 0.021964
0 0.715259 0.230152 0.017673 0.024977
0 0.805784 0.334734 0.021243 0.024418
0 0.173062 0.385934 0.016048 0.019749
0 0.327288 0.037142 0.017331 0.024154
0 0.830529 0.095254 0.018993 0.024645
0 0.528547 0.852642 0.019309 0.022530
0 0.474483 0.596625 0.017912 0.019577
0 0.449940 0.277915 0.016814 0.020967
0 0.293521 0.075421 0.017666 0.022337
0 0.313315 0.981759 0.022195 0.028393
0 0.690004 0.221608 0.016938 0.018894
0 0.356018 0.766241 0.016463 0.021403
0 0.930219 0.688524 0.020317 0.022728
0 0.566826 0.063522 0.015436 0.019185
0 0.137400 0.421460 0.016867 0.021118
0 0.934023 0.989440 0.019450 0.017309
0 0.478870 0.959962 0.018723 0.025616
0 0.855633 0.729967 0.011232 0.015558
0 0.226917 0.922802 0.014675 0.018191
0 0.830187 0.009814 0.018032 0.017369
0 0.335927 0.833282 0.019900 0.022711
0 0.412732 0.715963 0.009666 0.013097
0 0.936735 0.378513 0.016592 0.024269
0 0.872425 0.003625 0.017089 0.007250
0 0.605007 0.995597 0.026980 0.008805
