0 0.512724 0.228945 0.019077 0.024156
0 0.034324 0.931625 0.016932 0.023490
0 0.618165 0.640134 0.016036 0.020458
0 0.625127 0.944177 0.019030 0.025095
0 0.130872 0.230838 0.016854 0.022670
0 0.463112 0.031744 0.016074 0.020491
0 0.849999 0.306247 0.016062 0.020551
0 0.279632 0.384103 0.018444 0.023510
0 0.828301 0.272920 0.018605 0.022727
0 0.785739 0.658044 0.016897 0.021754
0 0.116212 0.487817 0.016863 0.022976
0 0.044708 0.179074 0.016670 0.023951
0 0.005536 0.675856 0.011072 0.019634
0 0.045603 0.514379 0.019052 0.018377
0 0.643553 0.131642 0.012955 0.017874
0 0.761092 0.812411 0.018661 0.023052
0 0.515911 0.965672 0.018855 0.024205
0 0.294047 0.916962 0.016047 0.019816
0 0.402576 0.544735 0.015178 0.020474
0 0.711096 0.195060 0.019739 0.022694
0 0.505403 0.093901 0.016601 0.022889
0 0.262388 0.036184 0.016663 0.018262
0 0.127370 0.179288 0.019569 0.024039
0 0.322891 0.852379 0.015092 0.017948
0 0.100865 0.397631 0.015364 0.018046
0 0.529502 0.432628 0.015529 0.020927
0 0.068339 0.932104 0.016647 0.021906
0 0.815052 0.868972 0.017399 0.022551
0 0.224387 0.933537 0.015917 0.020718
0 0.245934 0.467195 0.020513 0.025553
0 0.071092 0.804977 0.016488 0.019846
0 0.325801 0.821732 0.016059 0.020664
0 0.767497 0.950902 0.015666 0.022181
0 0.497830 0.033608 0.018035 0.020579
0 0.294770 0.553639 0.017812 0.024715
0 0.799108 0.957181 0.015480 0.019834
0 0.531016 0.906968 0.016452 0.021551
0 0.960455 0.694770 0.014094 0.017219
0 0.465897 0.678204 0.015704 0.019822
0 0.212771 0.225911 0.017893 0.020290
0 0.111063 0.215867 0.017036 0.021408
0 0.384233 0.085832 0.016109 0.021836
0 0.248221 0.059335 0.015151 0.017377
0 0.992611 0.702311 0.014654 0.020724
0 0.934234 0.887833 0.014868 0.020134
0 0.738000 0.162849 0.014433 0.021241
0 0.964962 0.292839 0.017827 0.021131
0 0.066160 0.533072 0.013384 0.020892
0 0.325905 0.522227 0.014815 0.017887
0 0.464699 0.335562 0.012546 0.016248
0 0.091382 0.673734 0.016788 0.021111
0 0.247248 0.938051 0.013123 0.017231
0 0.639661 0.186871 0.016016 0.019263
0 0.836821 0.876132 0.014368 0.018810
0 0.284590 0.642155 0.013395 0.015815
0 0.847040 0.932703 0.013648 0.015865
0 0.313928 0.080285 0.017030 0.022837
0 0.275788 0.064585 0.016705 0.020610
0 0.716912 0.895457 0.017544 0.025794
0 0.451147 0.256081 0.015689 0.018602
0 0.139522 0.402887 0.014891 0.018088
0 0.790207 0.768550 0.018288 0.021070
0 0.553584 0.858706 0.016369 0.021009
0 0.204421 0.956382 0.015925 0.019256
0 0.381432 0.646244 0.013687 0.019625
0 0.155348 0.656669 0.018417 0.021959
0 0.103781 0.468945 0.013459 0.017038
0 0.326821 0.363286 0.014712 0.018036
0 0.832991 0.553194 0.016134 0.020645
0 0.685897 0.168703 0.015333 0.019595
0 0.503137 0.314632 0.011867 0.014630
0 0.698913 0.948631 0.015890 0.019895
0 0.823585 0.078271 0.015365 0.017415
0 0.770022 0.163251 0.014514 0.020168
0 0.101133 0.548561 0.014516 0.021095
0 0.593246 0.613328 0.013734 0.017861
0 0.328976 0.042841 0.014358 0.017494
0 0.298146 0.050670 0.014980 0.020955
0 0.064328 0.429229 0.013519 0.017659
0 0.996402 0.813246 0.007196 0.022844
0 0.272550 0.249656 0.019583 0.020975
0 0.495594 0.208619 0.013909 0.016678
0 0.886510 0.151550 0.015294 0.021055
0 0.771285 0.788667 0.013102 0.017305
0 0.302639 0.881682 0.013791 0.018717
0 0.784175 0.131536 0.013126 0.015690
0 0.051469 0.419750 0.011238 0.016594
0 0.995653 0.044864 0.008693 0.017315
0 0.907499 0.133226 0.012103 0.016052
0 0.971094 0.076497 0.016116 0.021618
0 0.569137 0.944040 0.014840 0.019600
0 0.800182 0.633428 0.016056 0.018490
0 0.489597 0.241731 0.013556 0.016735
0 0.990023 0.644031 0.018172 0.022577
0 0.661686 0.609632 0.014204 0.016913
0 0.013557 0.019574 0.013841 0.019676
0 0.032755 0.156956 0.015721 0.017746
0 0.513568 0.963929 0.022441 0.027324
0 0.807135 0.399878 0.015152 0.018721
0 0.740405 0.537408 0.017604 0.023718
0 0.070591 0.191290 0.014999 0.019388
0 0.024149 0.206927 0.011875 0.014802
0 0.060890 0.990143 0.014316 0.015629
0 0.448109 0.775315 0.014782 0.022326
0 0.519164 0.301432 0.014914 0.019045
0 0.648803 0.380177 0.015040 0.018409
0 0.348394 0.642622 0.014259 0.016962
0 0.934797 0.977224 0.016474 0.020096
0 0.907140 0.989550 0.015473 0.017772
0 0.886279 0.199536 0.012540 0.016562
0 0.471468 0.526012 0.013124 0.015229
0 0.003109 0.188139 0.006218 0.015333
0 0.223233 0.459703 0.015793 0.019595
0 0.082773 0.708168 0.012442 0.016859
0 0.289314 0.119989 0.011677 0.014496
0 0.365655 0.653506 0.012552 0.015494
0 0.192065 0.876113 0.014787 0.019436
0 0.219867 0.405448 0.014175 0.017196
0 0.783151 0.927845 0.015321 0.017154
0 0.122363 0.455418 0.011349 0.016151
0 0.400660 0.638097 0.012217 0.016439
0 0.681930 0.397842 0.013643 0.016296
0 0.427798 0.694229 0.012607 0.016595
0 0.690171 0.658695 0.015108 0.017418
0 0.257032 0.963884 0.014562 0.018432
0 0.564761 0.626963 0.014128 0.016038
0 0.026154 0.689894 0.012076 0.015701
0 0.887963 0.594455 0.014130 0.016050
0 0.155297 0.365951 0.013378 0.017852
0 0.704924 0.577436 0.013306 0.015590
0 0.019298 0.118377 0.012850 0.017751
0 0.929789 0.830065 0.016196 0.021604
0 0.166232 0.164567 0.014002 0.015930
0 0.015024 0.013460 0.015623 0.022486
0 0.729275 0.535312 0.013861 0.022850
0 0.220901 0.975407 0.017246 0.019415
0 0.009939 0.900903 0.014632 0.017793
0 0.576388 0.250391 0.011998 0.016278
0 0.656606 0.678851 0.014435 0.019539
0 0.096806 0.260412 0.013317 0.017557
0 0.446937 0.772572 0.016890 0.023157
0 0.286374 0.018279 0.014810 0.019145
0 0.657422 0.974814 0.013349 0.016912
0 0.850691 0.099676 0.013637 0.016911
0 0.503033 0.422971 0.011613 0.016358
