0 0.232638 0.554324 0.017944 0.023279
0 0.911434 0.883550 0.016942 0.021357
0 0.141624 0.772639 0.021863 0.024018
0 0.008989 0.218323 0.017537 0.022014
0 0.154829 0.924059 0.018272 0.023715
0 0.770406 0.233465 0.017519 0.019489
0 0.694330 0.257318 0.017516 0.021867
0 0.654601 0.500585 0.014394 0.020746
0 0.827931 0.267989 0.017929 0.021493
0 0.795463 0.223709 0.017801 0.025361
0 0.675475 0.247249 0.013977 0.018332
0 0.154974 0.892763 0.018579 0.023515
0 0.871781 0.872906 0.015999 0.019253
0 0.085533 0.504600 0.019927 0.023107
0 0.279650 0.322340 0.018024 0.022853
0 0.885382 0.302540 0.016942 0.021862
0 0.773234 0.843135 0.023125 0.029618
0 0.210609 0.739093 0.019190 0.023513
0 0.270745 0.475779 0.016018 0.021312
0 0.480261 0.779979 0.016699 0.022474
0 0.858690 0.571191 0.019651 0.029488
0 0.124279 0.909927 0.017331 0.023225
0 0.319416 0.169560 0.019341 0.022770
0 0.235617 0.740206 0.015420 0.023956
0 0.906916 0.425394 0.015851 0.020702
0 0.058621 0.183083 0.017375 0.020486
0 0.356173 0.319382 0.015061 0.019670
0 0.022905 0.851939 0.019153 0.025465
0 0.007634 0.938001 0.015268 0.020089
0 0.063478 0.229275 0.019359 0.023880
0 0.420085 0.224142 0.017345 0.021569
0 0.112662 0.264350 0.018044 0.023290
0 0.419994 0.063956 0.016785 0.019896
0 0.044057 0.412616 0.016346 0.020959
0 0.823840 0.986364 0.017453 0.019331
0 0.895921 0.138372 0.017025 0.020158
0 0.709951 0.914376 0.020980 0.026753
0 0.980746 0.291780 0.019163 0.022618
0 0.047689 0.108085 0.015738 0.019727
0 0.123006 0.796785 0.016500 0.020658
0 0.307213 0.389155 0.016774 0.021913
0 0.322314 0.400583 0.013188 0.016329
0 0.385317 0.291920 0.017825 0.022590
0 0.277950 0.765603 0.016407 0.021381
0 0.644243 0.149179 0.016405 0.020604
0 0.859586 0.623988 0.018666 0.022106
0 0.845306 0.205882 0.018490 0.022514
0 0.135572 0.690586 0.015618 0.019520
0 0.082579 0.875331 0.015598 0.018536
0 0.314743 0.075717 0.018730 0.022156
0 0.556682 0.836214 0.018562 0.022467
0 0.416348 0.472440 0.017298 0.019539
0 0.297053 0.150625 0.015276 0.019985
0 0.242913 0.457367 0.016736 0.022641
0 0.120801 0.226745 0.017356 0.021644
0 0.624082 0.263856 0.018118 0.023667
0 0.338489 0.992317 0.016848 0.013437
0 0.100244 0.465435 0.015531 0.017424
0 0.269174 0.675756 0.016371 0.021918
0 0.788939 0.870163 0.019309 0.025602
0 0.520372 0.410462 0.018305 0.021524
0 0.564706 0.217015 0.015942 0.021076
0 0.652344 0.270729 0.017657 0.022093
0 0.364085 0.007656 0.015636 0.014245
0 0.633294 0.505307 0.015515 0.021535
0 0.049654 0.718691 0.015950 0.020801
0 0.970868 0.257814 0.013932 0.016017
0 0.306046 0.286548 0.014235 0.017514
0 0.505683 0.131324 0.016231 0.021152
0 0.235378 0.737541 0.017975 0.029407
0 0.154494 0.048949 0.015286 0.019768
0 0.042797 0.943455 0.018134 0.023364
0 0.272826 0.643191 0.015910 0.019716
0 0.769236 0.205649 0.017067 0.021899
0 0.798700 0.082071 0.016418 0.018076
0 0.251636 0.584293 0.015770 0.019028
0 0.599527 0.149940 0.015127 0.017920
0 0.429579 0.666893 0.015652 0.019317
0 0.920766 0.396519 0.016481 0.018974
0 0.635918 0.302036 0.014852 0.017045
0 0.259033 0.560071 0.013985 0.018360
0 0.829565 0.233269 0.014400 0.019003
0 0.487409 0.542657 0.018359 0.019339
0 0.990434 0.242844 0.015986 0.013766
0 0.118571 0.059774 0.014486 0.017051
0 0.652577 0.266076 0.018298 0.031688
0 0.085779 0.955576 0.015731 0.020742
0 0.538401 0.651085 0.016274 0.017241
0 0.547544 0.150079 0.013096 0.016370
0 0.314898 0.241167 0.013719 0.015297
0 0.007768 0.728556 0.015314 0.021514
0 0.314573 0.434813 0.014698 0.018151
0 0.349709 0.400318 0.017263 0.022026
0 0.883223 0.421315 0.016803 0.022101
0 0.096412 0.914988 0.013030 0.019447
0 0.893863 0.101603 0.011487 0.015388
0 0.479924 0.010084 0.013187 0.017017
0 0.347964 0.397294 0.018645 0.022390
0 0.341775 0.382423 0.016529 0.020239
0 0.299996 0.261662 0.014434 0.019428
0 0.501571 0.747167 0.012717 0.015945
0 0.355290 0.318865 0.018293 0.023520
