0 0.457851 0.033162 0.015414 0.019970
0 0.416077 0.007786 0.014790 0.013777
0 0.506152 0.099315 0.016891 0.020808
0 0.424572 0.666839 0.015798 0.020983
0 0.532523 0.974983 0.022090 0.027520
0 0.741446 0.579733 0.016812 0.022346
0 0.761578 0.038635 0.019398 0.022313
0 0.834768 0.993014 0.018177 0.013971
0 0.516553 0.792376 0.016492 0.021303
0 0.356918 0.032632 0.015936 0.018560
0 0.406700 0.656000 0.014186 0.020029
0 0.679912 0.614530 0.017586 0.022289
0 0.395473 0.011196 0.017195 0.017054
0 0.362509 0.800981 0.016927 0.020490
0 0.287484 0.453701 0.016643 0.022236
0 0.506579 0.613280 0.017883 0.019724
0 0.929592 0.990744 0.016071 0.016184
0 0.157340 0.686870 0.016452 0.021112
0 0.432940 0.026532 0.017143 0.022138
0 0.145610 0.051824 0.017669 0.022176
0 0.779637 0.059931 0.018374 0.022510
0 0.343543 0.088810 0.023996 0.018456
0 0.935411 0.732146 0.017819 0.021131
0 0.377811 0.977320 0.014385 0.016291
0 0.269635 0.470844 0.019065 0.023474
0 0.459214 0.825066 0.018860 0.024072
0 0.798142 0.367712 0.017878 0.022700
0 0.514260 0.396330 0.017956 0.024326
0 0.239572 0.237468 0.017849 0.021375
0 0.483729 0.112426 0.019542 0.024178
0 0.890649 0.582408 0.018457 0.022853
0 0.826794 0.891415 0.018518 0.023111
0 0.504715 0.230044 0.018643 0.021864
0 0.823533 0.409088 0.018528 0.021841
0 0.904095 0.704606 0.017672 0.021283
0 0.251667 0.809864 0.019283 0.023710
0 0.217248 0.173880 0.017761 0.022149
0 0.481367 0.149812 0.017639 0.021265
0 0.387285 0.650946 0.014707 0.018008
0 0.084050 0.050629 0.018789 0.023664
0 0.135989 0.498536 0.016601 0.022395
0 0.611602 0.424775 0.018790 0.023768
0 0.547161 0.442337 0.016966 0.021821
0 0.302151 0.262970 0.016411 0.020860
0 0.850361 0.894256 0.015683 0.019482
0 0.768461 0.576268 0.018301 0.021375
0 0.469137 0.013739 0.016599 0.019845
0 0.113178 0.014152 0.018821 0.021946
0 0.029932 0.987885 0.018398 0.018782
0 0.860156 0.234772 0.019432 0.026135
0 0.323726 0.249543 0.018213 0.023298
0 0.541734 0.930388 0.018439 0.021722
0 0.599364 0.126475 0.018086 0.021568
0 0.969306 0.692155 0.017787 0.022139
0 0.482839 0.732373 0.018214 0.022594
0 0.795405 0.089970 0.019961 0.024072
0 0.404548 0.099933 0.017916 0.021770
0 0.711744 0.357647 0.017333 0.022776
0 0.436635 0.476613 0.018552 0.024458
0 0.473615 0.602178 0.017532 0.019730
0 0.096685 0.832024 0.018903 0.022166
0 0.818755 0.436802 0.017213 0.023630
0 0.928846 0.077902 0.018249 0.021622
0 0.345409 0.052173 0.013821 0.017512
0 0.655285 0.676818 0.017304 0.020208
0 0.868346 0.679732 0.018249 0.022750
0 0.050527 0.677768 0.018536 0.020908
0 0.577065 0.806135 0.018748 0.022623
0 0.942342 0.700290 0.016706 0.021021
0 0.493144 0.006392 0.016734 0.012784
0 0.804249 0.661733 0.018800 0.022373
0 0.631717 0.082911 0.020944 0.024332
0 0.700132 0.585270 0.016028 0.019668
0 0.301335 0.392312 0.019363 0.022973
0 0.944030 0.828071 0.017451 0.020335
0 0.103080 0.910059 0.017991 0.023527
0 0.111076 0.860598 0.015678 0.020834
0 0.491176 0.792511 0.018046 0.022165
0 0.965953 0.119398 0.019348 0.021428
0 0.685788 0.963530 0.017288 0.020452
0 0.302657 0.034008 0.017171 0.022009
0 0.815981 0.227287 0.015522 0.018706
0 0.356362 0.198066 0.015559 0.019903
0 0.675810 0.265956 0.017922 0.022071
0 0.043069 0.649710 0.016385 0.019042
0 0.261288 0.560534 0.018118 0.020774
0 0.937352 0.440066 0.017921 0.023771
0 0.823513 0.251720 0.019475 0.024367
0 0.802133 0.292079 0.015507 0.019369
0 0.722975 0.587847 0.015832 0.020513
0 0.182362 0.691860 0.017309 0.023580
0 0.219587 0.508324 0.015524 0.020532
0 0.994789 0.292096 0.010422 0.021876
0 0.359941 0.948161 0.015697 0.018321
0 0.225053 0.329315 0.017539 0.020305
0 0.809942 0.692680 0.017725 0.021293
0 0.109805 0.299088 0.017472 0.021217
0 0.020830 0.405967 0.016602 0.019907
0 0.360597 0.715267 0.015787 0.019058
0 0.590832 0.635566 0.018927 0.023195
0 0.156458 0.541907 0.020837 0.023721
0 0.823819 0.742740 0.017028 0.021335
0 0.148445 0.629274 0.016904 0.020252
0 0.497053 0.260581 0.016145 0.020106
0 0.455742 0.395268 0.016897 0.022384
0 0.843450 0.579287 0.018541 0.022133
0 0.158438 0.073049 0.016890 0.020962
0 0.113657 0.677766 0.018467 0.022122
0 0.324194 0.838829 0.016451 0.021497
0 0.756438 0.598499 0.016246 0.019447
0 0.687204 0.873359 0.017511 0.021664
0 0.659938 0.622559 0.016229 0.020383
0 0.263862 0.895475 0.015650 0.019623
0 0.247227 0.917190 0.017622 0.022319
0 0.917149 0.278608 0.019824 0.023477
0 0.762120 0.833962 0.016669 0.019277
0 0.349335 0.114322 0.019233 0.022216
0 0.622627 0.299410 0.018808 0.024930
0 0.355244 0.969636 0.015032 0.018008
0 0.153004 0.240589 0.017128 0.021260
0 0.442219 0.962811 0.015030 0.018467
0 0.054314 0.942612 0.017517 0.022866
0 0.089455 0.435465 0.018232 0.020172
0 0.427482 0.214923 0.016262 0.020342
0 0.730363 0.432347 0.017434 0.020080
0 0.841026 0.973880 0.017792 0.019199
0 0.380761 0.955412 0.014603 0.017932
0 0.525564 0.644796 0.017235 0.020372
0 0.381595 0.821141 0.015408 0.019069
0 0.021567 0.626432 0.016414 0.020398
0 0.286994 0.804404 0.014520 0.016969
0 0.214521 0.840737 0.017320 0.023375
0 0.056533 0.233371 0.017083 0.021476
0 0.475729 0.056571 0.014648 0.018763
0 0.547668 0.769679 0.017215 0.019535
0 0.772380 0.637503 0.014865 0.018163
0 0.595718 0.206049 0.014949 0.017423
0 0.996368 0.346962 0.007263 0.018735
0 0.052805 0.011515 0.014699 0.018850
0 0.889326 0.937044 0.013892 0.019166
0 0.981793 0.323086 0.012942 0.017006
0 0.252543 0.762013 0.013347 0.015998
0 0.412615 0.812176 0.015724 0.017800
0 0.557970 0.963274 0.011387 0.016016
0 0.693388 0.994120 0.019767 0.011760
0 0.711315 0.884539 0.013753 0.017633
0 0.683274 0.662795 0.013019 0.016770
0 0.057482 0.416241 0.012447 0.015576
0 0.415917 0.745399 0.012562 0.014649
0 0.398790 0.631969 0.014824 0.015428
0 0.084352 0.099481 0.014493 0.016930
0 0.905921 0.993561 0.018113 0.012878
0 0.409779 0.695962 0.012811 0.017116
0 0.529186 0.350309 0.014138 0.016300
0 0.994677 0.613887 0.010647 0.016685
0 0.292331 0.486776 0.013450 0.013716
0 0.517208 0.315271 0.011791 0.016433
0 0.920090 0.774515 0.014425 0.016519
0 0.875854 0.604539 0.011449 0.013878
0 0.710173 0.078111 0.012955 0.016644
0 0.193094 0.856429 0.012593 0.018306
0 0.691831 0.825576 0.013622 0.015525
0 0.691778 0.735814 0.011944 0.016967
0 0.817408 0.168743 0.012656 0.015086
0 0.257884 0.744869 0.012075 0.014331
0 0.300748 0.978886 0.011236 0.016751
0 0.459570 0.941782 0.012358 0.016923
0 0.360639 0.947851 0.018376 0.022757
0 0.907100 0.943582 0.013838 0.016134
0 0.067379 0.431822 0.013786 0.018389
0 0.087402 0.910986 0.009800 0.014847
0 0.903764 0.877073 0.012628 0.014656
0 0.807598 0.184583 0.011002 0.013598
0 0.385973 0.649834 0.017645 0.022824
0 0.856090 0.948863 0.013508 0.015285
0 0.501079 0.931013 0.010793 0.012329
0 0.455244 0.205902 0.009744 0.012389
0 0.335532 0.580621 0.013629 0.017879
0 0.182041 0.276867 0.015384 0.015026
