0 0.622610 0.946272 0.017524 0.022884
0 0.763908 0.948930 0.016143 0.020272
0 0.910032 0.992609 0.016443 0.014782
0 0.607376 0.614114 0.016215 0.019572
0 0.117569 0.489315 0.016994 0.022145
0 0.260880 0.013877 0.015296 0.021209
0 0.417418 0.760274 0.021254 0.024176
0 0.497462 0.175401 0.019629 0.027463
0 0.203280 0.191007 0.016248 0.019166
0 0.280953 0.384711 0.019595 0.024847
0 0.563559 0.567129 0.015147 0.018543
0 0.124323 0.170901 0.019576 0.025093
0 0.303986 0.824628 0.018431 0.022215
0 0.008520 0.668755 0.016738 0.019193
0 0.512767 0.966065 0.023146 0.027914
0 0.034762 0.933760 0.016446 0.021745
0 0.447913 0.795401 0.017766 0.023440
0 0.786665 0.747608 0.017291 0.022614
0 0.784701 0.207679 0.018183 0.022003
0 0.329626 0.812959 0.014976 0.019014
0 0.129783 0.232419 0.017130 0.023452
0 0.206964 0.928942 0.015176 0.020700
0 0.230521 0.938969 0.015393 0.020619
0 0.113713 0.009936 0.014290 0.017074
0 0.067152 0.350264 0.015631 0.020284
0 0.516534 0.846835 0.016117 0.021544
0 0.088246 0.602789 0.016819 0.021466
0 0.065954 0.811130 0.014835 0.019038
0 0.185686 0.942465 0.014728 0.017927
0 0.800756 0.619082 0.016493 0.020832
0 0.250160 0.467861 0.019550 0.024544
0 0.259987 0.861250 0.014753 0.017588
0 0.724653 0.897272 0.017029 0.019894
0 0.374033 0.636946 0.014452 0.016635
0 0.848613 0.551552 0.017163 0.020546
0 0.980762 0.672052 0.015412 0.021596
0 0.303315 0.035654 0.017194 0.018644
0 0.458439 0.163367 0.014859 0.019662
0 0.814070 0.868988 0.017787 0.022195
0 0.614381 0.071217 0.014412 0.018625
0 0.739893 0.960968 0.012586 0.014251
0 0.385321 0.085739 0.013013 0.018879
0 0.254498 0.275446 0.014470 0.018521
0 0.825400 0.523509 0.017804 0.022160
0 0.487207 0.877739 0.016922 0.021891
0 0.939665 0.890981 0.014219 0.017965
0 0.467744 0.678517 0.016859 0.020538
0 0.742619 0.098119 0.019656 0.023697
0 0.256797 0.893779 0.016576 0.021422
0 0.844815 0.098924 0.011896 0.015662
0 0.004355 0.113963 0.008687 0.021820
0 0.065921 0.042514 0.014975 0.018868
0 0.581165 0.116719 0.015349 0.019458
0 0.726589 0.531234 0.018211 0.024330
0 0.823162 0.278869 0.018165 0.020975
0 0.215343 0.227087 0.018227 0.022304
0 0.473130 0.057127 0.016297 0.019509
0 0.765065 0.804052 0.018652 0.021744
0 0.682100 0.749570 0.014081 0.017010
0 0.115043 0.550636 0.015843 0.019251
0 0.465715 0.336361 0.014071 0.017064
0 0.265239 0.509996 0.017564 0.023290
0 0.947544 0.967026 0.016523 0.020420
0 0.677927 0.348780 0.013900 0.017741
0 0.706139 0.146615 0.017203 0.022640
0 0.603043 0.339166 0.014638 0.019915
0 0.543494 0.590674 0.015490 0.019316
0 0.077499 0.925679 0.017273 0.023415
0 0.978272 0.231743 0.018288 0.024723
0 0.057528 0.632275 0.017042 0.020611
0 0.201318 0.447433 0.016673 0.022269
0 0.180488 0.689828 0.018101 0.020034
0 0.668423 0.768527 0.014315 0.021064
0 0.480185 0.222809 0.011466 0.014985
0 0.379212 0.654936 0.015341 0.019377
0 0.329898 0.042430 0.014921 0.020325
0 0.075674 0.161576 0.015188 0.018926
0 0.817855 0.038093 0.015505 0.019497
0 0.531507 0.437366 0.014443 0.019616
0 0.797485 0.966503 0.015605 0.019152
0 0.094086 0.421336 0.016181 0.019612
0 0.234058 0.018061 0.012764 0.015784
0 0.025392 0.208926 0.012737 0.016751
0 0.705996 0.578109 0.013448 0.016370
0 0.650760 0.105720 0.016027 0.021060
0 0.085705 0.847717 0.017096 0.020457
0 0.022904 0.979550 0.013874 0.016606
0 0.993944 0.624888 0.012113 0.021552
0 0.693512 0.662750 0.015939 0.018995
0 0.254723 0.694561 0.017253 0.022579
0 0.960260 0.511341 0.017687 0.021059
0 0.844543 0.858914 0.018771 0.020600
0 0.592957 0.647995 0.017884 0.019054
0 0.785755 0.653667 0.016784 0.019979
0 0.067070 0.698695 0.014991 0.018777
0 0.653336 0.681528 0.016240 0.021395
0 0.031978 0.134683 0.014202 0.018569
0 0.284167 0.888045 0.011825 0.016375
0 0.792934 0.649897 0.013441 0.019807
0 0.801071 0.055385 0.014693 0.019028
0 0.028423 0.499992 0.014362 0.019427
0 0.520724 0.530807 0.013155 0.017465
0 0.313300 0.056216 0.016260 0.021474
0 0.929670 0.831908 0.017634 0.022073
0 0.042786 0.903018 0.013322 0.015816
0 0.559332 0.934612 0.015663 0.020304
0 0.452729 0.259961 0.017563 0.023374
0 0.806944 0.402446 0.017488 0.021759
0 0.050131 0.108023 0.014308 0.019492
0 0.438206 0.011130 0.014771 0.018904
0 0.816743 0.675291 0.014184 0.019077
0 0.764123 0.754690 0.017504 0.021136
0 0.659924 0.964849 0.014684 0.016925
0 0.252366 0.960246 0.014080 0.019662
0 0.519073 0.298806 0.015617 0.020517
0 0.834059 0.499847 0.015979 0.018198
0 0.338082 0.498423 0.015472 0.018544
0 0.372461 0.059567 0.013817 0.019024
0 0.061153 0.322449 0.016767 0.018556
0 0.397799 0.606136 0.012637 0.017156
0 0.364320 0.950798 0.014276 0.018292
0 0.324276 0.090198 0.013604 0.020441
0 0.169305 0.550031 0.012999 0.015379
0 0.043251 0.072082 0.013742 0.017788
0 0.829668 0.917479 0.014526 0.017662
0 0.841524 0.063632 0.013422 0.018262
0 0.096434 0.100416 0.013728 0.015840
0 0.107168 0.469248 0.016131 0.020412
0 0.344815 0.979237 0.011118 0.015590
0 0.086063 0.455667 0.013805 0.016526
0 0.465717 0.504342 0.012586 0.016901
0 0.657641 0.968305 0.015173 0.019495
0 0.033843 0.874947 0.012472 0.015882
0 0.309350 0.607466 0.014746 0.021135
0 0.574469 0.624068 0.011754 0.015949
0 0.480724 0.418577 0.012464 0.016748
0 0.679481 0.147489 0.012798 0.016732
0 0.285413 0.021428 0.014515 0.016434
0 0.232615 0.991262 0.016699 0.015171
0 0.905522 0.136307 0.016292 0.020076
0 0.100330 0.504694 0.014511 0.018581
0 0.816614 0.903492 0.011001 0.014721
0 0.216557 0.961698 0.017462 0.023813
0 0.237621 0.749822 0.011731 0.016191
0 0.423583 0.035423 0.016819 0.018860
0 0.673217 0.989799 0.014786 0.015689
0 0.775157 0.474478 0.011193 0.014462
0 0.258914 0.296895 0.012690 0.015803
0 0.995803 0.341653 0.008395 0.017460
0 0.668399 0.604648 0.015997 0.017957
0 0.630943 0.726540 0.013496 0.017111
0 0.369926 0.972556 0.015305 0.017658
0 0.318319 0.992730 0.014243 0.014539
0 0.327012 0.012913 0.015825 0.021659
0 0.737976 0.588468 0.013414 0.018315
0 0.608989 0.112215 0.016164 0.020599
0 0.520981 0.296033 0.018546 0.021758
0 0.545488 0.978497 0.011818 0.016681
0 0.996969 0.811732 0.006063 0.022322
0 0.528651 0.292642 0.012570 0.018205
0 0.067412 0.293635 0.013890 0.016952
0 0.843648 0.097410 0.013502 0.017548
0 0.011890 0.093151 0.012799 0.016040
0 0.020689 0.685547 0.013638 0.015701
0 0.650953 0.358985 0.012990 0.019607
0 0.704598 0.977387 0.012512 0.014887
0 0.695789 0.931373 0.017172 0.022040
0 0.665190 0.478062 0.010964 0.016405
0 0.392866 0.023859 0.013083 0.016137
0 0.836023 0.501134 0.015042 0.018128
0 0.415802 0.674812 0.012246 0.017072
0 0.746681 0.569617 0.013955 0.015678
