0 0.106974 0.874148 0.025140 0.028875
0 0.984642 0.086731 0.018254 0.023526
0 0.007675 0.677776 0.015250 0.020550
0 0.135958 0.435299 0.020053 0.032930
0 0.317222 0.378818 0.029215 0.033961
0 0.944285 0.048278 0.019410 0.023110
0 0.097402 0.924214 0.017793 0.022407
0 0.148771 0.294317 0.019213 0.022914
0 0.791096 0.387978 0.022123 0.022945
0 0.283122 0.743933 0.016183 0.024781
0 0.939523 0.895404 0.019448 0.022953
0 0.546658 0.483675 0.020895 0.025722
0 0.207585 0.729324 0.027085 0.034470
0 0.094745 0.311192 0.019237 0.024357
0 0.826319 0.809337 0.022222 0.028207
0 0.301917 0.759221 0.017280 0.021790
0 0.179219 0.905031 0.020915 0.026530
0 0.923141 0.122378 0.020639 0.027489
0 0.905797 0.432576 0.021465 0.026511
0 0.038423 0.679239 0.017241 0.019827
0 0.132894 0.895455 0.023339 0.028334
0 0.170381 0.766772 0.020977 0.025574
0 0.351922 0.845358 0.016236 0.019761
0 0.342026 0.291774 0.017826 0.019214
0 0.324209 0.273130 0.017826 0.021547
0 0.904346 0.678529 0.018092 0.020754
0 0.131047 0.530194 0.018369 0.020398
0 0.893905 0.883000 0.019519 0.021060
0 0.655608 0.140424 0.017482 0.021593
0 0.581514 0.069668 0.023855 0.028344
0 0.084985 0.487729 0.019841 0.024245
0 0.821176 0.883217 0.022943 0.026315
0 0.924696 0.936961 0.020166 0.022683
0 0.827661 0.322510 0.015791 0.022215
0 0.325034 0.165569 0.017944 0.020584
0 0.313228 0.092273 0.016733 0.021340
0 0.332987 0.863234 0.020696 0.021944
0 0.959695 0.886569 0.017482 0.023907
0 0.122234 0.555885 0.018286 0.020882
0 0.554459 0.705811 0.020350 0.022597
0 0.798991 0.244703 0.020973 0.025956
0 0.250288 0.408930 0.016278 0.021688
0 0.959799 0.400622 0.020914 0.029298
0 0.389149 0.524526 0.018693 0.024607
0 0.957541 0.697403 0.018860 0.022123
0 0.385009 0.413838 0.018848 0.021896
0 0.500161 0.651578 0.017242 0.021064
0 0.690860 0.123012 0.017615 0.023417
0 0.228762 0.405195 0.016751 0.021747
0 0.217850 0.446525 0.019488 0.022255
0 0.542551 0.420550 0.019637 0.022575
0 0.205529 0.815295 0.016897 0.021564
0 0.046828 0.196375 0.022094 0.027076
0 0.991928 0.910544 0.015744 0.019527
0 0.442768 0.014788 0.018854 0.022569
0 0.899765 0.704406 0.018132 0.022106
0 0.924681 0.344700 0.019692 0.024115
0 0.505305 0.384279 0.021226 0.022313
0 0.299482 0.194304 0.018973 0.024478
0 0.920912 0.510432 0.018793 0.022826
0 0.205132 0.572803 0.017094 0.022370
0 0.339678 0.316457 0.017694 0.020185
0 0.890116 0.645071 0.020069 0.024799
0 0.491458 0.487784 0.017826 0.021147
0 0.261844 0.566509 0.018015 0.027463
0 0.354407 0.266284 0.014936 0.018361
0 0.042697 0.908080 0.020727 0.026348
0 0.673916 0.869215 0.019613 0.025313
0 0.336934 0.424317 0.014955 0.021665
0 0.438204 0.436047 0.019412 0.021626
0 0.910682 0.037051 0.019224 0.024016
0 0.362284 0.113392 0.017401 0.023904
0 0.119802 0.488157 0.018433 0.023543
0 0.049098 0.046893 0.017608 0.023053
0 0.631575 0.183081 0.016675 0.019233
0 0.381241 0.225257 0.018648 0.022861
0 0.848568 0.420956 0.017532 0.022132
0 0.420084 0.739988 0.017843 0.022665
0 0.347396 0.158753 0.018438 0.023445
0 0.018692 0.276259 0.017717 0.021289
0 0.635256 0.279456 0.020528 0.023182
0 0.155183 0.319607 0.016138 0.018483
0 0.799551 0.415141 0.016229 0.020490
0 0.504190 0.220363 0.018908 0.026539
0 0.825802 0.095354 0.018752 0.022868
0 0.450977 0.679344 0.018241 0.025054
0 0.763790 0.876845 0.020668 0.026184
0 0.230143 0.922324 0.020210 0.024146
0 0.457800 0.586902 0.018975 0.025310
0 0.685918 0.318052 0.018988 0.026197
0 0.555986 0.655155 0.020248 0.024054
0 0.371914 0.327536 0.017183 0.022278
0 0.338608 0.251274 0.020035 0.022507
0 0.430639 0.173039 0.018165 0.021294
0 0.290012 0.583148 0.015285 0.018412
0 0.152019 0.849109 0.016369 0.019281
0 0.793445 0.218621 0.015721 0.018353
0 0.170141 0.531394 0.021202 0.022381
0 0.504124 0.158972 0.017116 0.021281
0 0.510055 0.308080 0.017001 0.020784
0 0.313243 0.422465 0.015978 0.021512
0 0.637671 0.495256 0.017495 0.022681
0 0.806918 0.316164 0.018221 0.026079
0 0.122866 0.296650 0.017325 0.022786
0 0.587128 0.436756 0.018346 0.022468
0 0.080887 0.585712 0.018139 0.022432
0 0.231121 0.793734 0.019190 0.023334
0 0.025854 0.650135 0.015560 0.019748
0 0.574591 0.160249 0.020352 0.021272
0 0.597954 0.193691 0.017692 0.022376
0 0.285382 0.085436 0.017579 0.023455
0 0.243848 0.896135 0.019947 0.022415
0 0.415152 0.344188 0.015485 0.017896
0 0.994816 0.710127 0.010369 0.025925
0 0.113620 0.448108 0.015730 0.020802
0 0.960107 0.082508 0.015866 0.020443
0 0.530047 0.167088 0.013574 0.017338
0 0.906587 0.906858 0.016414 0.023790
0 0.412127 0.993033 0.018597 0.013933
0 0.925965 0.913653 0.015401 0.018209
0 0.631835 0.160082 0.016268 0.019756
0 0.167623 0.527826 0.019710 0.022810
0 0.761340 0.498374 0.012834 0.015171
0 0.002640 0.207079 0.005279 0.016991
0 0.514344 0.175783 0.012531 0.015312
