0 0.280337 0.385176 0.019160 0.024144
0 0.393130 0.534046 0.014053 0.018965
0 0.243644 0.039902 0.014841 0.019032
0 0.610217 0.631774 0.015485 0.020027
0 0.470176 0.012730 0.014346 0.018376
0 0.625366 0.944355 0.018564 0.024568
0 0.326481 0.042168 0.014419 0.019502
0 0.237248 0.935968 0.014392 0.020209
0 0.513134 0.963913 0.022169 0.027438
0 0.309291 0.837920 0.015738 0.019203
0 0.767547 0.950664 0.015431 0.020601
0 0.813816 0.248830 0.018559 0.023007
0 0.031417 0.161233 0.015892 0.023830
0 0.033656 0.932158 0.016797 0.022484
0 0.116452 0.488728 0.015900 0.021423
0 0.126510 0.178077 0.019789 0.025073
0 0.502038 0.085977 0.015490 0.019275
0 0.800789 0.956855 0.015803 0.020796
0 0.131378 0.230379 0.017580 0.022042
0 0.301453 0.039241 0.015881 0.019286
0 0.514195 0.894749 0.016950 0.021841
0 0.260254 0.018264 0.014394 0.019558
0 0.823752 0.526460 0.016163 0.019890
0 0.815706 0.869466 0.019191 0.022810
0 0.291990 0.314632 0.013718 0.018001
0 0.034099 0.493563 0.021585 0.020153
0 0.716210 0.897959 0.015135 0.019156
0 0.249210 0.469021 0.017527 0.022589
0 0.763990 0.806275 0.018707 0.022486
0 0.909732 0.990244 0.014629 0.016150
0 0.935636 0.889535 0.016739 0.018618
0 0.290225 0.533238 0.020161 0.023424
0 0.737883 0.532591 0.016704 0.023538
0 0.384256 0.086546 0.014488 0.020214
0 0.315412 0.063992 0.016578 0.020813
0 0.503605 0.211653 0.018663 0.024197
0 0.800486 0.623870 0.017267 0.019662
0 0.074861 0.371248 0.014850 0.020641
0 0.124920 0.640607 0.017827 0.020814
0 0.617216 0.162605 0.016691 0.019776
0 0.104630 0.204596 0.016468 0.020855
0 0.327376 0.822727 0.014301 0.017187
0 0.091035 0.666777 0.016259 0.019566
0 0.839392 0.307692 0.016580 0.022003
0 0.903671 0.138030 0.013841 0.017655
0 0.785680 0.760831 0.016566 0.021025
0 0.006266 0.673245 0.012511 0.020809
0 0.113731 0.550151 0.015380 0.020826
0 0.487410 0.186930 0.013301 0.018160
0 0.072344 0.928408 0.016769 0.022631
0 0.803416 0.056497 0.015685 0.019499
0 0.714518 0.175207 0.020713 0.026842
0 0.192579 0.948776 0.013885 0.019375
0 0.464809 0.675992 0.017103 0.020965
0 0.583906 0.602990 0.015224 0.017783
0 0.557352 0.616315 0.015431 0.018844
0 0.589741 0.668104 0.016582 0.020584
0 0.685867 0.384369 0.013618 0.018008
0 0.214204 0.226748 0.017490 0.020248
0 0.565518 0.943357 0.015010 0.019604
0 0.071784 0.805172 0.016159 0.019567
0 0.991863 0.635818 0.016210 0.022541
0 0.060470 0.521616 0.014922 0.018761
0 0.365156 0.645217 0.013694 0.018968
0 0.020040 0.138632 0.013031 0.016935
0 0.169349 0.055868 0.014460 0.016594
0 0.636700 0.113609 0.014053 0.017659
0 0.442020 0.768129 0.017282 0.021806
0 0.530477 0.432539 0.016342 0.021064
0 0.661134 0.605122 0.013935 0.016208
0 0.845428 0.931297 0.015518 0.018829
0 0.204858 0.404486 0.013658 0.017286
0 0.693623 0.897809 0.016614 0.021212
0 0.827115 0.064615 0.015436 0.020421
0 0.785663 0.653074 0.016071 0.019559
0 0.284639 0.876677 0.012885 0.017728
0 0.473810 0.795845 0.016487 0.021584
0 0.741717 0.138514 0.016772 0.023856
0 0.653020 0.679950 0.016526 0.021822
0 0.929735 0.974543 0.018472 0.020170
0 0.669906 0.150920 0.015126 0.018230
0 0.250150 0.228171 0.017717 0.019926
0 0.539528 0.853264 0.015883 0.020271
0 0.046751 0.978914 0.014531 0.018278
0 0.045453 0.416107 0.016174 0.020489
0 0.957084 0.679726 0.014279 0.016856
0 0.255467 0.633541 0.013132 0.015447
0 0.464816 0.334105 0.016511 0.019359
0 0.063869 0.044951 0.015202 0.020064
0 0.348266 0.628600 0.014050 0.019007
0 0.742752 0.951820 0.014225 0.017887
0 0.214914 0.933133 0.016262 0.019546
0 0.225207 0.463295 0.015946 0.020658
0 0.931880 0.837305 0.017467 0.022532
0 0.268485 0.051626 0.014893 0.019100
0 0.996576 0.812681 0.006848 0.024978
0 0.113267 0.375319 0.014904 0.017221
0 0.252175 0.956360 0.014756 0.017252
0 0.122661 0.338859 0.014146 0.018354
0 0.194160 0.874818 0.014419 0.019929
0 0.518696 0.532284 0.012463 0.017827
0 0.310735 0.506774 0.015435 0.018922
0 0.039681 0.905714 0.012791 0.016261
0 0.382037 0.648216 0.013444 0.020305
0 0.768748 0.153064 0.014266 0.018267
0 0.519190 0.298983 0.018290 0.021508
0 0.959125 0.509427 0.014501 0.019239
0 0.410183 0.074986 0.012864 0.016896
0 0.320109 0.092414 0.016007 0.019228
0 0.985109 0.279265 0.019184 0.021646
0 0.301113 0.891814 0.011782 0.016404
0 0.871559 0.565734 0.014638 0.016882
0 0.871394 0.131303 0.012947 0.015322
0 0.815789 0.677812 0.014333 0.018282
0 0.240271 0.708586 0.014399 0.019023
0 0.842039 0.929878 0.017844 0.019379
0 0.106708 0.511562 0.013238 0.016645
0 0.694894 0.944878 0.015556 0.019062
0 0.035382 0.875705 0.011751 0.016406
0 0.995097 0.026154 0.009807 0.021415
0 0.986490 0.692029 0.014327 0.019447
0 0.442039 0.656955 0.013653 0.016813
0 0.970719 0.048315 0.015446 0.022161
0 0.056420 0.155081 0.013726 0.016242
0 0.740966 0.919973 0.016348 0.019707
0 0.741732 0.412985 0.011935 0.015810
0 0.522567 0.506337 0.012820 0.018552
0 0.495670 0.078101 0.016118 0.023763
0 0.804442 0.401062 0.013743 0.019685
0 0.131092 0.377083 0.011428 0.015712
0 0.288064 0.467433 0.011296 0.013736
0 0.637692 0.354118 0.013595 0.016434
0 0.022513 0.204462 0.012028 0.015878
0 0.874482 0.172000 0.014473 0.017521
0 0.451184 0.260171 0.015595 0.020598
0 0.378421 0.951649 0.015075 0.020806
0 0.294664 0.096730 0.013589 0.018218
0 0.009821 0.897573 0.014997 0.019615
0 0.130696 0.471213 0.013874 0.016353
0 0.630547 0.726572 0.014148 0.019690
0 0.753700 0.305387 0.010466 0.016042
0 0.371199 0.526327 0.013592 0.017844
0 0.083704 0.840525 0.013359 0.017180
0 0.291865 0.312564 0.016696 0.020093
0 0.008947 0.933657 0.016389 0.022018
0 0.686430 0.658800 0.014154 0.017661
0 0.658061 0.974163 0.012712 0.018145
0 0.740993 0.587784 0.014405 0.017127
0 0.280214 0.916314 0.015432 0.022622
0 0.208485 0.326331 0.014423 0.018552
0 0.155469 0.074254 0.013291 0.015001
0 0.035640 0.708682 0.011177 0.015391
0 0.041635 0.070676 0.014649 0.016416
0 0.034335 0.408155 0.010426 0.015302
0 0.676856 0.778925 0.013809 0.018480
0 0.101654 0.446099 0.010959 0.013427
0 0.008734 0.102292 0.012577 0.019337
0 0.577775 0.250854 0.013451 0.016766
0 0.615212 0.978654 0.012315 0.015464
