0 0.675011 0.014643 0.024639 0.029039
0 0.569047 0.510630 0.020902 0.026902
0 0.258680 0.471001 0.021059 0.025733
0 0.819089 0.885214 0.022217 0.026692
0 0.727638 0.513320 0.018522 0.026293
0 0.491612 0.127086 0.019138 0.023170
0 0.046000 0.938642 0.017014 0.022662
0 0.796318 0.661501 0.019583 0.025604
0 0.281606 0.461232 0.017721 0.023872
0 0.817972 0.650231 0.017599 0.022629
0 0.499365 0.950907 0.018187 0.023788
0 0.500628 0.090347 0.018302 0.023493
0 0.896131 0.089258 0.022893 0.036833
0 0.522363 0.971418 0.021877 0.027424
0 0.053660 0.836507 0.016126 0.020417
0 0.459799 0.909655 0.019655 0.024115
0 0.537235 0.500514 0.018343 0.022733
0 0.875280 0.715460 0.020301 0.024413
0 0.755378 0.518515 0.019833 0.024042
0 0.684501 0.704589 0.017865 0.023010
0 0.290819 0.389716 0.020663 0.024280
0 0.093368 0.262166 0.019491 0.021812
0 0.077084 0.856479 0.019577 0.026025
0 0.396039 0.652933 0.016424 0.021871
0 0.024120 0.898888 0.017657 0.020785
0 0.041869 0.119926 0.018805 0.023671
0 0.703049 0.742854 0.019223 0.024183
0 0.543015 0.440089 0.016375 0.021360
0 0.945903 0.897358 0.022625 0.024616
0 0.612922 0.052336 0.019739 0.024962
0 0.377459 0.648988 0.015097 0.021882
0 0.143556 0.237330 0.016346 0.020147
0 0.229305 0.465244 0.016418 0.019180
0 0.035743 0.988519 0.017435 0.018562
0 0.944684 0.361941 0.020384 0.023686
0 0.098859 0.401942 0.019341 0.025684
0 0.601249 0.272531 0.019589 0.023454
0 0.182953 0.973359 0.017955 0.021879
0 0.174151 0.565608 0.017822 0.021280
0 0.339973 0.104441 0.017667 0.021230
0 0.529972 0.415641 0.017116 0.020456
0 0.706248 0.181506 0.018396 0.024094
0 0.127761 0.493808 0.018523 0.023884
0 0.744856 0.221511 0.021436 0.026027
0 0.097422 0.287757 0.016635 0.021224
0 0.812249 0.942345 0.018616 0.022955
0 0.376668 0.977943 0.014733 0.017773
0 0.877774 0.967353 0.015146 0.019854
0 0.127777 0.986515 0.016563 0.019301
0 0.766412 0.056973 0.018529 0.025125
0 0.313550 0.837235 0.017614 0.021381
0 0.754975 0.565830 0.018254 0.022545
0 0.047527 0.904765 0.014765 0.018214
0 0.061455 0.093160 0.018131 0.024509
0 0.929474 0.383226 0.020447 0.025788
0 0.552371 0.812448 0.017920 0.021129
0 0.437080 0.833516 0.017221 0.021800
0 0.213030 0.954148 0.016837 0.020624
0 0.155423 0.093818 0.019165 0.024731
0 0.145223 0.064864 0.018288 0.022271
0 0.790163 0.087213 0.020077 0.025587
0 0.277605 0.811222 0.017574 0.021883
0 0.665265 0.980121 0.017205 0.018896
0 0.681942 0.641267 0.021583 0.024694
0 0.878985 0.659850 0.018244 0.021398
0 0.309994 0.101372 0.017029 0.022544
0 0.466091 0.266571 0.019161 0.022982
0 0.496286 0.527812 0.018724 0.022864
0 0.353991 0.038626 0.017104 0.022923
0 0.393839 0.089551 0.016854 0.022528
0 0.081801 0.017345 0.017756 0.019785
0 0.030867 0.787894 0.018419 0.020550
0 0.865897 0.512889 0.021593 0.025949
0 0.661205 0.704709 0.016881 0.021270
0 0.580507 0.041171 0.018218 0.023864
0 0.423476 0.020174 0.014214 0.016220
0 0.228602 0.233641 0.017193 0.022368
0 0.931336 0.126589 0.029206 0.036164
0 0.685123 0.993099 0.015599 0.013802
0 0.239679 0.937599 0.016838 0.021347
0 0.311929 0.011704 0.015670 0.019665
0 0.150043 0.330478 0.018181 0.021503
0 0.580399 0.793366 0.014339 0.016772
0 0.318234 0.034930 0.015701 0.020948
0 0.517351 0.445124 0.015776 0.022100
0 0.239394 0.442571 0.017313 0.019768
0 0.812364 0.732967 0.018991 0.022986
0 0.239835 0.811047 0.019121 0.023366
0 0.200438 0.661670 0.016509 0.021539
0 0.857372 0.812005 0.018328 0.022661
0 0.430966 0.041968 0.023311 0.024397
0 0.295460 0.027487 0.017488 0.022877
0 0.581080 0.569715 0.019664 0.024453
0 0.077349 0.080873 0.013888 0.022106
0 0.854986 0.964004 0.016317 0.022138
0 0.718633 0.596402 0.015805 0.019705
0 0.373103 0.878755 0.020430 0.027070
0 0.325015 0.749454 0.016134 0.019875
0 0.858404 0.932905 0.016468 0.019700
0 0.506119 0.390501 0.017867 0.021964
0 0.791591 0.287514 0.018698 0.023630
0 0.902092 0.961149 0.017425 0.021677
0 0.729014 0.572136 0.017778 0.022510
0 0.474813 0.145439 0.016921 0.022109
0 0.304274 0.463277 0.016071 0.021881
0 0.924328 0.985560 0.015228 0.019103
0 0.513676 0.144126 0.018613 0.021818
0 0.611017 0.120746 0.020196 0.027123
0 0.383962 0.607263 0.016732 0.021460
0 0.561237 0.942204 0.017635 0.022819
0 0.215545 0.335108 0.017654 0.021462
0 0.732717 0.765045 0.017499 0.022299
0 0.899536 0.988676 0.014692 0.018022
0 0.402474 0.013639 0.015488 0.020719
0 0.894079 0.626065 0.017602 0.023846
0 0.857496 0.674345 0.018305 0.021782
0 0.667227 0.679337 0.018355 0.019705
0 0.478930 0.008614 0.017698 0.015579
0 0.002948 0.647338 0.005897 0.019494
0 0.500739 0.418770 0.014966 0.017925
0 0.044440 0.513806 0.015069 0.017755
0 0.024600 0.011772 0.012090 0.017780
0 0.323871 0.564828 0.015838 0.020324
0 0.429049 0.716219 0.014355 0.017804
0 0.829114 0.974110 0.015754 0.020203
0 0.824696 0.993519 0.016587 0.012961
0 0.371091 0.956791 0.014490 0.017621
0 0.334487 0.015047 0.016575 0.022613
0 0.670839 0.873462 0.017129 0.019401
0 0.041517 0.450103 0.013545 0.016484
0 0.336881 0.049009 0.014803 0.020170
0 0.246737 0.981121 0.013376 0.014707
0 0.771740 0.789185 0.013370 0.016476
0 0.903946 0.393848 0.014064 0.018443
0 0.853462 0.990533 0.013940 0.014963
0 0.004119 0.613030 0.008237 0.017339
0 0.782894 0.035945 0.013096 0.013357
0 0.165352 0.016205 0.012795 0.020176
0 0.748797 0.591500 0.015752 0.020667
