0 0.822095 0.929699 0.025129 0.031503
0 0.799161 0.263955 0.020676 0.026365
0 0.912457 0.883361 0.017083 0.021394
0 0.976583 0.847218 0.019306 0.024304
0 0.918990 0.342172 0.019184 0.023993
0 0.147875 0.914323 0.018478 0.021495
0 0.233759 0.553732 0.019932 0.026002
0 0.046193 0.413554 0.017068 0.021235
0 0.701362 0.230015 0.016706 0.020019
0 0.913234 0.380517 0.016080 0.020524
0 0.236060 0.737203 0.015923 0.026345
0 0.984639 0.506193 0.017245 0.023001
0 0.468937 0.155131 0.018032 0.022785
0 0.122428 0.909541 0.017554 0.022691
0 0.210048 0.741839 0.017178 0.019133
0 0.395865 0.066492 0.018230 0.023033
0 0.325529 0.347852 0.018928 0.022633
0 0.316784 0.394229 0.017788 0.021594
0 0.609506 0.320087 0.015922 0.020454
0 0.086856 0.506333 0.019482 0.023243
0 0.444168 0.312272 0.017672 0.021319
0 0.967582 0.551850 0.017532 0.021707
0 0.067042 0.242637 0.018053 0.021280
0 0.780115 0.440670 0.019381 0.023133
0 0.338344 0.243490 0.019620 0.025381
0 0.157660 0.105227 0.014976 0.017300
0 0.594950 0.211978 0.017779 0.023224
0 0.638082 0.297725 0.015022 0.018750
0 0.640262 0.043178 0.018298 0.024232
0 0.309265 0.029796 0.017279 0.022018
0 0.871604 0.873069 0.016892 0.019967
0 0.022612 0.288275 0.019197 0.022898
0 0.662558 0.301521 0.017496 0.024721
0 0.976830 0.290178 0.018334 0.023173
0 0.202428 0.102853 0.018365 0.023080
0 0.673388 0.061237 0.019790 0.025375
0 0.017414 0.790944 0.015886 0.020648
0 0.310517 0.275928 0.015381 0.018452
0 0.203406 0.765637 0.016653 0.019751
0 0.451893 0.395943 0.018032 0.023217
0 0.159941 0.885844 0.020169 0.025854
0 0.682612 0.427492 0.020008 0.024716
0 0.531923 0.956168 0.019638 0.023378
0 0.245497 0.455921 0.017540 0.022940
0 0.712091 0.325904 0.017269 0.020277
0 0.298519 0.666086 0.017593 0.021847
0 0.345659 0.145414 0.017745 0.021834
0 0.079570 0.896797 0.016413 0.020044
0 0.524778 0.683443 0.018071 0.023360
0 0.148909 0.291964 0.021715 0.025682
0 0.768313 0.210516 0.016995 0.018608
0 0.410174 0.394368 0.017746 0.021061
0 0.774945 0.234248 0.017882 0.022217
0 0.474095 0.655475 0.016857 0.019975
0 0.124185 0.800052 0.017482 0.021183
0 0.263398 0.736571 0.013748 0.016615
0 0.480799 0.057834 0.017189 0.021300
0 0.833150 0.230205 0.015879 0.027106
0 0.823997 0.990765 0.016921 0.015088
0 0.121124 0.703100 0.014082 0.018495
0 0.021342 0.854489 0.017602 0.022006
0 0.524304 0.408889 0.017519 0.023216
0 0.928345 0.216078 0.018036 0.022244
0 0.670382 0.305465 0.014666 0.018217
0 0.027730 0.175851 0.016240 0.021184
0 0.994815 0.080259 0.010371 0.020964
0 0.556999 0.008034 0.015097 0.014377
0 0.197024 0.918477 0.023168 0.028920
0 0.794520 0.868177 0.018257 0.024061
0 0.361607 0.549748 0.015761 0.019520
0 0.879802 0.415633 0.018535 0.023782
0 0.800131 0.080573 0.016540 0.020237
0 0.309871 0.730319 0.017881 0.022230
0 0.302633 0.153870 0.016712 0.021463
0 0.124943 0.279370 0.018645 0.023608
0 0.067177 0.139835 0.017334 0.021308
0 0.073427 0.305098 0.018108 0.022906
0 0.433391 0.430792 0.011272 0.011880
0 0.863631 0.627555 0.019057 0.025318
0 0.667794 0.304941 0.018913 0.020187
0 0.086430 0.868148 0.017104 0.020493
0 0.335582 0.805389 0.018571 0.021743
0 0.542203 0.657948 0.016061 0.018504
0 0.601230 0.151496 0.016407 0.019710
0 0.710600 0.663304 0.018187 0.021155
0 0.337848 0.420986 0.015362 0.019695
0 0.553417 0.146740 0.013724 0.017887
0 0.245815 0.103220 0.015859 0.019959
0 0.598540 0.956151 0.014951 0.016451
0 0.269384 0.760362 0.016997 0.020267
0 0.192240 0.009396 0.019613 0.017553
0 0.983750 0.574207 0.018375 0.022861
0 0.935412 0.676227 0.018491 0.020732
0 0.267420 0.574246 0.015322 0.018547
0 0.330786 0.294218 0.014292 0.017613
0 0.429074 0.668693 0.017161 0.020320
0 0.591902 0.975054 0.013968 0.018752
0 0.008422 0.730492 0.016810 0.022490
0 0.991570 0.242736 0.015690 0.015956
0 0.111939 0.673436 0.017428 0.021035
0 0.635917 0.504971 0.015892 0.021720
0 0.315221 0.241241 0.013744 0.017974
0 0.053128 0.188337 0.017148 0.022664
0 0.417593 0.559577 0.019516 0.043627
0 0.418058 0.568764 0.019422 0.023081
0 0.901505 0.107388 0.016570 0.019497
0 0.297941 0.257302 0.015920 0.018851
0 0.003636 0.022902 0.007217 0.024817
0 0.175027 0.708938 0.015897 0.022306
0 0.474504 0.255617 0.015174 0.018707
0 0.899593 0.110877 0.017724 0.019910
