0 0.703458 0.272448 0.016053 0.022182
0 0.970763 0.941629 0.013326 0.016271
0 0.977094 0.881908 0.018571 0.021615
0 0.906177 0.732199 0.014599 0.019674
0 0.923708 0.722845 0.014262 0.019496
0 0.361381 0.822986 0.014625 0.018989
0 0.548715 0.482873 0.024529 0.030748
0 0.719521 0.252725 0.015221 0.020135
0 0.670412 0.600517 0.017276 0.021717
0 0.689909 0.850776 0.014167 0.019251
0 0.805740 0.557518 0.015420 0.019948
0 0.762290 0.284874 0.013613 0.019153
0 0.731012 0.751084 0.018717 0.020985
0 0.827430 0.931584 0.015321 0.020511
0 0.827504 0.810620 0.016664 0.019750
0 0.451000 0.858325 0.012202 0.014731
0 0.938854 0.811182 0.015862 0.019723
0 0.416647 0.853918 0.015274 0.019529
0 0.992773 0.985987 0.013303 0.019481
0 0.387149 0.842129 0.013602 0.017058
0 0.137638 0.157474 0.019688 0.027530
0 0.654520 0.564221 0.016682 0.020567
0 0.289092 0.799029 0.018413 0.021399
0 0.066866 0.382504 0.013509 0.019321
0 0.200545 0.477366 0.012709 0.015712
0 0.962111 0.445712 0.013216 0.015700
0 0.203233 0.792887 0.014301 0.018227
0 0.352303 0.285621 0.017729 0.021931
0 0.990448 0.727525 0.016891 0.021434
0 0.304734 0.578559 0.018538 0.020985
0 0.419445 0.813004 0.015117 0.019120
0 0.434603 0.565414 0.014535 0.020898
0 0.425847 0.713298 0.015883 0.020527
0 0.476625 0.500972 0.017969 0.022037
0 0.803557 0.845287 0.016216 0.020522
0 0.413983 0.091287 0.016601 0.020866
0 0.745866 0.980708 0.012731 0.015878
0 0.627869 0.552832 0.017483 0.022547
0 0.592037 0.039040 0.016237 0.019649
0 0.059775 0.098364 0.015930 0.019184
0 0.477794 0.303193 0.015329 0.020326
0 0.948475 0.118213 0.014330 0.017737
0 0.944270 0.456617 0.014948 0.019165
0 0.795820 0.160768 0.016804 0.020102
0 0.982932 0.650344 0.017608 0.023736
0 0.890993 0.752724 0.018869 0.023383
0 0.940006 0.101319 0.014396 0.017146
0 0.945548 0.513427 0.015914 0.021637
0 0.416516 0.551686 0.016974 0.021227
0 0.752618 0.866347 0.015446 0.018630
0 0.433659 0.431576 0.016301 0.021142
0 0.433334 0.247123 0.015437 0.019729
0 0.597769 0.184349 0.015315 0.019078
0 0.153132 0.444234 0.014612 0.018668
0 0.152752 0.687760 0.013557 0.016993
0 0.728698 0.967174 0.018101 0.020877
0 0.422176 0.176213 0.013680 0.018056
0 0.637386 0.317322 0.014758 0.017422
0 0.931255 0.877758 0.013797 0.018705
0 0.319273 0.550570 0.017194 0.022202
0 0.027973 0.763758 0.014827 0.017870
0 0.317139 0.219638 0.016319 0.022121
0 0.678698 0.961619 0.016266 0.020382
0 0.606506 0.923677 0.016684 0.020717
0 0.153835 0.485792 0.015605 0.020824
0 0.016975 0.139462 0.014687 0.019013
0 0.089631 0.474901 0.012224 0.014576
0 0.549234 0.638025 0.012323 0.014538
0 0.742774 0.283480 0.015453 0.020932
0 0.165366 0.022214 0.018816 0.022821
0 0.135648 0.359998 0.016623 0.020658
0 0.943121 0.330939 0.017177 0.021609
0 0.897454 0.680863 0.015510 0.017590
0 0.864499 0.913695 0.014989 0.017388
0 0.232043 0.312229 0.021620 0.024672
0 0.604001 0.859049 0.016311 0.023003
0 0.899111 0.464889 0.015415 0.019858
0 0.289852 0.842232 0.017535 0.020386
0 0.089077 0.327034 0.013530 0.017312
0 0.954001 0.936127 0.011882 0.015473
0 0.751154 0.961027 0.013392 0.017082
0 0.517996 0.742787 0.014151 0.017682
0 0.699123 0.761993 0.015996 0.019890
0 0.798855 0.822412 0.014490 0.015536
0 0.114418 0.886332 0.014391 0.018316
0 0.237261 0.668114 0.015745 0.019053
0 0.931469 0.699522 0.015840 0.017704
0 0.348473 0.542865 0.014225 0.018361
0 0.075669 0.242251 0.014698 0.017577
0 0.965992 0.971093 0.016079 0.019194
0 0.845420 0.568267 0.015533 0.021306
0 0.416998 0.135662 0.016339 0.018882
0 0.771824 0.635394 0.014832 0.017895
0 0.829156 0.911191 0.014661 0.015226
0 0.810397 0.305283 0.015440 0.023332
0 0.044326 0.382365 0.013855 0.018196
0 0.249603 0.385944 0.016545 0.021334
0 0.346116 0.809985 0.014277 0.017512
0 0.144270 0.114483 0.014861 0.018937
0 0.147452 0.728066 0.016968 0.018642
0 0.640549 0.977415 0.015180 0.017790
0 0.960456 0.468385 0.014571 0.020591
0 0.534175 0.533394 0.014366 0.016464
0 0.801264 0.767246 0.014233 0.019276
0 0.837068 0.435902 0.016742 0.020091
0 0.487488 0.459636 0.016796 0.021542
0 0.242452 0.520262 0.017994 0.019772
0 0.346788 0.730854 0.016303 0.019865
0 0.227026 0.366562 0.015585 0.019663
0 0.977506 0.203080 0.013446 0.017465
0 0.418783 0.469303 0.014172 0.017617
0 0.995837 0.777879 0.008326 0.023571
0 0.775698 0.569857 0.015476 0.018433
0 0.759107 0.173434 0.016156 0.018915
0 0.361906 0.979595 0.013871 0.019377
0 0.621834 0.057636 0.016035 0.018822
0 0.262538 0.161380 0.013623 0.017625
0 0.692738 0.713793 0.015155 0.020842
0 0.359457 0.468688 0.018328 0.022054
0 0.692618 0.828340 0.014502 0.017463
0 0.438884 0.616305 0.017036 0.021026
0 0.558231 0.318177 0.019746 0.023188
0 0.458988 0.317137 0.013689 0.017463
0 0.944668 0.296080 0.016402 0.019597
0 0.696196 0.054946 0.015008 0.018465
0 0.099167 0.593841 0.014539 0.017708
0 0.136799 0.497400 0.015131 0.019243
0 0.061150 0.418376 0.015843 0.019298
0 0.216258 0.450501 0.016797 0.021747
0 0.019659 0.370555 0.010602 0.013523
0 0.252518 0.292569 0.016497 0.020834
0 0.464477 0.395543 0.011920 0.014117
0 0.961453 0.180072 0.012865 0.017203
0 0.340356 0.076330 0.013745 0.016923
0 0.923855 0.415137 0.014622 0.018618
0 0.294864 0.127291 0.014958 0.018072
0 0.330918 0.291517 0.013996 0.019355
0 0.918208 0.456657 0.014683 0.018557
0 0.554963 0.981262 0.015860 0.019205
0 0.914689 0.816148 0.012794 0.017550
0 0.985572 0.489267 0.022316 0.024677
0 0.569457 0.167091 0.011344 0.013731
0 0.364891 0.008563 0.015175 0.014695
0 0.378332 0.166539 0.011773 0.015914
0 0.778708 0.458393 0.016700 0.021219
0 0.865177 0.067984 0.016344 0.022146
0 0.751014 0.653893 0.014648 0.019708
0 0.684954 0.287140 0.014307 0.018847
0 0.699242 0.248834 0.012124 0.014293
0 0.062932 0.484699 0.016723 0.021728
0 0.303043 0.053623 0.015576 0.019373
0 0.309713 0.102313 0.014275 0.016609
0 0.660709 0.806392 0.011048 0.015326
0 0.616634 0.326668 0.012920 0.016259
0 0.265248 0.116688 0.014153 0.017027
0 0.332431 0.930352 0.011533 0.012579
0 0.741499 0.764575 0.016694 0.018523
0 0.294801 0.125912 0.016797 0.023389
0 0.417727 0.465556 0.016584 0.020649
0 0.733040 0.754742 0.021228 0.025349
0 0.532653 0.201931 0.010800 0.013555
