0 0.704165 0.272629 0.015811 0.021033
0 0.556828 0.524065 0.026793 0.035634
0 0.925411 0.773425 0.015903 0.019000
0 0.026705 0.345878 0.018970 0.021316
0 0.211266 0.322944 0.021119 0.027748
0 0.902152 0.774841 0.019414 0.023274
0 0.309071 0.008631 0.014238 0.013501
0 0.759167 0.711147 0.017868 0.022214
0 0.236749 0.921310 0.015626 0.019867
0 0.720154 0.255176 0.015585 0.021745
0 0.166299 0.022236 0.017322 0.021853
0 0.683890 0.286519 0.014490 0.020904
0 0.304957 0.580247 0.018415 0.020666
0 0.063651 0.275375 0.014365 0.017108
0 0.417352 0.855071 0.015247 0.019686
0 0.699892 0.765320 0.015345 0.019758
0 0.724380 0.742625 0.016124 0.019560
0 0.427749 0.427629 0.016107 0.019150
0 0.313983 0.554900 0.016451 0.020714
0 0.402362 0.237259 0.019526 0.023776
0 0.899637 0.467786 0.016386 0.019009
0 0.249476 0.387071 0.016212 0.019845
0 0.982333 0.649436 0.017346 0.021909
0 0.358304 0.917412 0.018798 0.023480
0 0.358835 0.827610 0.015854 0.019643
0 0.321314 0.423768 0.017802 0.023819
0 0.540678 0.349666 0.014802 0.017493
0 0.236590 0.315257 0.017986 0.025583
0 0.607301 0.640077 0.016867 0.021914
0 0.675874 0.961716 0.016526 0.020954
0 0.750040 0.511470 0.017849 0.022427
0 0.732808 0.983601 0.016277 0.018988
0 0.149457 0.444355 0.018535 0.024649
0 0.074178 0.176009 0.016545 0.019254
0 0.939904 0.810386 0.015698 0.019605
0 0.060464 0.336800 0.016992 0.019597
0 0.300324 0.050348 0.015916 0.020950
0 0.794201 0.927191 0.014373 0.017635
0 0.602943 0.861044 0.017372 0.023075
0 0.957279 0.616246 0.016501 0.019009
0 0.797245 0.822518 0.016975 0.021069
0 0.296716 0.128257 0.016485 0.021830
0 0.135975 0.361482 0.016982 0.021749
0 0.932748 0.878549 0.014851 0.018055
0 0.489822 0.458970 0.017635 0.024417
0 0.433896 0.244405 0.015099 0.019280
0 0.775159 0.936297 0.016207 0.019885
0 0.834576 0.326422 0.018043 0.023000
0 0.961778 0.971610 0.016576 0.021856
0 0.384703 0.844673 0.016331 0.021030
0 0.080570 0.251221 0.015362 0.019534
0 0.425153 0.888744 0.017129 0.021029
0 0.334549 0.290591 0.016439 0.020667
0 0.431610 0.753163 0.016863 0.020254
0 0.230788 0.369508 0.016317 0.020824
0 0.248240 0.516484 0.017452 0.021802
0 0.995766 0.777148 0.008468 0.020989
0 0.597142 0.185793 0.016299 0.019716
0 0.217651 0.452129 0.017370 0.020784
0 0.415854 0.550918 0.018513 0.022331
0 0.543699 0.435463 0.019727 0.020340
0 0.081875 0.910663 0.017596 0.022924
0 0.225211 0.632431 0.018723 0.022885
0 0.955540 0.291580 0.015961 0.023040
0 0.598888 0.837714 0.012699 0.012189
0 0.703407 0.738008 0.015545 0.022246
0 0.940316 0.983955 0.012978 0.017331
0 0.920010 0.666958 0.015506 0.018479
0 0.237761 0.897547 0.013032 0.016423
0 0.659815 0.112282 0.014993 0.020018
0 0.701025 0.249233 0.010609 0.014297
0 0.903962 0.730863 0.014888 0.019532
0 0.540546 0.674549 0.017999 0.021636
0 0.843157 0.986644 0.017137 0.019587
0 0.919920 0.978113 0.014934 0.016713
0 0.349254 0.734954 0.020650 0.022489
0 0.838492 0.921522 0.017078 0.019816
0 0.780215 0.457602 0.018374 0.025170
0 0.414992 0.092231 0.017409 0.022660
0 0.437280 0.620799 0.017973 0.022122
0 0.861287 0.381870 0.015483 0.022087
0 0.555794 0.313932 0.017879 0.021438
0 0.620327 0.060264 0.018107 0.021608
0 0.419156 0.446004 0.013826 0.014926
0 0.695174 0.057264 0.017280 0.020892
0 0.348056 0.544226 0.015547 0.020191
0 0.348467 0.810059 0.015409 0.018410
0 0.423740 0.153049 0.015934 0.021912
0 0.188378 0.652071 0.016059 0.020353
0 0.145959 0.114136 0.016024 0.018889
0 0.688053 0.713348 0.018553 0.020211
0 0.391312 0.338713 0.016662 0.019648
0 0.849449 0.569764 0.017455 0.021676
0 0.870873 0.250626 0.016330 0.022038
0 0.243309 0.674156 0.019014 0.021834
0 0.434364 0.402769 0.018196 0.021973
0 0.352558 0.634143 0.018945 0.022851
0 0.367514 0.007817 0.015517 0.014275
0 0.162788 0.487619 0.014918 0.018757
0 0.944670 0.790453 0.015352 0.017793
0 0.870021 0.145925 0.014642 0.017860
0 0.595793 0.298685 0.011210 0.013206
0 0.316493 0.100958 0.017838 0.020010
0 0.707609 0.902622 0.013030 0.017874
0 0.963467 0.467086 0.015767 0.019659
0 0.947075 0.342224 0.019328 0.023382
0 0.477839 0.304541 0.016055 0.019846
0 0.360642 0.469452 0.017204 0.022816
0 0.207310 0.548744 0.012054 0.013803
0 0.425076 0.468743 0.015407 0.018716
0 0.046156 0.383771 0.015748 0.019879
0 0.935383 0.737800 0.014471 0.018326
0 0.837967 0.919090 0.019700 0.024161
0 0.923627 0.748450 0.013514 0.016078
0 0.944659 0.456872 0.015220 0.020896
0 0.104019 0.466972 0.016696 0.015338
0 0.204232 0.773196 0.014876 0.019305
0 0.854850 0.786535 0.014146 0.018357
0 0.993068 0.162219 0.013580 0.018362
0 0.899851 0.444326 0.015476 0.016484
0 0.061236 0.422331 0.015917 0.018616
0 0.780368 0.504718 0.014679 0.019434
0 0.876048 0.701583 0.015755 0.020240
0 0.636863 0.508557 0.020425 0.024868
0 0.650337 0.095093 0.014674 0.017205
0 0.595372 0.955507 0.013933 0.016437
0 0.074197 0.993316 0.015186 0.012392
0 0.066349 0.342118 0.014589 0.019882
0 0.037153 0.516484 0.011265 0.013514
0 0.965764 0.150196 0.015350 0.020367
0 0.517681 0.743131 0.015244 0.019474
0 0.962264 0.180644 0.013064 0.016090
0 0.364651 0.293729 0.013045 0.015300
0 0.932477 0.322798 0.016680 0.020875
0 0.267248 0.116002 0.014108 0.018908
0 0.353990 0.483525 0.015790 0.016087
0 0.557537 0.981051 0.015754 0.018876
0 0.752073 0.654070 0.015533 0.020187
0 0.106461 0.642537 0.014749 0.017118
0 0.232145 0.661533 0.012823 0.018156
0 0.296803 0.284263 0.018364 0.018667
0 0.105081 0.539970 0.017731 0.020764
0 0.837409 0.907784 0.019747 0.026577
0 0.500962 0.417266 0.014282 0.016265
0 0.810119 0.064379 0.011407 0.014478
0 0.997032 0.132550 0.005937 0.019753
0 0.932389 0.475526 0.013918 0.018397
0 0.532129 0.533808 0.014488 0.018626
0 0.062053 0.338234 0.019874 0.024384
0 0.774389 0.704961 0.012935 0.017375
0 0.037995 0.359200 0.012122 0.015571
0 0.222624 0.625521 0.019324 0.031227
0 0.506202 0.558740 0.011069 0.012170
0 0.106403 0.537328 0.017045 0.022320
0 0.321407 0.561345 0.015067 0.024642
0 0.405832 0.844403 0.013381 0.019187
0 0.110107 0.539017 0.017468 0.021240
