0 0.703284 0.267166 0.017558 0.022844
0 0.559324 0.521748 0.022662 0.029562
0 0.314505 0.584705 0.016366 0.020671
0 0.420904 0.845012 0.017731 0.020234
0 0.553354 0.465596 0.016895 0.018137
0 0.984301 0.646889 0.017633 0.023002
0 0.977835 0.855638 0.016848 0.020146
0 0.322004 0.102387 0.016294 0.022950
0 0.411840 0.105642 0.017978 0.022017
0 0.101569 0.452276 0.017785 0.021193
0 0.035878 0.574935 0.019814 0.022967
0 0.499347 0.854550 0.018383 0.024079
0 0.213481 0.317747 0.019946 0.025090
0 0.141860 0.359789 0.017453 0.021920
0 0.580653 0.478525 0.016322 0.021674
0 0.725156 0.251048 0.017881 0.026239
0 0.440690 0.860348 0.016302 0.020030
0 0.386183 0.013536 0.015412 0.018802
0 0.679959 0.279929 0.017402 0.021405
0 0.177144 0.304276 0.014744 0.017363
0 0.252946 0.516114 0.019420 0.023361
0 0.682916 0.117011 0.016444 0.020689
0 0.048208 0.704278 0.016407 0.020545
0 0.473937 0.513073 0.018417 0.023636
0 0.408696 0.227808 0.016560 0.021073
0 0.166622 0.013541 0.019560 0.021550
0 0.687521 0.707916 0.018600 0.023698
0 0.216009 0.447926 0.017011 0.020937
0 0.320580 0.555305 0.018036 0.021502
0 0.805278 0.761986 0.017890 0.019771
0 0.438585 0.397485 0.016645 0.021454
0 0.528754 0.041888 0.017270 0.019981
0 0.628771 0.061558 0.017527 0.021059
0 0.249290 0.383155 0.015410 0.020259
0 0.347608 0.805322 0.016186 0.018354
0 0.474188 0.890668 0.017711 0.021983
0 0.852050 0.566560 0.018502 0.021829
0 0.619016 0.089647 0.013904 0.017299
0 0.438804 0.745240 0.016374 0.020318
0 0.274851 0.664341 0.018079 0.021970
0 0.492600 0.295986 0.016640 0.019801
0 0.318062 0.808449 0.016531 0.019841
0 0.942791 0.326207 0.018096 0.021569
0 0.305687 0.117696 0.014558 0.018623
0 0.778600 0.447871 0.018656 0.022608
0 0.130026 0.223810 0.016532 0.020636
0 0.422870 0.146671 0.018122 0.022845
0 0.925555 0.897929 0.020595 0.023816
0 0.911228 0.168574 0.016860 0.021393
0 0.231625 0.364477 0.016843 0.020919
0 0.703210 0.054932 0.018426 0.021812
0 0.378953 0.657850 0.015379 0.018081
0 0.946009 0.448887 0.018992 0.022933
0 0.904694 0.773520 0.019924 0.024126
0 0.441339 0.612032 0.017367 0.019684
0 0.298222 0.284995 0.015943 0.020736
0 0.557369 0.487717 0.015122 0.018317
0 0.792768 0.818233 0.020690 0.024933
0 0.756750 0.641984 0.018388 0.020631
0 0.416267 0.571361 0.015655 0.019870
0 0.231317 0.423588 0.015169 0.019182
0 0.362032 0.475118 0.015054 0.019620
0 0.547500 0.437860 0.014908 0.017512
0 0.241091 0.823305 0.015579 0.019305
0 0.333189 0.671111 0.013115 0.015515
0 0.898012 0.682698 0.019128 0.022701
0 0.679072 0.953367 0.017491 0.022602
0 0.533646 0.529582 0.015393 0.019191
0 0.433178 0.241578 0.014879 0.017809
0 0.901527 0.722129 0.019261 0.021765
0 0.144321 0.107782 0.017044 0.020787
0 0.697839 0.761244 0.016139 0.020236
0 0.489714 0.456211 0.016553 0.021166
0 0.338347 0.136613 0.019750 0.023033
0 0.824689 0.830312 0.018131 0.022410
0 0.888754 0.613136 0.015780 0.018900
0 0.242920 0.326387 0.019288 0.023543
0 0.149700 0.440350 0.017119 0.020809
0 0.557611 0.302399 0.021498 0.023262
0 0.427030 0.454230 0.017383 0.018461
0 0.113619 0.317752 0.018655 0.022697
0 0.337237 0.282407 0.016286 0.019571
0 0.488513 0.970207 0.017423 0.019338
0 0.959466 0.959871 0.017888 0.023716
0 0.972563 0.100324 0.015222 0.021418
0 0.604716 0.853200 0.018650 0.024178
0 0.908230 0.049998 0.016671 0.025944
0 0.607911 0.175773 0.017022 0.020946
0 0.021081 0.133911 0.016967 0.017614
0 0.425136 0.544425 0.017760 0.021775
0 0.902006 0.962440 0.018160 0.020201
0 0.248855 0.675106 0.012898 0.016250
0 0.561807 0.084439 0.014539 0.018354
0 0.035225 0.531669 0.017084 0.021111
0 0.959896 0.231750 0.013406 0.015834
0 0.436501 0.975478 0.016759 0.019605
0 0.058787 0.419291 0.015873 0.018729
0 0.434073 0.098566 0.017478 0.022521
0 0.175318 0.370795 0.013470 0.016514
0 0.960574 0.174657 0.015706 0.018418
0 0.049513 0.376139 0.016602 0.020772
0 0.516337 0.736975 0.016073 0.020419
0 0.672334 0.651802 0.012713 0.015283
0 0.994111 0.773272 0.011779 0.024509
0 0.996785 0.126918 0.006429 0.020933
0 0.816289 0.629278 0.015646 0.018282
0 0.527151 0.004308 0.014934 0.008617
0 0.645604 0.485043 0.016090 0.019000
0 0.044467 0.558354 0.011854 0.012309
0 0.298110 0.584507 0.012817 0.017832
0 0.703073 0.240093 0.011838 0.014452
0 0.159223 0.561109 0.017395 0.022564
0 0.028185 0.875193 0.014181 0.016042
0 0.432300 0.233057 0.014972 0.029264
0 0.266432 0.112351 0.017815 0.021500
0 0.647767 0.754152 0.013606 0.015916
0 0.053374 0.759901 0.012466 0.015213
0 0.183805 0.367877 0.012766 0.016102
0 0.232361 0.422895 0.018175 0.023203
0 0.177747 0.370166 0.018422 0.017141
0 0.154135 0.572870 0.014053 0.015317
0 0.350315 0.853157 0.014964 0.018328
0 0.398513 0.862427 0.014311 0.017314
0 0.672374 0.521034 0.010896 0.013071
0 0.815281 0.626802 0.017684 0.020915
0 0.084630 0.195478 0.013986 0.016606
0 0.585549 0.082347 0.011327 0.014233
0 0.672155 0.650540 0.016537 0.020293
0 0.586560 0.012594 0.011560 0.016694
0 0.306639 0.584608 0.027276 0.022876
