0 0.313473 0.317142 0.021688 0.024067
0 0.204467 0.014449 0.020708 0.023023
0 0.241428 0.556116 0.017947 0.022057
0 0.243741 0.744136 0.014874 0.018722
0 0.158529 0.292194 0.019260 0.025533
0 0.780211 0.238359 0.017719 0.021070
0 0.008404 0.477121 0.016808 0.024644
0 0.780679 0.941793 0.020420 0.024669
0 0.208318 0.376742 0.018203 0.020781
0 0.133946 0.741774 0.016561 0.020819
0 0.047265 0.420274 0.016343 0.021026
0 0.436504 0.337878 0.018834 0.022943
0 0.094745 0.506906 0.018050 0.022444
0 0.910077 0.959351 0.022393 0.034179
0 0.131621 0.287746 0.020394 0.025177
0 0.775053 0.380174 0.021588 0.022909
0 0.877741 0.234955 0.018942 0.023463
0 0.553878 0.564656 0.022864 0.028969
0 0.920729 0.885626 0.017594 0.021240
0 0.091471 0.871584 0.022035 0.026002
0 0.132682 0.812565 0.018327 0.025719
0 0.063467 0.714911 0.018204 0.021810
0 0.019359 0.426578 0.014880 0.020330
0 0.187721 0.356680 0.017074 0.022395
0 0.270101 0.741864 0.016225 0.020816
0 0.484342 0.150083 0.018269 0.024748
0 0.641981 0.306130 0.020325 0.022575
0 0.600065 0.724679 0.018854 0.023836
0 0.568104 0.310054 0.017935 0.025135
0 0.599255 0.221272 0.019311 0.024478
0 0.341807 0.338924 0.016794 0.020407
0 0.214243 0.745268 0.014740 0.017915
0 0.310277 0.156560 0.018037 0.022731
0 0.707129 0.544433 0.019511 0.025102
0 0.545311 0.182272 0.018384 0.021480
0 0.249024 0.588531 0.018082 0.019840
0 0.161274 0.894181 0.020463 0.026126
0 0.318868 0.428543 0.019282 0.023186
0 0.479118 0.055993 0.021286 0.025540
0 0.074420 0.303747 0.020109 0.024613
0 0.781174 0.689921 0.019610 0.023351
0 0.881832 0.131970 0.019273 0.022515
0 0.306283 0.511340 0.017996 0.022827
0 0.889332 0.287385 0.024432 0.025272
0 0.476959 0.481293 0.017252 0.020605
0 0.533211 0.699496 0.018411 0.020888
0 0.265228 0.543584 0.016423 0.022348
0 0.107294 0.190943 0.016773 0.021638
0 0.873996 0.880056 0.018540 0.023103
0 0.311551 0.266994 0.018406 0.021970
0 0.270625 0.578014 0.014873 0.018685
0 0.981737 0.292192 0.017471 0.021129
0 0.803956 0.090244 0.019094 0.020455
0 0.871678 0.635557 0.020523 0.024467
0 0.310272 0.660085 0.017869 0.024238
0 0.548531 0.659901 0.015937 0.019974
0 0.253939 0.063878 0.018550 0.023313
0 0.609114 0.155880 0.017095 0.021408
0 0.825641 0.212029 0.016975 0.021869
0 0.417038 0.244685 0.018276 0.021078
0 0.581941 0.675136 0.016631 0.021655
0 0.558647 0.114011 0.017775 0.020169
0 0.622844 0.466688 0.017158 0.020295
0 0.557920 0.531260 0.020035 0.021974
0 0.137593 0.625314 0.018415 0.022662
0 0.319712 0.859768 0.022401 0.026072
0 0.800520 0.875670 0.019683 0.024061
0 0.775987 0.212996 0.015425 0.018075
0 0.449349 0.314457 0.017231 0.020237
0 0.522970 0.410195 0.020536 0.025269
0 0.911542 0.906077 0.015144 0.018936
0 0.204628 0.579119 0.017133 0.020138
0 0.889707 0.421394 0.019109 0.023948
0 0.900752 0.108390 0.020183 0.024031
0 0.634414 0.508299 0.019367 0.022599
0 0.004650 0.028483 0.009299 0.024192
0 0.838294 0.427410 0.019794 0.021984
0 0.499066 0.084395 0.016562 0.022825
0 0.322850 0.243452 0.017676 0.021602
0 0.104623 0.942120 0.020509 0.023804
0 0.111415 0.805148 0.017085 0.025614
0 0.937973 0.680885 0.018413 0.022479
0 0.296362 0.122052 0.017519 0.022192
0 0.348938 0.276216 0.015398 0.017985
0 0.125851 0.207975 0.014213 0.017999
0 0.317236 0.097121 0.018105 0.021354
0 0.337970 0.296227 0.015061 0.020683
0 0.432742 0.671978 0.020474 0.023240
0 0.036978 0.182922 0.018946 0.024628
0 0.291068 0.339305 0.014890 0.018203
0 0.187439 0.728407 0.023791 0.029792
0 0.185202 0.722346 0.028581 0.038911
0 0.996781 0.277252 0.006439 0.020567
0 0.299657 0.369814 0.026397 0.030484
0 0.555734 0.160475 0.014984 0.017837
0 0.482980 0.261124 0.015757 0.020180
0 0.188981 0.734720 0.017591 0.019342
0 0.348726 0.015825 0.015586 0.020489
0 0.997019 0.245556 0.005961 0.023130
0 0.186437 0.714296 0.022315 0.023276
0 0.561137 0.078988 0.020009 0.021584
0 0.402216 0.342364 0.012946 0.016847
0 0.877857 0.385631 0.015424 0.016492
