0 0.484321 0.133642 0.018951 0.024791
0 0.721857 0.542807 0.016662 0.021666
0 0.655546 0.051016 0.016549 0.021108
0 0.516056 0.966987 0.022430 0.026038
0 0.630906 0.947377 0.019183 0.024370
0 0.283689 0.388616 0.019039 0.023560
0 0.665596 0.144714 0.025050 0.024610
0 0.044905 0.071015 0.017247 0.024043
0 0.125579 0.167387 0.020789 0.025591
0 0.392020 0.089167 0.016235 0.020016
0 0.787145 0.654599 0.016921 0.021295
0 0.742079 0.211208 0.018722 0.022207
0 0.792421 0.854711 0.014515 0.019791
0 0.760801 0.898316 0.020784 0.024214
0 0.312982 0.040910 0.015527 0.020474
0 0.039658 0.935585 0.017388 0.023617
0 0.459571 0.967678 0.017430 0.019764
0 0.778723 0.989298 0.014680 0.017818
0 0.254899 0.467479 0.020064 0.024543
0 0.043366 0.905854 0.014526 0.018084
0 0.860960 0.522199 0.018574 0.022325
0 0.676350 0.991891 0.014770 0.014711
0 0.708009 0.588978 0.015991 0.021707
0 0.654297 0.854190 0.016293 0.020847
0 0.818265 0.871967 0.016821 0.020961
0 0.381742 0.040136 0.016145 0.019548
0 0.658693 0.682611 0.016902 0.022783
0 0.856971 0.549784 0.017414 0.021770
0 0.469069 0.677230 0.018010 0.022734
0 0.224654 0.511192 0.018320 0.022053
0 0.551017 0.062112 0.014705 0.018026
0 0.758851 0.053660 0.018872 0.022957
0 0.328163 0.102948 0.018196 0.023978
0 0.938602 0.890798 0.014343 0.018179
0 0.847170 0.032922 0.014698 0.017408
0 0.808122 0.641530 0.018187 0.021594
0 0.396997 0.010945 0.015040 0.017580
0 0.384375 0.652536 0.014769 0.018827
0 0.634617 0.674821 0.015290 0.018974
0 0.536944 0.435562 0.017239 0.022088
0 0.521930 0.636652 0.016090 0.020371
0 0.070792 0.040368 0.018975 0.021937
0 0.743376 0.520476 0.013265 0.018751
0 0.817451 0.269531 0.017824 0.022160
0 0.173716 0.251001 0.014943 0.017883
0 0.300599 0.099964 0.015484 0.019783
0 0.320496 0.894957 0.018569 0.023207
0 0.793772 0.268377 0.014441 0.019329
0 0.304878 0.827660 0.017125 0.020306
0 0.244257 0.983210 0.015654 0.019932
0 0.010215 0.067505 0.018709 0.020536
0 0.520220 0.074190 0.015434 0.020410
0 0.064910 0.944816 0.017493 0.022273
0 0.971483 0.214346 0.011544 0.014991
0 0.424933 0.038513 0.017221 0.022228
0 0.882665 0.665582 0.019253 0.022913
0 0.580293 0.715363 0.015501 0.018487
0 0.747420 0.567639 0.019169 0.023096
0 0.794559 0.777827 0.017821 0.020824
0 0.509936 0.288796 0.019613 0.023953
0 0.012816 0.502210 0.015933 0.020377
0 0.437508 0.128953 0.017732 0.023510
0 0.810700 0.419504 0.016066 0.020628
0 0.123339 0.133144 0.016403 0.019444
0 0.091137 0.851529 0.018437 0.023974
0 0.219828 0.965747 0.016827 0.020095
0 0.120888 0.491591 0.017052 0.022082
0 0.466863 0.868655 0.014803 0.018079
0 0.020926 0.893952 0.015485 0.020723
0 0.829514 0.576316 0.015638 0.018746
0 0.011623 0.657006 0.018886 0.021116
0 0.634251 0.390790 0.015619 0.020602
0 0.615171 0.693769 0.017039 0.021518
0 0.062103 0.811249 0.018003 0.025023
0 0.371297 0.850179 0.020643 0.023836
0 0.022020 0.013943 0.015952 0.023614
0 0.842740 0.974632 0.015584 0.019395
0 0.290619 0.022059 0.017583 0.021927
0 0.666209 0.828289 0.014728 0.016109
0 0.879727 0.934959 0.015924 0.021244
0 0.915005 0.140746 0.016009 0.021362
0 0.462979 0.915369 0.017666 0.021592
0 0.843260 0.064862 0.014987 0.019189
0 0.028977 0.480065 0.015459 0.018695
0 0.854586 0.673282 0.019333 0.022883
0 0.487899 0.562163 0.016285 0.019612
0 0.113167 0.540856 0.017473 0.021476
0 0.220034 0.230801 0.017504 0.021433
0 0.211842 0.320338 0.016623 0.019967
0 0.135767 0.236414 0.017568 0.022597
0 0.531421 0.339859 0.016871 0.021927
0 0.832143 0.728253 0.017760 0.021555
0 0.456135 0.261973 0.017034 0.022708
0 0.244202 0.530495 0.016087 0.020720
0 0.369352 0.643419 0.015103 0.021014
0 0.280055 0.448879 0.018245 0.022268
0 0.667899 0.599471 0.017994 0.025237
0 0.051865 0.109086 0.015669 0.019533
0 0.682502 0.697169 0.018580 0.022094
0 0.892522 0.101098 0.017342 0.023542
0 0.462721 0.136148 0.015188 0.022269
0 0.318463 0.848779 0.015468 0.018688
0 0.806451 0.986629 0.014898 0.019645
0 0.579157 0.368395 0.018870 0.023117
0 0.993432 0.736164 0.013136 0.021668
0 0.526679 0.121451 0.012260 0.013974
0 0.814740 0.061874 0.013943 0.026425
0 0.835252 0.909503 0.017049 0.021236
0 0.635553 0.070304 0.014419 0.018149
0 0.106584 0.077727 0.016044 0.020606
0 0.312223 0.017077 0.015046 0.019990
0 0.471578 0.620546 0.016860 0.021647
0 0.142744 0.943885 0.014954 0.020506
0 0.995664 0.890663 0.008672 0.021981
0 0.349882 0.041522 0.015921 0.018689
0 0.334709 0.012454 0.016953 0.021461
0 0.383724 0.525112 0.013853 0.018297
0 0.395373 0.682625 0.014755 0.019319
0 0.687367 0.031536 0.016243 0.019314
0 0.957409 0.526003 0.016951 0.021208
0 0.066755 0.157044 0.011685 0.016803
0 0.009442 0.704170 0.016499 0.019116
0 0.613387 0.111610 0.017270 0.021972
0 0.891424 0.990009 0.017027 0.016797
0 0.187402 0.961078 0.016660 0.023364
0 0.630925 0.807643 0.017976 0.025948
0 0.375113 0.008223 0.016284 0.014316
0 0.821069 0.969176 0.018073 0.021114
0 0.458433 0.365439 0.015243 0.018006
0 0.025517 0.767420 0.017408 0.021431
0 0.667017 0.543059 0.019113 0.023220
0 0.230629 0.617926 0.016664 0.019231
0 0.242755 0.799296 0.020561 0.026479
0 0.430190 0.657674 0.018361 0.022569
0 0.447970 0.757690 0.012266 0.016469
0 0.278548 0.572505 0.015906 0.020026
0 0.364587 0.976402 0.014860 0.017635
0 0.843536 0.006060 0.015478 0.012120
0 0.531362 0.992296 0.015784 0.014452
0 0.482581 0.281772 0.013434 0.018472
0 0.070445 0.075303 0.014767 0.023245
0 0.715840 0.261532 0.015734 0.020166
0 0.081184 0.509059 0.016035 0.021007
0 0.085492 0.935196 0.012350 0.014399
0 0.760415 0.976816 0.015610 0.018434
0 0.559054 0.452467 0.012859 0.016618
0 0.738688 0.590317 0.015445 0.018378
0 0.873076 0.056552 0.012677 0.014795
0 0.094469 0.965274 0.015391 0.019091
0 0.524211 0.701726 0.017468 0.024007
0 0.783350 0.077406 0.017203 0.022440
0 0.207358 0.287285 0.012513 0.015206
0 0.425830 0.196477 0.011342 0.015374
0 0.221538 0.008956 0.011626 0.014790
0 0.330115 0.049025 0.014664 0.020964
0 0.996819 0.263233 0.006363 0.021232
0 0.173771 0.670119 0.016778 0.021146
0 0.744539 0.413580 0.012273 0.017325
0 0.037646 0.876716 0.013946 0.018055
0 0.364333 0.953629 0.013927 0.018303
0 0.825362 0.045103 0.010511 0.015475
0 0.161791 0.119736 0.013954 0.017152
0 0.368532 0.436615 0.012795 0.016362
0 0.497005 0.387770 0.015954 0.020272
0 0.597967 0.376567 0.011219 0.015643
0 0.297153 0.531584 0.012935 0.015379
0 0.191416 0.276317 0.012077 0.014981
0 0.385838 0.615621 0.011553 0.014292
0 0.412880 0.918989 0.012511 0.017922
0 0.415359 0.326449 0.012029 0.015325
0 0.174983 0.343158 0.016785 0.020421
0 0.791452 0.165741 0.012569 0.015865
0 0.557443 0.239767 0.012647 0.015035
0 0.488718 0.527251 0.012836 0.014530
0 0.512958 0.680499 0.012706 0.016215
0 0.826871 0.250062 0.012717 0.015012
0 0.876836 0.027284 0.016434 0.016785
0 0.588791 0.539939 0.012083 0.016184
0 0.056085 0.517823 0.013161 0.017833
0 0.710565 0.981001 0.011887 0.014969
0 0.245736 0.251353 0.011499 0.015874
0 0.657054 0.193431 0.012159 0.015836
0 0.751044 0.473816 0.013197 0.016939
0 0.995265 0.329172 0.009470 0.015708
0 0.956492 0.211860 0.011282 0.016148
0 0.471798 0.838396 0.013778 0.018389
0 0.447697 0.005778 0.014344 0.010577
0 0.513504 0.008277 0.012110 0.014208
0 0.050164 0.133860 0.011973 0.016656
0 0.471128 0.833875 0.013730 0.014323
