0 0.812356 0.645652 0.017605 0.022965
0 0.520658 0.966324 0.022078 0.025322
0 0.119122 0.171053 0.021306 0.026755
0 0.639258 0.960834 0.020349 0.024231
0 0.865841 0.583518 0.018883 0.022468
0 0.790835 0.652493 0.018439 0.021682
0 0.123486 0.492834 0.017133 0.021556
0 0.257560 0.465796 0.020710 0.025193
0 0.655431 0.600994 0.018967 0.023865
0 0.664607 0.038825 0.019417 0.022190
0 0.689965 0.029736 0.014564 0.019344
0 0.469382 0.677525 0.016079 0.019863
0 0.487820 0.129459 0.019285 0.025075
0 0.311891 0.017030 0.015007 0.020913
0 0.651394 0.695752 0.015381 0.019405
0 0.762868 0.053699 0.018925 0.024935
0 0.677953 0.614220 0.018095 0.023041
0 0.314547 0.042591 0.016657 0.021549
0 0.495475 0.689316 0.017553 0.019449
0 0.676125 0.699616 0.017650 0.023518
0 0.509462 0.313062 0.019012 0.022843
0 0.092789 0.567943 0.018400 0.023309
0 0.395087 0.087598 0.016294 0.019409
0 0.757538 0.943403 0.019661 0.024318
0 0.286395 0.387362 0.018644 0.021584
0 0.422044 0.148745 0.018639 0.021592
0 0.091181 0.174580 0.017290 0.020675
0 0.853302 0.061309 0.016067 0.020385
0 0.330157 0.100817 0.016929 0.021933
0 0.426436 0.719025 0.018001 0.020412
0 0.735277 0.222372 0.017617 0.022061
0 0.617175 0.888799 0.018386 0.022545
0 0.348125 0.042539 0.016329 0.022055
0 0.710085 0.585250 0.017139 0.021001
0 0.292806 0.028689 0.017069 0.020602
0 0.053246 0.080328 0.017434 0.021982
0 0.868240 0.555424 0.018017 0.020894
0 0.303537 0.100105 0.016798 0.019781
0 0.254895 0.945621 0.017732 0.020837
0 0.022219 0.080699 0.020077 0.020218
0 0.507013 0.759286 0.020241 0.024352
0 0.630753 0.175722 0.022223 0.027520
0 0.282723 0.455225 0.018561 0.022519
0 0.047876 0.905053 0.015520 0.018528
0 0.819683 0.990753 0.017453 0.016627
0 0.501067 0.097202 0.016123 0.019732
0 0.103176 0.285778 0.016960 0.019820
0 0.823810 0.878829 0.019057 0.022193
0 0.427987 0.040407 0.020844 0.024180
0 0.387165 0.655801 0.014287 0.018355
0 0.615939 0.435010 0.017147 0.022098
0 0.789596 0.928678 0.017850 0.020834
0 0.065840 0.048921 0.020513 0.023388
0 0.539426 0.438116 0.019018 0.022240
0 0.136956 0.236185 0.016409 0.021599
0 0.012097 0.509433 0.018027 0.021854
0 0.917574 0.145365 0.016636 0.020381
0 0.042332 0.936563 0.016027 0.023317
0 0.722235 0.564125 0.017897 0.021639
0 0.857328 0.676025 0.017530 0.021219
0 0.792562 0.450025 0.017653 0.021097
0 0.186480 0.565792 0.017753 0.022614
0 0.860465 0.032413 0.015837 0.019136
0 0.459539 0.262682 0.018593 0.021996
0 0.658847 0.890844 0.017443 0.019818
0 0.850723 0.771572 0.017697 0.021983
0 0.310820 0.833051 0.016402 0.020787
0 0.752818 0.568866 0.019412 0.023271
0 0.887682 0.954085 0.017146 0.020916
0 0.792974 0.783875 0.018122 0.022064
0 0.021368 0.894721 0.016746 0.021767
0 0.786788 0.080272 0.018194 0.024447
0 0.220128 0.326923 0.017059 0.021051
0 0.539962 0.080665 0.015298 0.017991
0 0.402283 0.354724 0.012646 0.014504
0 0.685618 0.286953 0.017162 0.020954
0 0.557458 0.415380 0.017636 0.022274
0 0.942025 0.895183 0.015795 0.019868
0 0.222551 0.232206 0.017764 0.022786
0 0.345176 0.906580 0.021586 0.025815
0 0.831784 0.591700 0.015512 0.018442
0 0.074809 0.119316 0.018143 0.022973
0 0.279917 0.898411 0.016253 0.020121
0 0.551409 0.808304 0.017318 0.021151
0 0.403747 0.033566 0.015215 0.018393
0 0.457701 0.588693 0.017162 0.021000
0 0.821937 0.966435 0.017636 0.020717
0 0.680420 0.992063 0.019238 0.014815
0 0.991987 0.785694 0.016026 0.021571
0 0.847315 0.962157 0.016424 0.022258
0 0.399767 0.953918 0.015776 0.018919
0 0.787016 0.286707 0.015633 0.018516
0 0.882590 0.730799 0.019366 0.022510
0 0.081930 0.859618 0.019094 0.022555
0 0.501820 0.365145 0.016629 0.021597
0 0.663073 0.676810 0.016706 0.020095
0 0.125741 0.716600 0.018566 0.026901
0 0.501508 0.393718 0.016479 0.020817
0 0.827759 0.283468 0.020562 0.022433
0 0.373508 0.644327 0.014725 0.018483
0 0.957231 0.554165 0.016998 0.022198
0 0.994745 0.341483 0.010510 0.019463
0 0.742831 0.590516 0.016124 0.018852
0 0.195834 0.525895 0.019443 0.021426
0 0.334934 0.562584 0.013966 0.018427
0 0.905029 0.112184 0.017791 0.023702
0 0.620223 0.723482 0.018761 0.023582
0 0.330391 0.731771 0.015732 0.020394
0 0.201181 0.658310 0.016832 0.023581
0 0.043942 0.876865 0.014108 0.017474
0 0.669497 0.866883 0.015046 0.017607
0 0.371879 0.972230 0.015735 0.018829
0 0.466246 0.140972 0.016551 0.020596
0 0.656831 0.076435 0.017448 0.021243
0 0.807831 0.058739 0.014882 0.026137
0 0.951039 0.217707 0.015273 0.019476
0 0.401536 0.009605 0.014736 0.015062
0 0.437172 0.671971 0.017362 0.022191
0 0.632192 0.179198 0.020977 0.025677
0 0.229630 0.647834 0.017532 0.023560
0 0.611502 0.111859 0.018828 0.026331
0 0.736852 0.828577 0.013424 0.018184
0 0.895090 0.987470 0.016203 0.019421
0 0.047815 0.118642 0.018053 0.022701
0 0.224505 0.276486 0.015028 0.017333
0 0.040031 0.588269 0.019526 0.023589
0 0.412523 0.975639 0.011786 0.015586
0 0.399080 0.229844 0.012023 0.015399
0 0.237910 0.807281 0.018513 0.021533
0 0.748896 0.974490 0.010931 0.012530
0 0.439189 0.378878 0.015452 0.018279
0 0.424293 0.010358 0.015693 0.016413
0 0.473561 0.323859 0.014114 0.016772
0 0.077164 0.384930 0.018937 0.023444
0 0.223147 0.009978 0.013359 0.015752
0 0.599571 0.526421 0.012936 0.015792
0 0.878311 0.058015 0.012803 0.017442
0 0.482152 0.472508 0.012611 0.017181
0 0.888871 0.561389 0.012753 0.015141
0 0.365674 0.950347 0.013415 0.016113
0 0.965657 0.236558 0.012964 0.015184
0 0.997019 0.278136 0.005962 0.018942
0 0.146673 0.658954 0.012502 0.016008
0 0.286335 0.709255 0.014280 0.014704
0 0.514198 0.152033 0.012949 0.016584
0 0.257786 0.971645 0.011564 0.015927
0 0.754830 0.894253 0.013543 0.017204
0 0.458197 0.859757 0.013837 0.016999
0 0.474435 0.538770 0.013305 0.017399
0 0.179183 0.311074 0.013298 0.017728
0 0.714230 0.488844 0.014177 0.014446
0 0.829080 0.038113 0.011059 0.014172
0 0.334511 0.014023 0.020092 0.025297
0 0.332671 0.047619 0.018229 0.025873
0 0.624115 0.100993 0.011285 0.013011
0 0.405120 0.669792 0.013260 0.016940
0 0.283251 0.531647 0.011819 0.014544
0 0.364156 0.325826 0.012556 0.014986
0 0.238892 0.753167 0.012517 0.016151
0 0.018266 0.607242 0.011034 0.014959
0 0.071629 0.076501 0.015997 0.021151
0 0.943975 0.373340 0.013368 0.017938
0 0.653874 0.277963 0.013407 0.019987
0 0.606621 0.058609 0.013248 0.014470
0 0.769631 0.379697 0.012339 0.015160
0 0.003023 0.866444 0.006045 0.019322
