0 0.436624 0.794887 0.018175 0.022937
0 0.951832 0.284064 0.020422 0.025745
0 0.529769 0.884166 0.020229 0.025645
0 0.662225 0.276337 0.018836 0.024370
0 0.346843 0.109943 0.016760 0.022190
0 0.528415 0.973346 0.019804 0.028439
0 0.832697 0.992632 0.017255 0.014372
0 0.980564 0.307901 0.018762 0.022146
0 0.438280 0.044374 0.022025 0.022573
0 0.411352 0.707548 0.020062 0.026239
0 0.066427 0.092063 0.016821 0.022595
0 0.234735 0.237600 0.017087 0.021432
0 0.990372 0.344277 0.018472 0.022971
0 0.986414 0.703126 0.020605 0.023941
0 0.780378 0.606139 0.019045 0.022810
0 0.267921 0.471555 0.019350 0.023444
0 0.551968 0.976142 0.017094 0.020646
0 0.319496 0.111066 0.018127 0.022573
0 0.290193 0.460702 0.015797 0.020764
0 0.546372 0.442263 0.018139 0.022644
0 0.297500 0.389154 0.019422 0.024915
0 0.343137 0.679668 0.019335 0.022880
0 0.393972 0.008186 0.015784 0.015639
0 0.007093 0.757181 0.014187 0.021746
0 0.216839 0.506704 0.016022 0.018273
0 0.132039 0.137301 0.018361 0.023154
0 0.357812 0.046004 0.015806 0.020079
0 0.131327 0.369962 0.018171 0.021579
0 0.865462 0.677999 0.018812 0.021684
0 0.988101 0.049248 0.021656 0.026142
0 0.467455 0.266613 0.018732 0.022819
0 0.503777 0.096135 0.018229 0.022644
0 0.736771 0.574474 0.016497 0.020430
0 0.723214 0.553814 0.018605 0.019458
0 0.656575 0.722425 0.020363 0.023332
0 0.671583 0.384617 0.018513 0.022869
0 0.495359 0.130652 0.021029 0.024761
0 0.673697 0.043456 0.018088 0.023330
0 0.756355 0.489844 0.019920 0.023621
0 0.769780 0.577678 0.017854 0.021946
0 0.652047 0.069065 0.016300 0.020185
0 0.357201 0.799649 0.017135 0.020155
0 0.133893 0.770441 0.019229 0.022317
0 0.691365 0.992979 0.018845 0.013614
0 0.051894 0.940816 0.016276 0.020259
0 0.857889 0.160216 0.020157 0.025213
0 0.177216 0.976418 0.016408 0.018944
0 0.148478 0.240267 0.016865 0.020148
0 0.372066 0.130945 0.017265 0.021901
0 0.360874 0.773516 0.016177 0.019827
0 0.084239 0.087566 0.012890 0.019673
0 0.042056 0.064879 0.021429 0.022799
0 0.823886 0.889383 0.019293 0.024041
0 0.738330 0.011249 0.020907 0.022498
0 0.018783 0.408291 0.015555 0.020127
0 0.248489 0.806978 0.019898 0.025387
0 0.070872 0.710529 0.020173 0.022851
0 0.010596 0.289775 0.019038 0.022979
0 0.405147 0.934619 0.018143 0.023681
0 0.007135 0.920412 0.014270 0.020613
0 0.541720 0.512170 0.021097 0.026621
0 0.548930 0.238304 0.015510 0.020434
0 0.344562 0.023847 0.016016 0.019717
0 0.842055 0.593870 0.018959 0.023128
0 0.476430 0.401982 0.018630 0.023932
0 0.402292 0.099639 0.016936 0.019925
0 0.327630 0.036132 0.012768 0.019057
0 0.908276 0.946573 0.016516 0.020763
0 0.884547 0.909858 0.016679 0.019940
0 0.773768 0.349467 0.017639 0.021287
0 0.132711 0.496217 0.017927 0.024046
0 0.629468 0.081267 0.017636 0.021379
0 0.651247 0.598644 0.021088 0.023936
0 0.911664 0.911621 0.017265 0.019916
0 0.044942 0.844604 0.016179 0.019790
0 0.010592 0.498569 0.016356 0.022134
0 0.269879 0.306130 0.017013 0.021903
0 0.808518 0.747479 0.021304 0.024142
0 0.318668 0.839506 0.017665 0.022470
0 0.410626 0.777642 0.018737 0.021575
0 0.300419 0.546996 0.016275 0.021528
0 0.410055 0.021015 0.014705 0.017933
0 0.353826 0.726347 0.019701 0.022706
0 0.079613 0.915606 0.016971 0.021091
0 0.306369 0.033819 0.017220 0.020069
0 0.477407 0.149292 0.018274 0.022339
0 0.037268 0.649835 0.017417 0.021778
0 0.091793 0.831135 0.018185 0.022396
0 0.154110 0.069745 0.017264 0.020993
0 0.596016 0.844916 0.017385 0.021836
0 0.018956 0.059043 0.012723 0.016771
0 0.801365 0.661157 0.019493 0.023025
0 0.047373 0.123314 0.018573 0.023925
0 0.891006 0.489143 0.017090 0.019297
0 0.091878 0.065422 0.016967 0.021141
0 0.833935 0.970204 0.018377 0.022496
0 0.774200 0.056539 0.020096 0.024387
0 0.643456 0.111902 0.018553 0.021032
0 0.992819 0.249718 0.014363 0.023664
0 0.022401 0.624833 0.016923 0.021047
0 0.429412 0.867436 0.020689 0.025542
0 0.401328 0.659010 0.015758 0.019266
0 0.508240 0.393684 0.020515 0.023949
0 0.930345 0.436322 0.020141 0.023556
0 0.806297 0.690895 0.018168 0.021943
0 0.122372 0.729530 0.018000 0.021578
0 0.909109 0.973436 0.014721 0.017786
0 0.532651 0.662799 0.021130 0.025841
0 0.433129 0.091298 0.017093 0.021447
0 0.801803 0.481600 0.021136 0.024497
0 0.880702 0.698745 0.018451 0.024461
0 0.196172 0.496031 0.018353 0.024096
0 0.368717 0.596435 0.018697 0.021997
0 0.220849 0.331108 0.016290 0.021219
0 0.929404 0.988788 0.015528 0.018026
0 0.421398 0.067853 0.016392 0.020268
0 0.026150 0.983913 0.016906 0.020179
0 0.799260 0.289722 0.016886 0.022197
0 0.290219 0.843784 0.017182 0.020567
0 0.854202 0.386646 0.017607 0.021531
0 0.852595 0.936734 0.019365 0.021791
0 0.967254 0.554383 0.018276 0.022643
0 0.758994 0.677758 0.018272 0.020142
0 0.284158 0.367451 0.015390 0.018902
0 0.651656 0.413788 0.017800 0.021597
0 0.793968 0.086388 0.019842 0.026455
0 0.488325 0.007496 0.018328 0.014993
0 0.990277 0.886127 0.018621 0.023367
0 0.765751 0.993555 0.016910 0.012890
0 0.383877 0.649590 0.015234 0.019872
0 0.893766 0.009730 0.018981 0.019461
0 0.647154 0.819986 0.018660 0.022779
0 0.040186 0.037476 0.016721 0.020344
0 0.338281 0.052101 0.013386 0.017710
0 0.424176 0.428938 0.016721 0.020766
0 0.375546 0.978599 0.015210 0.018229
0 0.442652 0.837846 0.017153 0.020176
0 0.564798 0.287555 0.015482 0.018965
0 0.620241 0.058678 0.016381 0.019636
0 0.427365 0.004821 0.015138 0.009642
0 0.195487 0.727893 0.018532 0.022138
0 0.753278 0.591427 0.014260 0.020422
0 0.724950 0.836019 0.016061 0.020938
0 0.495177 0.988007 0.017509 0.018675
0 0.588082 0.929968 0.017489 0.020530
0 0.644383 0.137912 0.013445 0.018361
0 0.380493 0.261810 0.017591 0.021032
0 0.675746 0.299117 0.014839 0.018876
0 0.500819 0.921525 0.016997 0.020366
0 0.378034 0.956765 0.016047 0.018829
0 0.719515 0.588140 0.016599 0.022146
0 0.138260 0.410396 0.013383 0.016617
0 0.684830 0.869542 0.015982 0.020774
0 0.444964 0.018407 0.014280 0.016784
0 0.050736 0.969764 0.011459 0.015484
0 0.194222 0.114305 0.014475 0.019034
0 0.833552 0.699187 0.014473 0.016823
0 0.849023 0.095359 0.013661 0.018413
0 0.082478 0.286183 0.012630 0.015206
0 0.654770 0.719029 0.024145 0.031864
0 0.514908 0.728615 0.016061 0.020697
0 0.538379 0.275233 0.015262 0.018412
0 0.647868 0.709246 0.017066 0.020249
0 0.274455 0.952234 0.013840 0.016868
0 0.111297 0.890097 0.012013 0.016452
0 0.397186 0.633345 0.013765 0.016053
0 0.900965 0.994845 0.017876 0.010309
0 0.206281 0.832211 0.012202 0.017319
0 0.765390 0.994353 0.019033 0.011294
0 0.230504 0.011992 0.012372 0.019469
