0 0.658872 0.040011 0.025196 0.032287
0 0.522082 0.970778 0.022079 0.026469
0 0.258235 0.472243 0.019275 0.025067
0 0.673363 0.655107 0.019309 0.022851
0 0.018682 0.816681 0.016389 0.020307
0 0.063495 0.302056 0.018024 0.024313
0 0.795381 0.660025 0.018326 0.024398
0 0.490535 0.127929 0.019745 0.023911
0 0.154944 0.602693 0.017752 0.023023
0 0.443345 0.948220 0.018817 0.022668
0 0.335694 0.107776 0.017893 0.022083
0 0.814308 0.887204 0.021437 0.025606
0 0.305018 0.097936 0.018066 0.021330
0 0.025536 0.898239 0.018105 0.022085
0 0.045467 0.938333 0.017044 0.023016
0 0.705865 0.534274 0.019023 0.026712
0 0.142615 0.237839 0.016364 0.020027
0 0.944788 0.900878 0.019604 0.022581
0 0.500163 0.091335 0.017785 0.022112
0 0.394990 0.653806 0.016342 0.022453
0 0.552417 0.548936 0.020234 0.026198
0 0.888038 0.127829 0.023862 0.025911
0 0.498533 0.496182 0.017836 0.021885
0 0.280925 0.460074 0.018685 0.025711
0 0.375583 0.647172 0.015667 0.022528
0 0.608650 0.126065 0.019494 0.025315
0 0.144377 0.066086 0.017514 0.021359
0 0.591255 0.082531 0.019075 0.024301
0 0.817035 0.650206 0.018111 0.022723
0 0.856705 0.243895 0.021445 0.024962
0 0.688674 0.229279 0.018058 0.022503
0 0.878614 0.735702 0.021038 0.025522
0 0.741708 0.224517 0.021056 0.023976
0 0.936989 0.047471 0.020350 0.025648
0 0.541596 0.439876 0.018178 0.023697
0 0.043542 0.120095 0.018349 0.024414
0 0.290313 0.389847 0.019259 0.022292
0 0.223214 0.971006 0.016491 0.021779
0 0.741774 0.535643 0.019582 0.025033
0 0.518656 0.531228 0.018103 0.022333
0 0.060057 0.090005 0.016769 0.022887
0 0.886674 0.686808 0.017660 0.023331
0 0.219344 0.490861 0.017643 0.020459
0 0.046780 0.906977 0.014752 0.018293
0 0.227803 0.234575 0.017947 0.023348
0 0.852561 0.989770 0.015302 0.015912
0 0.402243 0.012769 0.016177 0.019985
0 0.076305 0.855710 0.019003 0.024326
0 0.316234 0.014349 0.015989 0.019772
0 0.514612 0.443486 0.016504 0.021586
0 0.035401 0.988512 0.017886 0.018150
0 0.127209 0.493617 0.018089 0.023537
0 0.131112 0.148204 0.018666 0.024933
0 0.393004 0.088423 0.016338 0.021168
0 0.482035 0.571602 0.017981 0.022455
0 0.481894 0.982092 0.016855 0.020579
0 0.473320 0.145418 0.017426 0.023085
0 0.862490 0.514366 0.020162 0.024589
0 0.920531 0.416790 0.020593 0.023663
0 0.789827 0.085230 0.019744 0.025494
0 0.682947 0.705545 0.017697 0.023466
0 0.080838 0.017460 0.017229 0.020738
0 0.130357 0.386151 0.018136 0.022680
0 0.910194 0.440681 0.018971 0.023616
0 0.311449 0.794706 0.016286 0.020630
0 0.923477 0.988178 0.014374 0.017832
0 0.082191 0.317924 0.017256 0.020995
0 0.847026 0.962180 0.015030 0.020616
0 0.764782 0.057050 0.019262 0.025317
0 0.840730 0.863761 0.016774 0.021192
0 0.429261 0.041155 0.021051 0.022841
0 0.716278 0.804455 0.017525 0.020634
0 0.559756 0.104520 0.018385 0.024754
0 0.259549 0.849310 0.019131 0.021992
0 0.586245 0.321954 0.021063 0.026218
0 0.359497 0.610362 0.017341 0.020939
0 0.314164 0.837203 0.017328 0.022350
0 0.753514 0.566819 0.018028 0.021759
0 0.660305 0.703286 0.017344 0.021786
0 0.685341 0.784627 0.019433 0.023526
0 0.549925 0.971044 0.015340 0.020250
0 0.797698 0.970672 0.018830 0.023303
0 0.372670 0.979128 0.016508 0.017802
0 0.075676 0.449298 0.018088 0.024154
0 0.033508 0.483317 0.013620 0.017413
0 0.861853 0.676690 0.016193 0.020486
0 0.317431 0.041396 0.015449 0.020659
0 0.372917 0.877954 0.020451 0.025470
0 0.667841 0.679653 0.017009 0.017296
0 0.224797 0.465779 0.017768 0.022494
0 0.726545 0.571675 0.019415 0.023084
0 0.040787 0.862936 0.015784 0.017555
0 0.551603 0.813355 0.018610 0.023768
0 0.357400 0.040977 0.015896 0.020578
0 0.215113 0.335227 0.017332 0.021844
0 0.296519 0.028746 0.016999 0.022651
0 0.200122 0.979869 0.017117 0.019841
0 0.422671 0.878548 0.016283 0.020217
0 0.812367 0.745824 0.019534 0.023863
0 0.462888 0.268158 0.020086 0.022894
0 0.897606 0.987702 0.015787 0.019685
0 0.793028 0.290870 0.017871 0.023008
0 0.874741 0.972313 0.016132 0.020066
0 0.077167 0.079922 0.013819 0.021144
0 0.682953 0.993141 0.017367 0.013107
0 0.575058 0.825989 0.013745 0.018073
0 0.497773 0.184335 0.017069 0.022567
0 0.239462 0.807557 0.019087 0.022817
0 0.670419 0.872144 0.017019 0.023571
0 0.002810 0.646856 0.005620 0.018575
0 0.505447 0.391342 0.018882 0.024243
0 0.745833 0.007466 0.016788 0.013636
0 0.274915 0.506525 0.017714 0.020807
0 0.714837 0.592411 0.016043 0.019776
0 0.201762 0.667962 0.017946 0.023522
0 0.898923 0.958777 0.015874 0.018816
0 0.747546 0.593316 0.014660 0.019703
0 0.879937 0.658175 0.017866 0.019958
0 0.563304 0.614381 0.020668 0.024286
0 0.306560 0.605341 0.015658 0.019005
0 0.337036 0.023230 0.017525 0.020930
0 0.411357 0.745973 0.014198 0.017130
0 0.824043 0.972215 0.014287 0.021342
0 0.497396 0.430580 0.013945 0.016722
0 0.335404 0.052254 0.014697 0.017683
0 0.996355 0.376880 0.007290 0.022208
0 0.479939 0.006309 0.017143 0.012619
0 0.130565 0.960742 0.013202 0.016200
0 0.424331 0.020058 0.014109 0.016641
0 0.682481 0.994751 0.016673 0.010499
0 0.764033 0.815932 0.014094 0.016540
0 0.459832 0.559200 0.013125 0.015452
0 0.038998 0.540164 0.012269 0.016532
0 0.230748 0.010868 0.013499 0.016534
0 0.822917 0.994529 0.016216 0.010942
