0 0.703974 0.273202 0.016163 0.020766
0 0.406288 0.386841 0.018023 0.022261
0 0.927518 0.772500 0.014725 0.017795
0 0.901803 0.775038 0.019077 0.022607
0 0.027049 0.347642 0.018408 0.022256
0 0.908541 0.950489 0.014150 0.017093
0 0.557936 0.523126 0.026871 0.036128
0 0.937427 0.809623 0.015443 0.019632
0 0.433832 0.753840 0.015387 0.020417
0 0.720064 0.255763 0.016014 0.021446
0 0.489637 0.459660 0.017134 0.023156
0 0.981202 0.189376 0.014258 0.018181
0 0.577526 0.620716 0.016588 0.021790
0 0.055734 0.268041 0.013535 0.017464
0 0.304448 0.580509 0.018530 0.021113
0 0.165320 0.022699 0.018123 0.021560
0 0.816443 0.917734 0.017255 0.024063
0 0.149764 0.445250 0.017658 0.022951
0 0.983182 0.650598 0.018220 0.024929
0 0.422415 0.879673 0.014988 0.019697
0 0.235907 0.315263 0.018671 0.026671
0 0.602016 0.860390 0.019003 0.022990
0 0.723149 0.714808 0.017241 0.020210
0 0.317747 0.881696 0.019379 0.024766
0 0.675928 0.962495 0.016849 0.021219
0 0.080163 0.251379 0.015464 0.019583
0 0.432563 0.244895 0.014649 0.017933
0 0.917690 0.748325 0.013505 0.016372
0 0.223526 0.865474 0.013079 0.017619
0 0.333709 0.291624 0.017866 0.022515
0 0.699543 0.765210 0.015437 0.019159
0 0.201345 0.888694 0.016034 0.021074
0 0.898931 0.467198 0.017122 0.020518
0 0.688627 0.712637 0.016821 0.020117
0 0.387808 0.843640 0.015134 0.018009
0 0.423953 0.154315 0.015687 0.021047
0 0.684802 0.287454 0.014333 0.019275
0 0.205956 0.320215 0.020602 0.025713
0 0.556888 0.317501 0.018955 0.023299
0 0.198435 0.597288 0.017751 0.020844
0 0.829607 0.909874 0.016231 0.019954
0 0.859048 0.256940 0.017900 0.021958
0 0.734262 0.888581 0.015475 0.019760
0 0.852497 0.569476 0.017859 0.021182
0 0.066965 0.168716 0.015600 0.018585
0 0.887243 0.954764 0.014876 0.019517
0 0.945025 0.333837 0.017660 0.022995
0 0.230812 0.367630 0.016279 0.022959
0 0.358830 0.828038 0.015822 0.019696
0 0.417157 0.854454 0.014804 0.016990
0 0.499936 0.646809 0.017107 0.021404
0 0.504835 0.320341 0.013558 0.017147
0 0.164556 0.626348 0.017801 0.020456
0 0.703870 0.737925 0.016418 0.020867
0 0.581672 0.812415 0.012323 0.015656
0 0.883983 0.645606 0.016667 0.019688
0 0.047402 0.384575 0.014608 0.019318
0 0.965042 0.149241 0.015978 0.019083
0 0.733373 0.981882 0.016128 0.018205
0 0.878004 0.432804 0.014832 0.022772
0 0.349636 0.735328 0.019061 0.021823
0 0.740386 0.473571 0.014130 0.018015
0 0.597170 0.184842 0.018226 0.022016
0 0.360800 0.469838 0.016734 0.020148
0 0.903194 0.730683 0.014772 0.018911
0 0.054693 0.957657 0.016677 0.020250
0 0.243786 0.518677 0.017649 0.021788
0 0.431651 0.429245 0.015963 0.020042
0 0.414684 0.551718 0.018345 0.021594
0 0.348214 0.544495 0.016007 0.019303
0 0.932591 0.878872 0.014973 0.018260
0 0.788267 0.307956 0.018428 0.022371
0 0.945457 0.457254 0.014327 0.019410
0 0.084468 0.993243 0.014367 0.013514
0 0.844201 0.671583 0.015423 0.017948
0 0.032718 0.310088 0.015334 0.018694
0 0.419539 0.467789 0.015445 0.018892
0 0.304345 0.407233 0.018460 0.022809
0 0.348218 0.809011 0.015190 0.017939
0 0.948370 0.293370 0.019398 0.023957
0 0.366006 0.317923 0.016802 0.021389
0 0.249503 0.387118 0.015897 0.019078
0 0.710199 0.484685 0.019235 0.019855
0 0.892624 0.311101 0.016468 0.022173
0 0.637035 0.114903 0.016246 0.019798
0 0.145365 0.114635 0.015362 0.019436
0 0.837670 0.121529 0.015380 0.019055
0 0.302045 0.051205 0.016340 0.021003
0 0.316123 0.553298 0.017251 0.020279
0 0.476852 0.306838 0.015310 0.019277
0 0.311768 0.100722 0.015776 0.018591
0 0.218040 0.451837 0.017357 0.018742
0 0.797397 0.822783 0.018183 0.022437
0 0.330947 0.603461 0.014308 0.020579
0 0.809480 0.971885 0.016356 0.019223
0 0.994004 0.162515 0.011919 0.017226
0 0.517884 0.743351 0.014623 0.017425
0 0.367216 0.007206 0.015441 0.014228
0 0.713453 0.674247 0.017201 0.021505
0 0.964338 0.463313 0.013800 0.019344
0 0.173812 0.735970 0.015050 0.018430
0 0.414770 0.092628 0.018479 0.022434
0 0.135138 0.478527 0.014262 0.017692
0 0.135487 0.361848 0.017557 0.023422
0 0.058439 0.871042 0.015939 0.021875
0 0.238495 0.666067 0.017097 0.021973
0 0.590836 0.940601 0.013777 0.016475
0 0.090516 0.617852 0.013608 0.016705
0 0.691347 0.889326 0.012891 0.018222
0 0.091671 0.450990 0.014655 0.017881
0 0.827758 0.756368 0.016553 0.020213
0 0.779940 0.457856 0.017632 0.024374
0 0.965162 0.971092 0.017979 0.020734
0 0.341679 0.152569 0.013614 0.014729
0 0.748047 0.904717 0.014599 0.016971
0 0.699951 0.249513 0.011381 0.014267
0 0.923119 0.732032 0.014717 0.017961
0 0.403263 0.237756 0.015764 0.020231
0 0.465447 0.380955 0.014518 0.017822
0 0.986420 0.813085 0.014695 0.018113
0 0.061337 0.424246 0.015461 0.018550
0 0.972117 0.928821 0.012258 0.015924
0 0.526364 0.417045 0.018123 0.018543
0 0.556875 0.981511 0.015943 0.018459
0 0.695519 0.058819 0.017936 0.019469
0 0.620203 0.060777 0.018312 0.021511
0 0.922055 0.599006 0.018810 0.018882
0 0.996073 0.778004 0.007855 0.019620
0 0.438966 0.618179 0.017340 0.021359
0 0.348639 0.269972 0.013831 0.017630
0 0.750834 0.653956 0.015263 0.020527
0 0.959744 0.962571 0.017124 0.020787
0 0.266552 0.117404 0.015207 0.018630
0 0.961466 0.180996 0.013610 0.015711
0 0.417890 0.750248 0.012665 0.018109
0 0.215973 0.309066 0.013607 0.023139
0 0.082132 0.531281 0.014812 0.019404
0 0.041513 0.361311 0.013463 0.015373
0 0.827611 0.374310 0.014749 0.023383
0 0.812433 0.965087 0.020658 0.031152
0 0.813301 0.959762 0.020543 0.021952
0 0.919892 0.457601 0.012305 0.018323
0 0.627635 0.098234 0.014558 0.017596
0 0.207215 0.544087 0.012422 0.014027
0 0.200199 0.593562 0.020401 0.027657
0 0.294594 0.130038 0.016352 0.021962
0 0.942998 0.791202 0.015731 0.016853
0 0.997050 0.131087 0.005901 0.019385
0 0.580999 0.283730 0.012234 0.012671
0 0.400634 0.084765 0.012758 0.019733
0 0.299327 0.284416 0.014002 0.016410
0 0.231328 0.656134 0.017897 0.021291
0 0.317513 0.556301 0.019487 0.025891
0 0.607560 0.484460 0.018710 0.024726
0 0.823757 0.914029 0.022233 0.026259
0 0.783354 0.042651 0.012496 0.014646
0 0.353063 0.483112 0.014185 0.017262
0 0.201409 0.588522 0.020996 0.027344
0 0.887269 0.951621 0.016724 0.021578
0 0.533392 0.534113 0.014332 0.019049
0 0.030656 0.353170 0.019159 0.020977
0 0.933795 0.444251 0.012404 0.017372
0 0.204092 0.585475 0.017725 0.023151
