0 0.521667 0.968648 0.021765 0.027149
0 0.781905 0.939763 0.019564 0.024741
0 0.255513 0.468765 0.019353 0.024754
0 0.679781 0.598763 0.019436 0.021765
0 0.808142 0.951501 0.016050 0.018588
0 0.792907 0.660722 0.017237 0.021725
0 0.279999 0.461776 0.018717 0.022620
0 0.133189 0.117170 0.020189 0.025430
0 0.288384 0.389264 0.018239 0.022047
0 0.683691 0.992927 0.017764 0.013835
0 0.060159 0.080500 0.016960 0.023369
0 0.610224 0.113289 0.019628 0.024573
0 0.488520 0.131166 0.019129 0.024150
0 0.657237 0.708598 0.015213 0.019393
0 0.636934 0.134076 0.022830 0.025633
0 0.795979 0.051812 0.015440 0.026035
0 0.472459 0.656935 0.016717 0.020548
0 0.512265 0.311086 0.016789 0.020892
0 0.830043 0.868912 0.018067 0.022237
0 0.814732 0.652329 0.015909 0.021198
0 0.942590 0.898088 0.015845 0.020121
0 0.391954 0.087008 0.016008 0.021973
0 0.878443 0.568791 0.017203 0.022324
0 0.895081 0.966016 0.015292 0.019242
0 0.757072 0.569900 0.018596 0.023214
0 0.421033 0.011015 0.014967 0.018192
0 0.024036 0.896798 0.017358 0.021562
0 0.308016 0.102338 0.014957 0.019776
0 0.333125 0.107562 0.018190 0.021823
0 0.462115 0.266787 0.017695 0.022233
0 0.050717 0.118746 0.018445 0.024411
0 0.761714 0.057098 0.019424 0.023914
0 0.741947 0.222911 0.018833 0.021513
0 0.562212 0.385179 0.018769 0.022777
0 0.389326 0.990918 0.014822 0.015172
0 0.552709 0.809345 0.017309 0.021111
0 0.494986 0.088370 0.015980 0.019676
0 0.400937 0.012315 0.014512 0.016987
0 0.715108 0.592156 0.016226 0.020498
0 0.627230 0.709883 0.019058 0.022849
0 0.860040 0.675526 0.017967 0.022478
0 0.494862 0.680519 0.017045 0.021319
0 0.094105 0.077761 0.015409 0.021675
0 0.044271 0.938328 0.017116 0.023408
0 0.373904 0.646456 0.014208 0.017755
0 0.448013 0.653439 0.016256 0.021324
0 0.389684 0.656248 0.015364 0.018663
0 0.125357 0.494563 0.017172 0.022160
0 0.807885 0.407778 0.017364 0.021066
0 0.445274 0.103109 0.019008 0.022563
0 0.111839 0.726192 0.016716 0.023401
0 0.181993 0.565803 0.017874 0.023734
0 0.892886 0.992328 0.016424 0.014902
0 0.264559 0.911932 0.016470 0.020575
0 0.346438 0.932524 0.019503 0.024815
0 0.046737 0.907163 0.016211 0.017667
0 0.012076 0.489986 0.018199 0.020551
0 0.139938 0.237427 0.017104 0.020412
0 0.680187 0.707915 0.018599 0.021913
0 0.795214 0.792784 0.018461 0.023508
0 0.849321 0.551967 0.016021 0.020340
0 0.318131 0.038606 0.015897 0.019106
0 0.426995 0.716618 0.017968 0.021331
0 0.915732 0.151346 0.018538 0.023246
0 0.540428 0.438727 0.018053 0.021213
0 0.312783 0.837143 0.017305 0.020638
0 0.112677 0.129761 0.015904 0.019120
0 0.231329 0.956488 0.017546 0.019863
0 0.787871 0.085390 0.019734 0.025619
0 0.669596 0.868379 0.015668 0.020361
0 0.854666 0.249200 0.020446 0.024431
0 0.218925 0.334386 0.016724 0.020767
0 0.075993 0.858279 0.019655 0.023702
0 0.468620 0.144274 0.017943 0.021496
0 0.224697 0.232569 0.017660 0.023460
0 0.193206 0.515115 0.018677 0.021980
0 0.631687 0.390813 0.017301 0.018892
0 0.826371 0.990303 0.015987 0.017003
0 0.371288 0.976373 0.016645 0.018779
0 0.683332 0.567607 0.020404 0.025343
0 0.427907 0.039209 0.021732 0.023425
0 0.973580 0.525814 0.018736 0.021084
0 0.876285 0.541611 0.019400 0.022943
0 0.488351 0.275102 0.014204 0.020882
0 0.353231 0.041926 0.015636 0.018401
0 0.076268 0.544287 0.018024 0.021640
0 0.865379 0.755532 0.018303 0.022654
0 0.728698 0.571856 0.016972 0.021722
0 0.464647 0.569078 0.018935 0.022302
0 0.870969 0.966054 0.016256 0.020969
0 0.823905 0.967407 0.016811 0.019902
0 0.524980 0.242507 0.019476 0.022833
0 0.877417 0.720606 0.018088 0.021885
0 0.044500 0.584231 0.018639 0.023128
0 0.056059 0.052187 0.016326 0.021642
0 0.317042 0.014706 0.015477 0.019494
0 0.316044 0.738442 0.014926 0.020012
0 0.630061 0.901452 0.020182 0.024271
0 0.060777 0.361428 0.017904 0.021414
0 0.513320 0.750107 0.020885 0.022347
0 0.745633 0.590520 0.015891 0.019307
0 0.790960 0.289292 0.015658 0.018693
0 0.696026 0.202974 0.016906 0.020595
0 0.298381 0.026195 0.015300 0.021071
0 0.993955 0.339313 0.012090 0.021578
0 0.503029 0.391595 0.017300 0.023621
0 0.239328 0.806949 0.018894 0.022068
0 0.965315 0.177810 0.012437 0.015074
0 0.214757 0.645621 0.018096 0.021196
0 0.662870 0.684857 0.017223 0.020186
0 0.043536 0.882156 0.014984 0.018465
0 0.683100 0.892241 0.016857 0.019663
0 0.524211 0.092002 0.011308 0.014878
0 0.200186 0.666808 0.016488 0.019753
0 0.333029 0.051463 0.014011 0.020690
0 0.444073 0.354354 0.016442 0.019529
0 0.075328 0.078306 0.012691 0.023476
0 0.381572 0.007965 0.015121 0.015294
0 0.365288 0.955707 0.015077 0.017908
0 0.739300 0.828924 0.014753 0.018167
0 0.595047 0.896036 0.012275 0.015575
0 0.458099 0.872088 0.013801 0.020353
0 0.996890 0.782390 0.006220 0.021496
0 0.337507 0.023885 0.015970 0.020230
0 0.140767 0.668310 0.013750 0.017555
0 0.550290 0.880967 0.011866 0.014925
0 0.173829 0.290886 0.014254 0.018805
0 0.239990 0.755503 0.012181 0.016746
0 0.489469 0.764174 0.013596 0.017425
0 0.225311 0.009944 0.013268 0.016768
0 0.744451 0.891361 0.013088 0.016196
0 0.490169 0.454716 0.014680 0.017402
0 0.112560 0.094157 0.014014 0.018706
0 0.026458 0.095677 0.013634 0.017208
0 0.708339 0.448857 0.014456 0.017222
0 0.622480 0.074737 0.011381 0.012747
0 0.238658 0.982892 0.012639 0.013033
0 0.363825 0.014544 0.013898 0.019305
0 0.331118 0.082031 0.010405 0.015006
0 0.582746 0.392845 0.012000 0.014392
0 0.380938 0.842978 0.014002 0.016429
0 0.793739 0.168384 0.012566 0.014210
0 0.627256 0.184797 0.012630 0.015962
0 0.379730 0.182888 0.012453 0.016303
0 0.751778 0.427747 0.013049 0.016504
0 0.956194 0.450554 0.012680 0.015351
0 0.949777 0.344311 0.012851 0.016354
0 0.964284 0.158063 0.012791 0.015890
0 0.003612 0.568373 0.007223 0.017608
0 0.273811 0.706054 0.014163 0.015888
0 0.135444 0.846167 0.013468 0.020138
0 0.777940 0.045868 0.010393 0.014936
0 0.288449 0.973652 0.012670 0.017706
0 0.381341 0.845511 0.015435 0.020638
0 0.003077 0.775942 0.006155 0.023364
0 0.778645 0.353693 0.013428 0.015025
0 0.591405 0.514767 0.013320 0.016212
0 0.699399 0.120687 0.011781 0.017036
0 0.660327 0.232760 0.014345 0.016930
0 0.889194 0.551848 0.012021 0.014340
0 0.448484 0.650315 0.018061 0.024240
0 0.603444 0.081595 0.014077 0.016002
0 0.699320 0.508353 0.013331 0.016060
0 0.331639 0.005889 0.011309 0.011777
0 0.317521 0.017743 0.017519 0.024768
