0 0.811977 0.648935 0.017600 0.023747
0 0.723427 0.543106 0.016244 0.020337
0 0.818102 0.873096 0.017383 0.020890
0 0.788788 0.654315 0.018410 0.022802
0 0.631527 0.947465 0.019077 0.024951
0 0.484372 0.132846 0.018484 0.024504
0 0.516625 0.967513 0.022392 0.029227
0 0.817849 0.271525 0.018258 0.020622
0 0.252282 0.469389 0.019882 0.023382
0 0.757816 0.904045 0.019956 0.022875
0 0.858051 0.556111 0.018544 0.022736
0 0.656233 0.051573 0.018115 0.022934
0 0.126832 0.168338 0.020772 0.024826
0 0.329349 0.101213 0.017475 0.022905
0 0.759911 0.051661 0.018769 0.022637
0 0.633801 0.676974 0.015344 0.018442
0 0.313291 0.039865 0.015364 0.021569
0 0.284617 0.388131 0.018749 0.022800
0 0.316817 0.893721 0.017748 0.021285
0 0.457578 0.923790 0.017735 0.020287
0 0.393442 0.086810 0.015466 0.018910
0 0.660715 0.678955 0.016409 0.021151
0 0.044989 0.072679 0.017064 0.022189
0 0.536953 0.436214 0.016130 0.021079
0 0.810335 0.988948 0.015205 0.018029
0 0.138911 0.946224 0.016873 0.020338
0 0.370834 0.643939 0.014251 0.019849
0 0.881166 0.935279 0.016446 0.021459
0 0.290753 0.022570 0.016579 0.020631
0 0.891637 0.989560 0.016412 0.016946
0 0.047401 0.903402 0.014194 0.018394
0 0.522738 0.638795 0.017088 0.019778
0 0.013169 0.659842 0.017922 0.019989
0 0.061094 0.954012 0.017833 0.023443
0 0.706774 0.587324 0.016855 0.020507
0 0.120729 0.491959 0.017039 0.021926
0 0.469798 0.677719 0.017522 0.021796
0 0.667651 0.604241 0.016125 0.027018
0 0.518586 0.081634 0.015481 0.019726
0 0.072632 0.041591 0.018678 0.022442
0 0.219907 0.230743 0.017190 0.022468
0 0.657448 0.855754 0.017331 0.020523
0 0.617372 0.696231 0.018807 0.021329
0 0.369634 0.854358 0.019239 0.023314
0 0.667182 0.160671 0.014074 0.017270
0 0.330219 0.048241 0.015053 0.020858
0 0.186573 0.965791 0.017315 0.021251
0 0.848049 0.037936 0.014127 0.018949
0 0.508765 0.289007 0.020444 0.024430
0 0.315359 0.855138 0.015145 0.018745
0 0.936964 0.893532 0.015679 0.018454
0 0.782071 0.992271 0.015077 0.015459
0 0.847593 0.008681 0.015521 0.015862
0 0.311901 0.013857 0.015738 0.022169
0 0.662660 0.151327 0.021027 0.025646
0 0.011264 0.071743 0.020464 0.021169
0 0.762269 0.980735 0.016423 0.017562
0 0.993457 0.738900 0.013086 0.023186
0 0.676397 0.991967 0.018186 0.015184
0 0.135063 0.235944 0.017042 0.020721
0 0.809098 0.422639 0.016501 0.020957
0 0.855564 0.672589 0.018078 0.021135
0 0.022958 0.897289 0.017326 0.021239
0 0.385028 0.653495 0.014539 0.019386
0 0.020563 0.772153 0.015576 0.020737
0 0.077039 0.515076 0.018223 0.023577
0 0.462280 0.975205 0.017219 0.019512
0 0.387295 0.037034 0.015967 0.018750
0 0.745379 0.213793 0.018500 0.022868
0 0.463924 0.138627 0.016439 0.021896
0 0.304311 0.099887 0.016776 0.020904
0 0.795256 0.774496 0.017979 0.023030
0 0.114699 0.133448 0.016621 0.019682
0 0.634971 0.393517 0.016964 0.021046
0 0.220736 0.516577 0.018036 0.024456
0 0.824729 0.574103 0.014817 0.020025
0 0.895713 0.098391 0.018536 0.021305
0 0.215492 0.970086 0.017172 0.022751
0 0.170626 0.262129 0.016084 0.019906
0 0.468258 0.624713 0.017350 0.022261
0 0.552843 0.066973 0.016453 0.018710
0 0.435871 0.131038 0.016541 0.021682
0 0.884349 0.667969 0.018707 0.021783
0 0.529775 0.342074 0.016269 0.022019
0 0.631106 0.813355 0.018815 0.024570
0 0.039501 0.934482 0.017617 0.023042
0 0.912846 0.138278 0.016328 0.021884
0 0.168979 0.676594 0.016604 0.021735
0 0.682687 0.699492 0.019353 0.024318
0 0.105042 0.077342 0.017436 0.021166
0 0.785045 0.078053 0.017460 0.021735
0 0.746861 0.566031 0.019436 0.024184
0 0.026101 0.481959 0.017620 0.020056
0 0.307219 0.827414 0.016829 0.020011
0 0.242168 0.534174 0.017460 0.023372
0 0.279969 0.448293 0.018185 0.024334
0 0.431084 0.664384 0.017662 0.020505
0 0.067949 0.076410 0.015669 0.023562
0 0.055711 0.814697 0.017773 0.022972
0 0.836248 0.734448 0.017915 0.021765
0 0.861922 0.528011 0.018696 0.021602
0 0.842693 0.976971 0.015747 0.019077
0 0.457498 0.261624 0.017827 0.021684
0 0.960377 0.526406 0.017563 0.021375
0 0.212747 0.321440 0.015595 0.021423
0 0.112648 0.540720 0.017351 0.021922
0 0.737859 0.589719 0.015152 0.019549
0 0.483192 0.567931 0.016464 0.021560
0 0.872448 0.056207 0.013172 0.014125
0 0.842305 0.065845 0.016252 0.019904
0 0.639255 0.073217 0.014704 0.018698
0 0.794100 0.269007 0.014403 0.017948
0 0.050477 0.111936 0.016592 0.019489
0 0.670464 0.544282 0.017915 0.022694
0 0.422869 0.038441 0.018006 0.023114
0 0.349238 0.039986 0.016087 0.020587
0 0.458217 0.363152 0.015584 0.018855
0 0.168518 0.345872 0.015147 0.021613
0 0.012634 0.504302 0.016713 0.019782
0 0.793729 0.869046 0.015536 0.019956
0 0.366887 0.432046 0.014842 0.017759
0 0.397163 0.008220 0.014749 0.014301
0 0.836231 0.917724 0.017082 0.021982
0 0.022614 0.015581 0.016071 0.020215
0 0.365570 0.975858 0.014568 0.018285
0 0.463138 0.876235 0.015627 0.018988
0 0.996423 0.260384 0.007153 0.022926
0 0.974356 0.214110 0.012120 0.015940
0 0.498985 0.387848 0.016444 0.022832
0 0.005160 0.705389 0.010320 0.020621
0 0.083312 0.934825 0.010876 0.014434
0 0.686429 0.025824 0.015437 0.018953
0 0.555642 0.240845 0.012215 0.015802
0 0.274211 0.578190 0.016982 0.021460
0 0.740905 0.521192 0.015321 0.018872
0 0.583820 0.370873 0.018309 0.021993
0 0.378428 0.522708 0.014037 0.018364
0 0.091808 0.849719 0.019009 0.025616
0 0.004578 0.007386 0.009137 0.014338
0 0.487408 0.530086 0.012306 0.014940
0 0.614435 0.110114 0.018171 0.021515
0 0.525001 0.705119 0.016986 0.021863
0 0.395066 0.685362 0.015285 0.018785
0 0.244485 0.249988 0.012899 0.015716
0 0.024610 0.013482 0.015584 0.020145
0 0.815510 0.062783 0.014994 0.024722
0 0.820135 0.967431 0.017760 0.020050
0 0.241615 0.986901 0.016190 0.019111
0 0.335930 0.010772 0.017191 0.019825
0 0.714481 0.266769 0.015978 0.020595
0 0.671048 0.835364 0.014646 0.019581
0 0.228943 0.625262 0.015189 0.017867
0 0.583010 0.748403 0.013206 0.017468
0 0.233041 0.805270 0.019591 0.024423
0 0.581876 0.721844 0.016689 0.019753
0 0.377136 0.007922 0.017116 0.013606
0 0.366054 0.952307 0.013000 0.016430
0 0.378842 0.618849 0.012472 0.014264
0 0.558149 0.452221 0.013459 0.017799
0 0.828240 0.249667 0.012463 0.015966
0 0.621838 0.488713 0.013667 0.013884
0 0.449801 0.006580 0.015707 0.013161
0 0.954653 0.214059 0.012226 0.016922
0 0.278086 0.963383 0.014299 0.019615
0 0.051220 0.529256 0.013532 0.016685
0 0.772232 0.963634 0.010922 0.012774
0 0.191106 0.277284 0.011988 0.013750
0 0.362558 0.325849 0.011532 0.016372
0 0.184059 0.941289 0.010469 0.013259
0 0.710925 0.982247 0.012180 0.016091
0 0.407874 0.652063 0.012069 0.015861
0 0.160058 0.117061 0.013074 0.017393
0 0.534136 0.993713 0.017490 0.012575
0 0.411380 0.925031 0.011513 0.019943
0 0.037218 0.876970 0.013867 0.018050
0 0.220949 0.008829 0.011729 0.015322
0 0.745889 0.477889 0.011380 0.015040
0 0.471308 0.011548 0.012101 0.018152
0 0.512065 0.687988 0.012019 0.015174
0 0.204031 0.288620 0.011815 0.013624
0 0.774164 0.854948 0.012559 0.014560
0 0.095259 0.970956 0.014004 0.021653
0 0.419266 0.200002 0.012815 0.014884
0 0.744717 0.414935 0.013857 0.016131
0 0.329346 0.073398 0.011702 0.014643
