0 0.625418 0.945412 0.019168 0.025414
0 0.303953 0.823294 0.017888 0.021177
0 0.281105 0.384933 0.019379 0.026095
0 0.260041 0.896598 0.015755 0.019828
0 0.794958 0.211062 0.018715 0.023230
0 0.124620 0.170830 0.019632 0.023771
0 0.611724 0.614781 0.015474 0.019964
0 0.006449 0.460275 0.012898 0.019729
0 0.092703 0.604887 0.017738 0.021873
0 0.261881 0.274458 0.014268 0.017282
0 0.129776 0.233129 0.016245 0.023071
0 0.250593 0.470406 0.019725 0.024842
0 0.117563 0.488446 0.017014 0.022343
0 0.826493 0.282656 0.018379 0.020526
0 0.497937 0.179253 0.018300 0.023435
0 0.008524 0.122993 0.016218 0.020815
0 0.039422 0.140439 0.015174 0.018272
0 0.769534 0.802384 0.018562 0.021964
0 0.995304 0.627835 0.009391 0.020436
0 0.231701 0.938258 0.013855 0.018855
0 0.007779 0.668579 0.015478 0.019211
0 0.653441 0.682334 0.015372 0.019854
0 0.566748 0.570453 0.015911 0.019376
0 0.815388 0.867366 0.018509 0.023003
0 0.272091 0.512603 0.019115 0.024589
0 0.770275 0.946844 0.016028 0.021056
0 0.066233 0.044939 0.015805 0.020720
0 0.066616 0.352272 0.014848 0.020173
0 0.729046 0.534689 0.016586 0.022380
0 0.723358 0.900261 0.016763 0.021069
0 0.981285 0.674426 0.015900 0.020689
0 0.479693 0.057767 0.016853 0.021907
0 0.584168 0.123718 0.016318 0.020149
0 0.825127 0.524788 0.017324 0.022083
0 0.703016 0.150708 0.018312 0.024033
0 0.114154 0.548915 0.016403 0.020500
0 0.493691 0.877188 0.017557 0.020530
0 0.089552 0.456554 0.013399 0.016587
0 0.799608 0.960556 0.015774 0.019326
0 0.547660 0.591312 0.015625 0.020392
0 0.081572 0.163371 0.015840 0.021129
0 0.213079 0.190206 0.016664 0.021626
0 0.330503 0.816847 0.016152 0.020752
0 0.376030 0.635121 0.014481 0.015288
0 0.034222 0.934515 0.016114 0.020522
0 0.207373 0.928820 0.014458 0.018723
0 0.524128 0.840610 0.017904 0.024993
0 0.513021 0.965927 0.020593 0.026321
0 0.071563 0.806449 0.016131 0.020459
0 0.785531 0.654494 0.016947 0.020558
0 0.196876 0.875763 0.016106 0.020386
0 0.077685 0.928092 0.018291 0.021428
0 0.935860 0.893250 0.014786 0.016676
0 0.197124 0.693185 0.016492 0.019730
0 0.785730 0.747242 0.018889 0.023158
0 0.215881 0.227222 0.016786 0.022221
0 0.040436 0.900413 0.013245 0.017420
0 0.420950 0.762472 0.018644 0.026030
0 0.442721 0.012785 0.015871 0.021131
0 0.745877 0.920599 0.014915 0.020187
0 0.186391 0.944601 0.014281 0.021850
0 0.946000 0.969966 0.018989 0.022252
0 0.928083 0.824621 0.016872 0.022221
0 0.071695 0.328913 0.015159 0.017695
0 0.823899 0.039625 0.015134 0.019256
0 0.691348 0.661447 0.016180 0.019580
0 0.303248 0.033221 0.015821 0.018113
0 0.237317 0.020962 0.013488 0.017846
0 0.065890 0.641700 0.017150 0.021950
0 0.807565 0.404646 0.016683 0.023523
0 0.453369 0.795299 0.018996 0.023650
0 0.596597 0.649875 0.016790 0.019247
0 0.021580 0.212397 0.013584 0.016545
0 0.452401 0.260636 0.017922 0.021496
0 0.800652 0.621989 0.018462 0.019271
0 0.467693 0.679928 0.017361 0.020175
0 0.619389 0.071773 0.013477 0.018080
0 0.480192 0.053794 0.017441 0.031043
0 0.033184 0.875095 0.012750 0.015428
0 0.854317 0.550234 0.013652 0.018127
0 0.036829 0.499753 0.014966 0.019506
0 0.103492 0.432849 0.015600 0.014969
0 0.210084 0.450489 0.016291 0.021648
0 0.853558 0.103547 0.013713 0.014733
0 0.846616 0.859198 0.014964 0.016889
0 0.103251 0.507202 0.013837 0.017145
0 0.313726 0.055847 0.018401 0.021221
0 0.816610 0.674956 0.015444 0.020266
0 0.652314 0.112526 0.015120 0.018684
0 0.802352 0.055759 0.013453 0.016309
0 0.464413 0.336165 0.012798 0.016880
0 0.699785 0.890706 0.015172 0.018938
0 0.286535 0.021025 0.014047 0.018643
0 0.121890 0.021033 0.016896 0.020510
0 0.563694 0.933493 0.016465 0.019765
0 0.369962 0.065704 0.015562 0.018357
0 0.422744 0.038034 0.015775 0.018184
0 0.743379 0.106633 0.018042 0.022648
0 0.381497 0.655782 0.016496 0.019611
0 0.683575 0.358236 0.015319 0.020933
0 0.385762 0.086860 0.014633 0.018408
0 0.006299 0.383674 0.012598 0.020266
0 0.031659 0.981670 0.015004 0.019103
0 0.463679 0.163967 0.014207 0.016516
0 0.657830 0.969199 0.014826 0.018383
0 0.704981 0.577399 0.013841 0.016342
0 0.072820 0.694992 0.015538 0.018385
0 0.906498 0.992733 0.018124 0.014535
0 0.060410 0.203928 0.014342 0.017001
0 0.744571 0.956234 0.011393 0.016031
0 0.007127 0.931877 0.014254 0.022919
0 0.440508 0.641610 0.014221 0.017222
0 0.330447 0.042969 0.014701 0.021006
0 0.013211 0.076000 0.013695 0.018665
0 0.302969 0.471175 0.012494 0.018939
0 0.518878 0.298260 0.016239 0.020003
0 0.530244 0.438277 0.016135 0.022078
0 0.960070 0.510511 0.017247 0.018541
0 0.705015 0.148745 0.021090 0.029127
0 0.654242 0.364048 0.014283 0.021053
0 0.986590 0.233235 0.016615 0.025242
0 0.833759 0.498570 0.015147 0.018416
0 0.814606 0.974151 0.013564 0.017991
0 0.004271 0.096832 0.008542 0.015871
0 0.143779 0.140994 0.012897 0.015414
0 0.350469 0.978704 0.011331 0.013104
0 0.080034 0.480854 0.014561 0.018893
0 0.852055 0.102244 0.014421 0.017065
0 0.102917 0.108355 0.012180 0.016994
0 0.215291 0.961298 0.016546 0.020668
0 0.283381 0.889009 0.011205 0.016164
0 0.051127 0.108705 0.012727 0.017802
0 0.790928 0.900610 0.013087 0.017350
0 0.994870 0.348312 0.010075 0.016616
0 0.509520 0.964755 0.021790 0.025270
0 0.250820 0.962712 0.013963 0.016882
0 0.996691 0.903488 0.006617 0.016480
0 0.260197 0.016676 0.014066 0.024199
0 0.694124 0.928509 0.015808 0.020999
