0 0.552339 0.512566 0.021667 0.027967
0 0.382312 0.565140 0.019032 0.023542
0 0.721455 0.254295 0.018591 0.023709
0 0.207330 0.307520 0.021558 0.026204
0 0.553560 0.481490 0.014214 0.020236
0 0.693266 0.257582 0.022228 0.026448
0 0.547065 0.304065 0.020083 0.022985
0 0.266252 0.651672 0.016323 0.020517
0 0.415378 0.537688 0.016694 0.021630
0 0.991782 0.106019 0.016436 0.022779
0 0.245819 0.665643 0.020095 0.023522
0 0.974359 0.870298 0.020518 0.025310
0 0.990213 0.764316 0.018512 0.023624
0 0.329135 0.273209 0.016911 0.022002
0 0.952342 0.950225 0.021845 0.026914
0 0.133652 0.351451 0.017060 0.021217
0 0.973305 0.800091 0.018937 0.021663
0 0.196141 0.346708 0.018197 0.022914
0 0.246519 0.508547 0.020364 0.023556
0 0.342411 0.796199 0.017087 0.021179
0 0.534379 0.485065 0.016993 0.022703
0 0.424932 0.014460 0.014740 0.019057
0 0.827144 0.819562 0.022623 0.025978
0 0.424481 0.235141 0.015998 0.023738
0 0.320004 0.243405 0.020313 0.022977
0 0.872392 0.309666 0.019115 0.023300
0 0.903772 0.162724 0.017940 0.023012
0 0.976549 0.639756 0.019730 0.022522
0 0.379021 0.013759 0.014809 0.017944
0 0.071781 0.370809 0.016939 0.021148
0 0.788080 0.813423 0.021845 0.026196
0 0.324809 0.927220 0.021652 0.026679
0 0.156832 0.348813 0.014540 0.019680
0 0.244943 0.370015 0.015312 0.020308
0 0.690903 0.049542 0.018406 0.026053
0 0.732424 0.397791 0.022404 0.025453
0 0.289792 0.273606 0.018858 0.023846
0 0.600305 0.856314 0.021246 0.024281
0 0.680214 0.698983 0.022799 0.027532
0 0.045585 0.919135 0.017404 0.021248
0 0.392023 0.535407 0.015696 0.020088
0 0.641570 0.065334 0.016989 0.023374
0 0.140789 0.432405 0.017365 0.021248
0 0.430753 0.747316 0.019744 0.023571
0 0.618173 0.054201 0.017003 0.022736
0 0.535815 0.280386 0.017164 0.019515
0 0.705443 0.843116 0.020773 0.027458
0 0.223686 0.359401 0.015843 0.020481
0 0.767366 0.304103 0.019477 0.023258
0 0.352533 0.893955 0.020551 0.024232
0 0.531446 0.529002 0.017287 0.021345
0 0.206787 0.436889 0.019413 0.023915
0 0.404801 0.230435 0.016683 0.022891
0 0.438618 0.603608 0.018288 0.021712
0 0.843191 0.557505 0.022902 0.029695
0 0.898499 0.729726 0.019840 0.023041
0 0.416681 0.845881 0.018919 0.023075
0 0.508040 0.729141 0.018664 0.021678
0 0.416066 0.448700 0.018245 0.022702
0 0.021143 0.522790 0.019423 0.021955
0 0.622209 0.915312 0.022368 0.026465
0 0.096895 0.473325 0.018349 0.023776
0 0.416463 0.138861 0.018530 0.023619
0 0.353965 0.467998 0.016863 0.021589
0 0.038905 0.373968 0.017524 0.021444
0 0.051604 0.409189 0.016035 0.019910
0 0.574253 0.470938 0.018303 0.022930
0 0.783453 0.723122 0.017747 0.021395
0 0.260682 0.078862 0.020344 0.021345
0 0.122550 0.223699 0.018560 0.024068
0 0.024675 0.265310 0.017541 0.021238
0 0.921490 0.131268 0.018448 0.021134
0 0.374139 0.037831 0.015074 0.018635
0 0.471317 0.965721 0.018896 0.022170
0 0.168257 0.099666 0.018355 0.022123
0 0.161876 0.875003 0.019910 0.023326
0 0.684293 0.775315 0.018025 0.020682
0 0.754613 0.641295 0.018337 0.024072
0 0.596089 0.170431 0.018398 0.022944
0 0.136575 0.099767 0.016089 0.020810
0 0.389896 0.853963 0.016109 0.019462
0 0.314735 0.398896 0.021164 0.024614
0 0.602894 0.204020 0.018646 0.020927
0 0.316997 0.558136 0.018625 0.023246
0 0.309743 0.091447 0.017348 0.020822
0 0.192008 0.065282 0.016314 0.021197
0 0.937304 0.439944 0.019106 0.024114
0 0.302870 0.577792 0.016606 0.019740
0 0.308607 0.034345 0.019589 0.026105
0 0.951610 0.166358 0.016089 0.019426
0 0.900764 0.061947 0.021685 0.025202
0 0.689329 0.750081 0.019602 0.022036
0 0.369587 0.649851 0.017146 0.020965
0 0.020332 0.797850 0.015500 0.018924
0 0.160699 0.007794 0.017872 0.014756
0 0.069856 0.697813 0.017297 0.019171
0 0.849255 0.680013 0.020958 0.024062
0 0.541138 0.432445 0.018080 0.021390
0 0.616498 0.031190 0.016417 0.017949
0 0.425986 0.626443 0.016233 0.020009
0 0.150466 0.572225 0.017641 0.024242
0 0.148662 0.569522 0.021562 0.027630
0 0.629440 0.223278 0.015806 0.017901
0 0.540273 0.593243 0.012554 0.016429
0 0.577601 0.074643 0.014317 0.017912
0 0.259059 0.104112 0.021476 0.020442
0 0.568933 0.795879 0.013126 0.016577
0 0.297842 0.990900 0.012762 0.013062
0 0.393442 0.001548 0.017621 0.003096
0 0.191891 0.003636 0.016239 0.007271
0 0.343644 0.844642 0.015631 0.020534
