0 0.911821 0.882851 0.017097 0.021555
0 0.784217 0.895636 0.023865 0.031007
0 0.286686 0.016890 0.018083 0.024350
0 0.007373 0.733670 0.014747 0.020692
0 0.144462 0.915731 0.016919 0.021099
0 0.441446 0.308052 0.017738 0.021536
0 0.952967 0.440772 0.016716 0.021101
0 0.183650 0.753731 0.016301 0.020817
0 0.206813 0.741850 0.017351 0.019796
0 0.156213 0.888113 0.018837 0.024153
0 0.310292 0.341579 0.017921 0.023541
0 0.235651 0.739645 0.015945 0.023703
0 0.868401 0.873124 0.016667 0.019483
0 0.653574 0.034156 0.018780 0.023124
0 0.888436 0.294270 0.019201 0.024161
0 0.773680 0.232545 0.017491 0.022437
0 0.177469 0.865600 0.020749 0.025865
0 0.335419 0.228821 0.019127 0.023914
0 0.278219 0.753232 0.016168 0.021355
0 0.933726 0.756110 0.020662 0.023777
0 0.791026 0.251705 0.019017 0.026034
0 0.085787 0.505017 0.019726 0.022829
0 0.233069 0.552717 0.019133 0.024843
0 0.637078 0.297275 0.014816 0.018029
0 0.010396 0.271010 0.018152 0.021574
0 0.976552 0.288121 0.018821 0.024036
0 0.281166 0.603504 0.017427 0.020610
0 0.446954 0.595408 0.017249 0.020074
0 0.742122 0.374148 0.019660 0.023666
0 0.467296 0.033218 0.017798 0.022069
0 0.274821 0.674133 0.018624 0.021255
0 0.148127 0.280223 0.021417 0.022191
0 0.055327 0.216875 0.019862 0.022435
0 0.096543 0.604962 0.016216 0.019875
0 0.243277 0.454042 0.017666 0.022781
0 0.519015 0.681218 0.017098 0.021958
0 0.552940 0.146414 0.014854 0.017834
0 0.390593 0.366962 0.017388 0.022196
0 0.310688 0.279910 0.015727 0.019080
0 0.934263 0.678871 0.016429 0.018740
0 0.373222 0.047261 0.016818 0.023268
0 0.040960 0.413167 0.018225 0.022178
0 0.122328 0.279501 0.017107 0.021363
0 0.624444 0.020650 0.017892 0.026548
0 0.057508 0.863258 0.015600 0.020497
0 0.864772 0.625424 0.018031 0.023024
0 0.121226 0.908165 0.017497 0.022899
0 0.538594 0.656333 0.015824 0.019808
0 0.944132 0.503761 0.017231 0.020111
0 0.656746 0.361432 0.020559 0.025924
0 0.085017 0.872119 0.015898 0.021845
0 0.316494 0.744051 0.015475 0.020322
0 0.074730 0.302402 0.019559 0.023258
0 0.886268 0.348776 0.016495 0.020652
0 0.824750 0.985722 0.018240 0.019598
0 0.568317 0.177050 0.017159 0.022085
0 0.682693 0.196652 0.016296 0.020234
0 0.429074 0.363799 0.020157 0.022882
0 0.519873 0.405841 0.017729 0.024164
0 0.598757 0.288711 0.016473 0.020377
0 0.121850 0.797438 0.017417 0.020749
0 0.182572 0.082769 0.016358 0.020788
0 0.789188 0.864010 0.018443 0.021070
0 0.081213 0.946628 0.016389 0.020727
0 0.991918 0.039385 0.016163 0.023967
0 0.686752 0.613736 0.016720 0.019743
0 0.315688 0.389440 0.017523 0.019823
0 0.302628 0.946569 0.018180 0.022841
0 0.659686 0.278724 0.014095 0.018856
0 0.332225 0.131100 0.016851 0.022402
0 0.683707 0.294842 0.016411 0.019788
0 0.503179 0.882543 0.021145 0.024298
0 0.443671 0.113750 0.017777 0.020777
0 0.328858 0.293662 0.015105 0.019511
0 0.035772 0.988532 0.016860 0.018576
0 0.881922 0.417962 0.020308 0.025636
0 0.830282 0.232434 0.016065 0.018466
0 0.799323 0.082253 0.017384 0.019032
0 0.426759 0.663763 0.015903 0.020103
0 0.635046 0.505554 0.017095 0.020815
0 0.298539 0.151817 0.016783 0.020378
0 0.224422 0.069389 0.014714 0.018412
0 0.328356 0.407946 0.015031 0.019772
0 0.558143 0.904849 0.015154 0.017658
0 0.768138 0.207321 0.018922 0.020482
0 0.929878 0.216181 0.018379 0.022167
0 0.601156 0.151399 0.015671 0.019758
0 0.140263 0.096442 0.014282 0.017750
0 0.652886 0.276438 0.020197 0.021666
0 0.342758 0.505807 0.017557 0.018918
0 0.052267 0.134149 0.016855 0.019927
0 0.056416 0.174073 0.018448 0.023494
0 0.298971 0.258452 0.016096 0.019568
0 0.263962 0.573309 0.015685 0.018244
0 0.899834 0.108907 0.015312 0.020673
0 0.028570 0.175198 0.017382 0.024085
0 0.393239 0.492456 0.016538 0.020429
0 0.991465 0.239332 0.016767 0.020580
0 0.562714 0.886259 0.014737 0.015731
0 0.263450 0.736506 0.014009 0.016676
0 0.965475 0.522920 0.017008 0.018597
0 0.315096 0.240733 0.013648 0.016732
0 0.473065 0.254227 0.012707 0.017276
0 0.296379 0.256424 0.018581 0.021336
0 0.110380 0.640926 0.013748 0.018890
0 0.897246 0.107743 0.019093 0.019780
0 0.178148 0.707925 0.017587 0.026533
0 0.420728 0.403345 0.010777 0.012613
0 0.885184 0.891090 0.014490 0.020893
0 0.394958 0.515344 0.015948 0.021597
