0 0.912359 0.883073 0.017277 0.021289
0 0.248434 0.759497 0.017533 0.021774
0 0.007107 0.873165 0.014214 0.021410
0 0.573974 0.137988 0.013746 0.017991
0 0.809449 0.035148 0.018551 0.022411
0 0.214699 0.734626 0.015411 0.020550
0 0.357095 0.473593 0.015306 0.019790
0 0.192197 0.925156 0.018707 0.023933
0 0.171908 0.135238 0.015960 0.023324
0 0.011575 0.100117 0.015623 0.018430
0 0.157636 0.896880 0.019686 0.024790
0 0.400309 0.713076 0.016684 0.021939
0 0.076340 0.644571 0.015705 0.019542
0 0.232418 0.552928 0.017992 0.021898
0 0.089642 0.099209 0.017085 0.021349
0 0.087212 0.501807 0.018216 0.023325
0 0.766428 0.978036 0.016150 0.018915
0 0.198699 0.143529 0.016566 0.023140
0 0.960998 0.727105 0.016752 0.020929
0 0.832776 0.057238 0.017037 0.021051
0 0.093185 0.703161 0.016670 0.020235
0 0.032931 0.398107 0.014375 0.016874
0 0.544783 0.653044 0.015239 0.017721
0 0.186339 0.546731 0.019864 0.024887
0 0.792539 0.089618 0.018326 0.023723
0 0.388956 0.809568 0.016277 0.020826
0 0.792316 0.863895 0.016989 0.021246
0 0.127630 0.910004 0.016507 0.020602
0 0.879286 0.872591 0.016077 0.020842
0 0.956709 0.871479 0.016183 0.020092
0 0.800192 0.162445 0.016501 0.020618
0 0.027516 0.144331 0.018694 0.023836
0 0.113510 0.022012 0.016740 0.022534
0 0.267836 0.372758 0.014359 0.018196
0 0.467407 0.071369 0.017778 0.021262
0 0.031845 0.822270 0.018707 0.022779
0 0.051298 0.417934 0.017064 0.021032
0 0.982576 0.291920 0.018472 0.021956
0 0.435042 0.665497 0.014606 0.017733
0 0.473738 0.302642 0.016408 0.021766
0 0.294344 0.295511 0.016782 0.021008
0 0.658992 0.214385 0.017131 0.024421
0 0.794802 0.379800 0.018003 0.022142
0 0.131564 0.070810 0.017435 0.022131
0 0.750142 0.801760 0.016994 0.022276
0 0.777469 0.204993 0.016642 0.019919
0 0.572223 0.548662 0.016324 0.019350
0 0.511964 0.705061 0.017274 0.021026
0 0.174176 0.954530 0.024388 0.028634
0 0.705949 0.060695 0.015400 0.020926
0 0.302558 0.151094 0.016922 0.020634
0 0.128469 0.796798 0.016267 0.020851
0 0.379976 0.070217 0.018407 0.021332
0 0.793758 0.832319 0.021006 0.024897
0 0.995532 0.138152 0.008936 0.017406
0 0.637089 0.022133 0.015762 0.019090
0 0.061005 0.790289 0.016676 0.021665
0 0.236934 0.740725 0.014796 0.018981
0 0.344242 0.307608 0.017010 0.019345
0 0.212832 0.515599 0.014007 0.016039
0 0.208667 0.845180 0.016579 0.022494
0 0.084042 0.947187 0.015373 0.022198
0 0.393727 0.182483 0.015023 0.020402
0 0.634909 0.209185 0.015211 0.022196
0 0.775789 0.232516 0.015332 0.018858
0 0.884968 0.423962 0.017339 0.021347
0 0.552533 0.145014 0.014089 0.018665
0 0.521959 0.407665 0.016047 0.020736
0 0.693316 0.111835 0.017236 0.019581
0 0.869645 0.630476 0.015582 0.021112
0 0.333235 0.471480 0.015651 0.019024
0 0.177741 0.955904 0.020287 0.025931
0 0.994885 0.371926 0.010230 0.017742
0 0.305132 0.527918 0.017136 0.018893
0 0.877705 0.242413 0.014946 0.018106
0 0.068395 0.579808 0.015062 0.019064
0 0.020580 0.427808 0.014403 0.017029
0 0.831396 0.979054 0.015480 0.019428
0 0.236244 0.734563 0.015034 0.026226
0 0.201453 0.274414 0.015101 0.019358
0 0.306298 0.417384 0.013649 0.016682
0 0.669964 0.296110 0.014471 0.017834
0 0.927908 0.073879 0.013359 0.016047
0 0.796648 0.377515 0.019343 0.023128
0 0.300441 0.258390 0.014381 0.017421
0 0.005693 0.064600 0.011288 0.018977
0 0.702009 0.658843 0.012724 0.015860
0 0.657910 0.211566 0.020598 0.031672
0 0.422001 0.037576 0.014777 0.018240
0 0.271664 0.319430 0.015299 0.019325
0 0.314383 0.281855 0.013227 0.015895
0 0.345943 0.338428 0.013816 0.016473
