0 0.704100 0.273522 0.016111 0.020896
0 0.921126 0.763307 0.014718 0.019023
0 0.027861 0.343824 0.018703 0.022133
0 0.150028 0.444664 0.016661 0.022280
0 0.559412 0.521706 0.027566 0.035216
0 0.861012 0.629886 0.015654 0.019314
0 0.384180 0.361865 0.017949 0.021957
0 0.938425 0.810723 0.016079 0.019650
0 0.166187 0.023496 0.018449 0.021579
0 0.719981 0.254923 0.015839 0.020994
0 0.433539 0.753252 0.015976 0.020478
0 0.977571 0.191271 0.014064 0.019739
0 0.304822 0.579625 0.018602 0.021258
0 0.489913 0.625428 0.017020 0.021743
0 0.921549 0.735278 0.013560 0.016140
0 0.702336 0.738134 0.016681 0.019400
0 0.063329 0.154954 0.016553 0.018454
0 0.831634 0.905957 0.013516 0.022344
0 0.709681 0.693693 0.017890 0.021771
0 0.797430 0.823075 0.016348 0.022166
0 0.946482 0.329668 0.020269 0.023281
0 0.196981 0.302134 0.022103 0.025770
0 0.423621 0.874865 0.015713 0.020291
0 0.187355 0.577528 0.017429 0.021460
0 0.622013 0.059466 0.018058 0.021226
0 0.901035 0.775297 0.019430 0.023812
0 0.799817 0.950858 0.015840 0.018219
0 0.555195 0.317331 0.019183 0.024586
0 0.153900 0.604097 0.015115 0.019574
0 0.734658 0.979856 0.014632 0.018245
0 0.248448 0.388176 0.016944 0.020141
0 0.205282 0.840847 0.013378 0.016100
0 0.338643 0.130829 0.011731 0.013467
0 0.242157 0.520972 0.018081 0.022686
0 0.045530 0.384008 0.014567 0.019222
0 0.962012 0.181613 0.012782 0.016829
0 0.675801 0.962404 0.016464 0.020354
0 0.868165 0.946696 0.015749 0.019778
0 0.982762 0.650635 0.018049 0.023667
0 0.357295 0.829343 0.016047 0.019538
0 0.602822 0.861137 0.018682 0.022284
0 0.433267 0.245429 0.015748 0.019094
0 0.416803 0.854097 0.014498 0.017454
0 0.556002 0.599567 0.018104 0.023333
0 0.973306 0.795316 0.015569 0.018010
0 0.686028 0.644251 0.017464 0.022023
0 0.699676 0.766168 0.015542 0.020054
0 0.945307 0.458526 0.014790 0.019167
0 0.230898 0.368172 0.016354 0.022396
0 0.777193 0.010122 0.011986 0.014895
0 0.253848 0.991861 0.014600 0.013634
0 0.689532 0.712813 0.015301 0.020315
0 0.621774 0.107472 0.016314 0.021024
0 0.417366 0.551668 0.018458 0.022691
0 0.294619 0.130771 0.016251 0.020482
0 0.333816 0.292553 0.017409 0.022007
0 0.049103 0.246025 0.013917 0.018134
0 0.084531 0.432275 0.015775 0.017888
0 0.046792 0.835248 0.017682 0.021598
0 0.575903 0.278829 0.010559 0.013531
0 0.897349 0.469570 0.016184 0.019166
0 0.597780 0.185685 0.017673 0.020743
0 0.500365 0.292858 0.013179 0.015899
0 0.854057 0.570460 0.017764 0.020876
0 0.217192 0.453498 0.016646 0.019678
0 0.882232 0.919083 0.015426 0.019539
0 0.187487 0.858621 0.016907 0.021742
0 0.414651 0.092636 0.017349 0.022097
0 0.996177 0.778679 0.007647 0.020590
0 0.758462 0.292104 0.016730 0.021690
0 0.946328 0.294403 0.018835 0.021744
0 0.075484 0.964051 0.014953 0.018353
0 0.145045 0.114885 0.016054 0.019818
0 0.597521 0.273753 0.011592 0.014145
0 0.080219 0.251604 0.015589 0.020193
0 0.852542 0.255827 0.017578 0.019507
0 0.316705 0.552220 0.016197 0.021563
0 0.742760 0.901918 0.014833 0.018101
0 0.722879 0.450681 0.013877 0.018279
0 0.301538 0.051750 0.016916 0.021000
0 0.233842 0.317348 0.019474 0.025665
0 0.076735 0.514576 0.017666 0.023005
0 0.963531 0.463026 0.014389 0.019370
0 0.816007 0.647816 0.014432 0.020318
0 0.434988 0.431966 0.016548 0.019949
0 0.932737 0.878965 0.014642 0.018350
0 0.489373 0.459940 0.017718 0.023120
0 0.360414 0.300972 0.016252 0.019428
0 0.818204 0.102196 0.015559 0.019370
0 0.205783 0.529081 0.011790 0.013977
0 0.306635 0.851938 0.019988 0.023713
0 0.476417 0.308377 0.016281 0.019757
0 0.913449 0.456396 0.013766 0.019032
0 0.326598 0.598771 0.015639 0.019245
0 0.349741 0.543291 0.016839 0.019944
0 0.581037 0.911722 0.013672 0.017178
0 0.779832 0.458429 0.016952 0.022559
0 0.121886 0.465523 0.013676 0.016561
0 0.727683 0.886921 0.014774 0.019018
0 0.135645 0.361145 0.018330 0.022438
0 0.348939 0.734924 0.019738 0.022686
0 0.802238 0.726631 0.015122 0.018059
0 0.814728 0.905035 0.016245 0.022496
0 0.423418 0.153026 0.016468 0.020145
0 0.904542 0.569775 0.014626 0.021429
0 0.360596 0.469411 0.017368 0.021506
0 0.348694 0.810223 0.014751 0.017914
0 0.313082 0.103420 0.015881 0.018506
0 0.510981 0.394358 0.018777 0.019141
0 0.421985 0.469215 0.014879 0.019238
0 0.018283 0.287096 0.014201 0.017899
0 0.685124 0.287933 0.014511 0.018218
0 0.050114 0.928244 0.016238 0.018772
0 0.882159 0.304559 0.017845 0.021048
0 0.441855 0.344606 0.013066 0.016620
0 0.518197 0.743090 0.014763 0.018182
0 0.386444 0.842107 0.015702 0.019158
0 0.965856 0.149469 0.015467 0.019691
0 0.438325 0.618820 0.017186 0.021172
0 0.684714 0.882275 0.012517 0.016779
0 0.366536 0.980943 0.014856 0.017137
0 0.698883 0.461679 0.016696 0.020927
0 0.864451 0.424334 0.015685 0.020781
0 0.240189 0.665926 0.016387 0.020204
0 0.694540 0.056694 0.018426 0.021312
0 0.118608 0.987292 0.012254 0.016358
0 0.555753 0.981587 0.016252 0.019646
0 0.084624 0.600471 0.014879 0.017699
0 0.700070 0.249791 0.011326 0.014847
0 0.304436 0.402124 0.018944 0.022236
0 0.060902 0.426937 0.014509 0.017015
0 0.965947 0.971566 0.016569 0.020898
0 0.903923 0.731805 0.013372 0.018558
0 0.923677 0.717984 0.014557 0.016874
0 0.932292 0.981171 0.016045 0.020742
0 0.812682 0.358642 0.015682 0.019653
0 0.798352 0.938205 0.018030 0.024616
0 0.331930 0.257978 0.012718 0.015992
0 0.582268 0.786709 0.013307 0.017105
0 0.384817 0.216952 0.015347 0.020976
0 0.993450 0.160710 0.013101 0.019969
0 0.266871 0.117790 0.014740 0.016819
0 0.967592 0.915043 0.013100 0.018313
0 0.752440 0.654648 0.014366 0.020116
0 0.161191 0.706774 0.015307 0.019127
0 0.578976 0.467663 0.020519 0.023630
0 0.208219 0.285803 0.012098 0.016678
0 0.708231 0.720304 0.012554 0.014932
0 0.533361 0.534968 0.015173 0.019232
0 0.821930 0.904847 0.029151 0.025930
0 0.296836 0.282972 0.017773 0.020463
0 0.366853 0.007829 0.016441 0.014506
0 0.708283 0.933607 0.009649 0.013369
0 0.799249 0.947596 0.017892 0.023429
0 0.943229 0.790647 0.015490 0.016263
0 0.956789 0.961661 0.012288 0.017987
0 0.798881 0.943738 0.018784 0.032690
0 0.416970 0.750508 0.011072 0.017379
0 0.040027 0.360800 0.013882 0.015629
0 0.471215 0.526418 0.010949 0.013564
0 0.949141 0.291240 0.020399 0.021829
0 0.189256 0.569422 0.018287 0.030143
0 0.038178 0.358961 0.014067 0.015557
0 0.933440 0.444556 0.014015 0.018242
0 0.231449 0.652083 0.013824 0.016559
0 0.580442 0.910819 0.016134 0.021793
