0 0.631769 0.948085 0.019945 0.025263
0 0.514887 0.969301 0.020334 0.026811
0 0.830063 0.008692 0.014145 0.014659
0 0.123207 0.165685 0.020835 0.025858
0 0.038114 0.935315 0.018071 0.024003
0 0.625720 0.664535 0.015902 0.020492
0 0.817937 0.872013 0.017742 0.021362
0 0.389487 0.088615 0.016307 0.021372
0 0.815654 0.264411 0.015165 0.023025
0 0.283219 0.387116 0.018832 0.023324
0 0.010341 0.658858 0.018231 0.019953
0 0.755760 0.868846 0.019548 0.023237
0 0.756574 0.050982 0.018080 0.021166
0 0.598737 0.667995 0.018408 0.023221
0 0.830604 0.895708 0.015764 0.019830
0 0.659460 0.680327 0.017484 0.021409
0 0.482826 0.133723 0.020669 0.027643
0 0.742829 0.952689 0.018460 0.020958
0 0.786266 0.655967 0.016497 0.021831
0 0.466752 0.676789 0.017860 0.022238
0 0.253546 0.471213 0.019350 0.024403
0 0.196452 0.927216 0.017152 0.023250
0 0.736863 0.193859 0.017167 0.022725
0 0.119140 0.490860 0.017018 0.022052
0 0.211957 0.949207 0.018509 0.022316
0 0.647277 0.059481 0.017210 0.022817
0 0.845590 0.511627 0.018615 0.022671
0 0.289574 0.020057 0.018754 0.023476
0 0.672604 0.138627 0.017759 0.025539
0 0.070676 0.920079 0.017806 0.021725
0 0.331435 0.821778 0.015341 0.019837
0 0.707126 0.584943 0.016688 0.022504
0 0.071922 0.037919 0.018640 0.023719
0 0.369112 0.640656 0.014776 0.019969
0 0.977253 0.241793 0.020361 0.023797
0 0.981334 0.722819 0.018149 0.022549
0 0.572497 0.678996 0.015525 0.019538
0 0.133658 0.234351 0.018277 0.023050
0 0.464806 0.870252 0.014427 0.017276
0 0.786996 0.267301 0.014969 0.019682
0 0.842709 0.540697 0.017611 0.021703
0 0.464553 0.940458 0.018056 0.020910
0 0.302500 0.825874 0.016300 0.021274
0 0.809740 0.640967 0.018384 0.022971
0 0.160728 0.918406 0.017037 0.022599
0 0.523718 0.064404 0.017557 0.021287
0 0.093794 0.791745 0.018431 0.025564
0 0.706585 0.547888 0.017682 0.023230
0 0.476924 0.893621 0.019032 0.021997
0 0.975079 0.871128 0.019125 0.025461
0 0.252960 0.515979 0.017161 0.021835
0 0.855209 0.669106 0.019217 0.021893
0 0.383936 0.649320 0.013973 0.018795
0 0.233877 0.946212 0.012129 0.016666
0 0.521974 0.615621 0.016581 0.019860
0 0.047855 0.071921 0.017478 0.021539
0 0.767866 0.964183 0.016805 0.019770
0 0.435367 0.127184 0.017245 0.021246
0 0.371396 0.819508 0.020080 0.025167
0 0.253560 0.955317 0.016049 0.023301
0 0.219017 0.230878 0.017632 0.021982
0 0.017286 0.057816 0.016545 0.018360
0 0.338847 0.868151 0.019581 0.022223
0 0.839483 0.024421 0.011255 0.013857
0 0.536906 0.437235 0.016464 0.020261
0 0.005454 0.215727 0.010903 0.016212
0 0.009481 0.092554 0.016444 0.020985
0 0.684692 0.694970 0.016551 0.021746
0 0.548623 0.041877 0.015135 0.019745
0 0.230333 0.507732 0.016405 0.025047
0 0.827127 0.037416 0.013388 0.017419
0 0.134089 0.133212 0.017823 0.020684
0 0.889592 0.098727 0.017702 0.023668
0 0.097255 0.482599 0.017035 0.023453
0 0.935011 0.890242 0.015105 0.019597
0 0.335113 0.013111 0.018028 0.023918
0 0.634646 0.377301 0.016775 0.020542
0 0.178591 0.254235 0.015810 0.019011
0 0.408843 0.510908 0.013511 0.018720
0 0.507380 0.288929 0.019099 0.025253
0 0.314263 0.043498 0.015951 0.023422
0 0.328547 0.100010 0.018773 0.025201
0 0.019553 0.896029 0.016828 0.018782
0 0.311515 0.016788 0.016391 0.023687
0 0.401084 0.008457 0.013312 0.014755
0 0.847313 0.050727 0.013898 0.019222
0 0.453628 0.260770 0.018454 0.023712
0 0.842136 0.968747 0.016446 0.020745
0 0.045950 0.902909 0.014724 0.018655
0 0.739470 0.513328 0.015277 0.019395
0 0.819030 0.968238 0.015974 0.021598
0 0.691421 0.022872 0.015831 0.019897
0 0.009192 0.120983 0.017119 0.020450
0 0.173890 0.978341 0.015420 0.018349
0 0.489070 0.599345 0.017237 0.021427
0 0.461359 0.133726 0.015913 0.022713
0 0.193119 0.661288 0.017116 0.021899
0 0.815486 0.066933 0.013399 0.018585
0 0.463629 0.348351 0.012698 0.017354
0 0.731896 0.250114 0.015666 0.018191
0 0.950829 0.700112 0.014684 0.018607
0 0.808043 0.407781 0.017602 0.020584
0 0.614121 0.115331 0.017780 0.021284
0 0.022845 0.480176 0.016848 0.022318
0 0.672992 0.814585 0.015327 0.018373
0 0.548481 0.343413 0.015192 0.019257
0 0.780912 0.830377 0.016386 0.021277
0 0.994298 0.378697 0.011404 0.021300
0 0.871517 0.636181 0.017891 0.020761
0 0.751397 0.568301 0.019018 0.022767
0 0.655813 0.833270 0.016216 0.020213
0 0.950003 0.512065 0.017170 0.021242
0 0.868935 0.914557 0.016393 0.019714
0 0.798157 0.767138 0.017694 0.021160
0 0.908406 0.138851 0.015380 0.020354
0 0.518997 0.681093 0.016470 0.020393
0 0.629581 0.772710 0.017978 0.023258
0 0.494033 0.543656 0.017341 0.021387
0 0.210255 0.320748 0.017360 0.021337
0 0.275521 0.455486 0.019488 0.024474
0 0.253665 0.602557 0.017198 0.021315
0 0.683525 0.134505 0.013916 0.021206
0 0.659893 0.605141 0.018509 0.021932
0 0.829197 0.581505 0.015426 0.018296
0 0.089284 0.851699 0.017432 0.023718
0 0.377431 0.042161 0.015367 0.017661
0 0.810847 0.710570 0.016213 0.021785
0 0.423722 0.043758 0.016382 0.021294
0 0.073875 0.077330 0.017244 0.021188
0 0.842491 0.475094 0.011811 0.014104
0 0.299080 0.099780 0.015163 0.017904
0 0.035529 0.877396 0.014895 0.015939
0 0.110388 0.068526 0.016103 0.019688
0 0.033912 0.685084 0.014812 0.019806
0 0.111648 0.539676 0.018373 0.021302
0 0.626490 0.081382 0.013719 0.016664
0 0.802055 0.980761 0.015142 0.018438
0 0.398720 0.676493 0.015541 0.018926
0 0.587421 0.350891 0.017336 0.021748
0 0.496572 0.386130 0.016209 0.021988
0 0.176625 0.116269 0.014651 0.017943
0 0.673847 0.990750 0.014539 0.015609
0 0.415648 0.680608 0.012534 0.015849
0 0.471666 0.722049 0.012994 0.017725
0 0.366511 0.976129 0.015863 0.020059
0 0.263485 0.785312 0.017061 0.022379
0 0.889302 0.991383 0.017451 0.015670
0 0.351549 0.036111 0.017117 0.020391
0 0.008137 0.499212 0.016274 0.021335
0 0.535793 0.890827 0.013108 0.017382
0 0.424636 0.659608 0.014356 0.019324
0 0.363755 0.951672 0.013524 0.019537
0 0.046747 0.730042 0.018181 0.021557
0 0.040336 0.008502 0.015000 0.014653
0 0.738999 0.588641 0.014190 0.018070
0 0.377486 0.007548 0.014518 0.013173
0 0.475617 0.007373 0.014507 0.012999
0 0.100867 0.933805 0.014342 0.017119
0 0.238180 0.747808 0.011664 0.015071
0 0.017025 0.923477 0.010671 0.015498
0 0.676418 0.137611 0.023246 0.026642
0 0.195197 0.995179 0.016870 0.009642
0 0.332024 0.046466 0.014718 0.021883
0 0.434021 0.176250 0.012489 0.016525
0 0.845454 0.918109 0.011472 0.017040
0 0.738211 0.469149 0.013714 0.016629
0 0.290361 0.976512 0.012009 0.014871
0 0.781813 0.072823 0.019621 0.023844
0 0.527791 0.118349 0.011724 0.015785
0 0.046354 0.111814 0.014990 0.018777
0 0.221020 0.008911 0.012529 0.015115
0 0.653435 0.531607 0.016911 0.022062
0 0.832558 0.244963 0.013652 0.016733
0 0.730972 0.413923 0.011267 0.015291
0 0.231514 0.504692 0.017372 0.028079
0 0.945282 0.206383 0.012000 0.015415
0 0.432471 0.432494 0.012680 0.016743
0 0.872689 0.056102 0.011947 0.014270
0 0.428056 0.323436 0.012417 0.015554
0 0.349925 0.645224 0.014475 0.019666
0 0.964040 0.205881 0.010759 0.013959
0 0.189524 0.336334 0.015854 0.020400
