0 0.837327 0.304368 0.018091 0.022360
0 0.614057 0.660507 0.015626 0.021101
0 0.114676 0.487992 0.017703 0.022307
0 0.055535 0.207016 0.019621 0.022755
0 0.279849 0.384719 0.018350 0.024454
0 0.415058 0.557609 0.014148 0.017403
0 0.085362 0.921507 0.018630 0.022466
0 0.073545 0.808583 0.015511 0.020047
0 0.764533 0.949085 0.015578 0.020544
0 0.094692 0.676748 0.017184 0.020983
0 0.321881 0.578391 0.018873 0.024733
0 0.663065 0.234090 0.017657 0.021947
0 0.132494 0.179709 0.020336 0.024431
0 0.516149 0.293287 0.017712 0.021592
0 0.624743 0.944696 0.019365 0.025625
0 0.057253 0.905809 0.013532 0.015101
0 0.471492 0.065167 0.015166 0.020269
0 0.718810 0.216259 0.018059 0.023529
0 0.793217 0.687453 0.016548 0.019847
0 0.130547 0.230305 0.016229 0.021614
0 0.039057 0.313529 0.016890 0.022292
0 0.009628 0.025608 0.015100 0.015209
0 0.004521 0.677187 0.009043 0.019087
0 0.981050 0.702391 0.013783 0.018052
0 0.518724 0.236877 0.019435 0.025149
0 0.033348 0.931656 0.017048 0.021847
0 0.018537 0.958194 0.015424 0.020019
0 0.767203 0.826327 0.019553 0.022150
0 0.453092 0.774062 0.019553 0.026369
0 0.598835 0.633460 0.014059 0.018869
0 0.726608 0.913121 0.019036 0.023072
0 0.141395 0.436611 0.016539 0.020308
0 0.211256 0.684963 0.018391 0.023114
0 0.382975 0.085174 0.017096 0.021413
0 0.508857 0.108998 0.016024 0.019384
0 0.565295 0.880670 0.016942 0.022610
0 0.314270 0.294447 0.015767 0.020345
0 0.021210 0.211086 0.013643 0.017028
0 0.514550 0.966379 0.020569 0.025280
0 0.272431 0.059923 0.015936 0.019222
0 0.213267 0.225549 0.017274 0.020161
0 0.740039 0.539023 0.015360 0.019229
0 0.248470 0.083784 0.015686 0.017414
0 0.530310 0.431964 0.015961 0.021476
0 0.464520 0.679443 0.015633 0.018362
0 0.980681 0.914108 0.014762 0.016939
0 0.245112 0.468720 0.020254 0.024760
0 0.973209 0.322759 0.015851 0.019363
0 0.782774 0.936261 0.015779 0.018905
0 0.587735 0.709480 0.016728 0.020265
0 0.310372 0.928015 0.016649 0.024187
0 0.868585 0.326489 0.019669 0.021110
0 0.990378 0.648608 0.015634 0.019539
0 0.996705 0.813551 0.006590 0.025011
0 0.015813 0.165529 0.014828 0.018353
0 0.815174 0.870006 0.018725 0.023973
0 0.331545 0.037265 0.013586 0.015283
0 0.804971 0.778272 0.017267 0.019904
0 0.661223 0.940978 0.012794 0.015506
0 0.132383 0.486913 0.012645 0.020841
0 0.821862 0.502377 0.012617 0.016582
0 0.227746 0.955058 0.014815 0.019739
0 0.220763 0.415906 0.013499 0.015311
0 0.800585 0.057936 0.015079 0.021343
0 0.330372 0.107411 0.015494 0.019668
0 0.932112 0.896063 0.014814 0.018785
0 0.046493 0.514798 0.019039 0.021897
0 0.197255 0.203364 0.014343 0.016660
0 0.903878 0.991570 0.015353 0.015113
0 0.388608 0.856441 0.016094 0.021278
0 0.299507 0.051119 0.013956 0.016705
0 0.379597 0.653048 0.015409 0.021151
0 0.880652 0.234427 0.013212 0.018272
0 0.148119 0.531708 0.014404 0.017919
0 0.798133 0.958202 0.013914 0.018181
0 0.548407 0.935557 0.016292 0.021315
0 0.368650 0.404331 0.014866 0.018220
0 0.049000 0.516920 0.017471 0.020383
0 0.450265 0.256476 0.014245 0.018881
0 0.017345 0.047747 0.015848 0.020873
0 0.836917 0.732781 0.011052 0.013476
0 0.812885 0.656667 0.016458 0.021042
0 0.851380 0.938781 0.015540 0.021144
0 0.512239 0.078386 0.016021 0.019472
0 0.464084 0.336228 0.013641 0.016088
0 0.326690 0.819454 0.017988 0.022273
0 0.272588 0.088494 0.014851 0.023779
0 0.220868 0.196455 0.013074 0.017696
0 0.256722 0.951264 0.015255 0.019289
0 0.571855 0.626585 0.013340 0.015447
0 0.509638 0.963531 0.022525 0.026246
0 0.809599 0.087775 0.014248 0.018089
0 0.959424 0.511759 0.015719 0.019011
0 0.081501 0.710083 0.012957 0.016353
0 0.653936 0.973973 0.013483 0.018926
0 0.353350 0.543511 0.013991 0.020307
0 0.739963 0.179626 0.016953 0.020183
0 0.044589 0.877722 0.013217 0.017265
0 0.107045 0.231756 0.014494 0.019599
0 0.247493 0.930110 0.018287 0.020317
0 0.802805 0.404495 0.014812 0.018962
0 0.061250 0.178425 0.016650 0.019440
0 0.844458 0.889082 0.015311 0.019653
0 0.104484 0.549742 0.016199 0.020080
0 0.696323 0.414895 0.013660 0.017261
0 0.200401 0.880452 0.015886 0.018992
0 0.657681 0.181040 0.014081 0.018045
0 0.919525 0.632560 0.013254 0.017238
0 0.239948 0.981064 0.013843 0.018334
0 0.473531 0.546326 0.013796 0.016300
0 0.064581 0.726422 0.013331 0.015814
0 0.581948 0.660154 0.014349 0.017044
0 0.245990 0.222357 0.012770 0.017510
0 0.656865 0.679151 0.014374 0.019452
0 0.100014 0.016977 0.015599 0.020159
0 0.742352 0.180894 0.014435 0.018335
0 0.519119 0.259316 0.012121 0.015728
0 0.082851 0.227449 0.014001 0.018430
0 0.066316 0.535790 0.014043 0.019449
0 0.314852 0.077510 0.015116 0.019522
0 0.675002 0.991791 0.016094 0.014667
0 0.911185 0.176698 0.015839 0.017298
