0 0.888769 0.879897 0.020553 0.022348
0 0.501928 0.218620 0.021643 0.025098
0 0.101106 0.875353 0.024037 0.029685
0 0.173838 0.899469 0.020016 0.024522
0 0.160546 0.273807 0.016581 0.021744
0 0.937082 0.889861 0.019872 0.023144
0 0.202578 0.727923 0.027313 0.034268
0 0.903282 0.327893 0.020289 0.023209
0 0.381877 0.324381 0.020010 0.023069
0 0.315019 0.375176 0.029817 0.032911
0 0.930733 0.565945 0.024306 0.030547
0 0.329345 0.860078 0.022818 0.024125
0 0.412218 0.293919 0.021531 0.025607
0 0.705370 0.947277 0.019470 0.023777
0 0.079886 0.486057 0.020533 0.024998
0 0.676326 0.560781 0.021734 0.027567
0 0.827546 0.669085 0.020027 0.023493
0 0.256444 0.561437 0.018550 0.025754
0 0.461006 0.265689 0.017813 0.023544
0 0.873023 0.901042 0.018682 0.022657
0 0.576406 0.075502 0.023347 0.026704
0 0.906810 0.289365 0.021851 0.028812
0 0.257947 0.750014 0.015768 0.020778
0 0.333722 0.247747 0.021234 0.021654
0 0.110551 0.331298 0.017550 0.020528
0 0.015022 0.328794 0.017234 0.022621
0 0.123594 0.441458 0.019075 0.023860
0 0.786777 0.386411 0.020475 0.020971
0 0.066338 0.720418 0.019054 0.024109
0 0.116059 0.288345 0.017772 0.023217
0 0.240321 0.891136 0.019631 0.023636
0 0.181962 0.942875 0.019993 0.023830
0 0.550701 0.700046 0.019801 0.022006
0 0.498359 0.155879 0.019434 0.025929
0 0.789150 0.215566 0.017614 0.022211
0 0.094608 0.309336 0.018956 0.023147
0 0.793479 0.245154 0.021973 0.025258
0 0.054726 0.445805 0.017682 0.021396
0 0.888213 0.639858 0.020888 0.024421
0 0.918915 0.120165 0.023087 0.026630
0 0.278978 0.743311 0.018295 0.024008
0 0.607337 0.055613 0.021089 0.026930
0 0.215071 0.299001 0.019950 0.023227
0 0.202865 0.925701 0.016536 0.021143
0 0.816352 0.127217 0.018161 0.021043
0 0.538518 0.416649 0.019854 0.024693
0 0.144729 0.291175 0.018160 0.023716
0 0.305485 0.089857 0.017246 0.020016
0 0.156837 0.562466 0.019082 0.024392
0 0.616944 0.612773 0.020543 0.022228
0 0.923056 0.908356 0.016138 0.020205
0 0.741424 0.388633 0.018720 0.022670
0 0.349934 0.304196 0.017400 0.020208
0 0.164802 0.528033 0.020547 0.026610
0 0.112461 0.209264 0.018071 0.021171
0 0.270288 0.262402 0.017960 0.021773
0 0.691901 0.891416 0.018307 0.021986
0 0.360190 0.109218 0.018556 0.028345
0 0.150581 0.748308 0.018562 0.022149
0 0.023237 0.821918 0.018909 0.021505
0 0.321819 0.164218 0.018826 0.022741
0 0.164829 0.715362 0.019862 0.021923
0 0.270717 0.081510 0.020464 0.025508
0 0.348483 0.392023 0.016125 0.020237
0 0.047542 0.187533 0.020739 0.025826
0 0.302191 0.277817 0.016919 0.024560
0 0.253457 0.788854 0.018765 0.022062
0 0.902204 0.429128 0.022130 0.026897
0 0.524193 0.613600 0.019009 0.023023
0 0.778465 0.471427 0.022122 0.026512
0 0.816764 0.882167 0.020566 0.025669
0 0.309767 0.118227 0.018415 0.022150
0 0.324276 0.272519 0.017638 0.021618
0 0.284016 0.582168 0.014790 0.018294
0 0.414057 0.734473 0.019701 0.023777
0 0.462156 0.324344 0.020437 0.023112
0 0.821053 0.094794 0.019637 0.023555
0 0.954044 0.689632 0.019919 0.022335
0 0.242105 0.184598 0.017425 0.021492
0 0.508691 0.264930 0.017027 0.021162
0 0.587395 0.708107 0.018959 0.023818
0 0.487619 0.485522 0.019268 0.022618
0 0.200343 0.244110 0.017500 0.020901
0 0.819409 0.326988 0.018701 0.022341
0 0.524024 0.036765 0.019134 0.022538
0 0.674963 0.306263 0.019818 0.023909
0 0.330062 0.409877 0.016002 0.022929
0 0.450796 0.678815 0.017997 0.027005
0 0.679283 0.188247 0.017628 0.020648
0 0.662076 0.675799 0.018303 0.022502
0 0.061604 0.421764 0.016345 0.018907
0 0.955221 0.511685 0.018438 0.022412
0 0.702358 0.082484 0.017378 0.024099
0 0.349763 0.223273 0.016314 0.021174
0 0.525767 0.117443 0.018403 0.022706
0 0.717492 0.098714 0.016320 0.019440
0 0.568418 0.162063 0.015870 0.019962
0 0.532667 0.972133 0.019749 0.025893
0 0.624752 0.156909 0.017330 0.022439
0 0.722691 0.853906 0.020830 0.025069
0 0.216687 0.271791 0.017943 0.019261
0 0.003993 0.273710 0.007987 0.027756
0 0.128493 0.311919 0.014754 0.018190
0 0.870958 0.685103 0.018984 0.021438
0 0.409654 0.340478 0.015177 0.018766
0 0.760170 0.216705 0.016934 0.022806
0 0.581049 0.140570 0.015665 0.020189
0 0.487061 0.262111 0.015282 0.020754
0 0.996990 0.928608 0.006020 0.023531
0 0.904187 0.901005 0.014811 0.019286
0 0.200927 0.241064 0.019149 0.023727
0 0.323544 0.268741 0.019635 0.026833
0 0.179163 0.842851 0.014770 0.017717
