0 0.315787 0.057164 0.017034 0.020466
0 0.007225 0.671374 0.014450 0.020715
0 0.499386 0.192780 0.020203 0.026128
0 0.625617 0.944667 0.019093 0.026744
0 0.280792 0.384930 0.019360 0.024615
0 0.117714 0.489096 0.017134 0.021846
0 0.305474 0.824145 0.016599 0.021730
0 0.721339 0.899714 0.013739 0.018615
0 0.108528 0.621116 0.017493 0.022000
0 0.185759 0.945329 0.015328 0.019063
0 0.017134 0.474916 0.019774 0.018761
0 0.770693 0.949251 0.015946 0.020652
0 0.802831 0.619623 0.016691 0.021001
0 0.236530 0.931665 0.014155 0.018833
0 0.831499 0.289150 0.018189 0.020408
0 0.597074 0.139068 0.017166 0.020975
0 0.329119 0.820682 0.014655 0.019567
0 0.124040 0.171849 0.018355 0.022316
0 0.511597 0.966108 0.020871 0.026363
0 0.498881 0.874227 0.016993 0.022238
0 0.036803 0.904004 0.012893 0.016240
0 0.130919 0.232557 0.016693 0.022269
0 0.234775 0.203142 0.017005 0.020248
0 0.799049 0.222584 0.017858 0.022327
0 0.801385 0.955093 0.015240 0.019344
0 0.073147 0.806034 0.015089 0.019756
0 0.959940 0.016945 0.018050 0.022778
0 0.628890 0.082592 0.014355 0.017365
0 0.240253 0.027247 0.014698 0.016365
0 0.075000 0.929351 0.017048 0.020547
0 0.692219 0.371589 0.013587 0.018109
0 0.768601 0.797855 0.019845 0.023520
0 0.785372 0.652727 0.017905 0.020385
0 0.270964 0.899149 0.016396 0.021262
0 0.714935 0.166950 0.019111 0.020388
0 0.984627 0.675488 0.016810 0.020145
0 0.733390 0.533976 0.019292 0.024879
0 0.936022 0.887748 0.016041 0.018849
0 0.907976 0.989384 0.014356 0.017506
0 0.825641 0.525206 0.015168 0.019750
0 0.651812 0.680101 0.015313 0.019994
0 0.089125 0.173614 0.016826 0.020814
0 0.019415 0.396054 0.014798 0.019239
0 0.244773 0.467490 0.019067 0.022399
0 0.273646 0.290891 0.015588 0.020956
0 0.608022 0.617247 0.015774 0.020260
0 0.465405 0.788551 0.018518 0.022206
0 0.047234 0.150061 0.014398 0.018414
0 0.033990 0.933859 0.016453 0.021693
0 0.576277 0.585907 0.016094 0.018667
0 0.465493 0.678245 0.015944 0.020971
0 0.815845 0.869260 0.018094 0.023277
0 0.252969 0.954595 0.014118 0.019066
0 0.863151 0.549286 0.015783 0.020249
0 0.849543 0.667667 0.015083 0.019037
0 0.215526 0.695214 0.015101 0.018469
0 0.269937 0.960534 0.011878 0.017416
0 0.473912 0.167199 0.014351 0.018423
0 0.660886 0.133080 0.015692 0.020825
0 0.450596 0.260093 0.015997 0.020521
0 0.041574 0.980256 0.014390 0.016877
0 0.285668 0.524425 0.017078 0.023376
0 0.945678 0.968700 0.018862 0.020655
0 0.382107 0.655939 0.015382 0.020686
0 0.214959 0.227543 0.016030 0.019810
0 0.801412 0.056581 0.014670 0.018959
0 0.018952 0.214267 0.013131 0.015029
0 0.106500 0.469720 0.014879 0.018068
0 0.084874 0.348680 0.014445 0.020153
0 0.385914 0.084527 0.014810 0.021233
0 0.330286 0.040501 0.013769 0.016957
0 0.367719 0.649575 0.014413 0.017870
0 0.022329 0.141994 0.017262 0.023341
0 0.299106 0.040351 0.014995 0.018567
0 0.742550 0.918737 0.017038 0.021013
0 0.467073 0.336203 0.016015 0.018804
0 0.530996 0.434401 0.016951 0.020952
0 0.566451 0.936422 0.014279 0.019313
0 0.552506 0.605264 0.015344 0.018479
0 0.857519 0.110141 0.014610 0.017900
0 0.837881 0.501552 0.014623 0.016302
0 0.205111 0.930050 0.014435 0.018716
0 0.594911 0.650218 0.014833 0.017913
0 0.787259 0.749317 0.017549 0.021926
0 0.993632 0.249498 0.012737 0.022245
0 0.077028 0.705890 0.014749 0.019667
0 0.824825 0.041868 0.014549 0.020256
0 0.233648 0.617797 0.012912 0.015047
0 0.490402 0.070646 0.016779 0.020498
0 0.078427 0.654087 0.016743 0.020834
0 0.974840 0.011973 0.011007 0.018159
0 0.696695 0.933941 0.015636 0.020070
0 0.061984 0.355184 0.014776 0.019051
0 0.307429 0.484145 0.014790 0.019281
0 0.347204 0.054605 0.013814 0.016316
0 0.817402 0.670234 0.015502 0.021013
0 0.741637 0.118857 0.016629 0.021307
0 0.533130 0.845103 0.016390 0.020815
0 0.472279 0.517695 0.012534 0.018379
0 0.071946 0.213920 0.015092 0.018936
0 0.673480 0.991014 0.014214 0.015045
0 0.086512 0.842396 0.015592 0.018379
0 0.145664 0.034918 0.014982 0.016584
0 0.843275 0.862471 0.014278 0.019277
0 0.663629 0.374388 0.014781 0.017499
0 0.838129 0.923527 0.014783 0.018519
0 0.063096 0.045587 0.016903 0.022300
0 0.217452 0.452765 0.016858 0.020522
0 0.322651 0.088490 0.013284 0.018844
0 0.114925 0.551423 0.016131 0.021530
0 0.993137 0.626195 0.013727 0.022959
0 0.427951 0.758953 0.016590 0.022658
0 0.743640 0.415343 0.012957 0.016781
0 0.126108 0.448885 0.013384 0.013854
0 0.738394 0.586423 0.012683 0.018670
0 0.357364 0.505800 0.014911 0.020555
0 0.349074 0.980082 0.013071 0.013858
0 0.627590 0.345547 0.014165 0.020508
0 0.789895 0.907822 0.015497 0.017990
0 0.276464 0.868930 0.013278 0.018051
0 0.286623 0.019266 0.014613 0.020385
0 0.997003 0.813051 0.005995 0.022994
0 0.661212 0.606192 0.015237 0.017113
0 0.648248 0.155011 0.011206 0.014679
0 0.492707 0.223890 0.012356 0.016120
0 0.575480 0.251342 0.012874 0.014397
0 0.658728 0.970845 0.014779 0.021696
0 0.872384 0.600479 0.015431 0.021458
0 0.112692 0.363478 0.011239 0.012540
0 0.519016 0.297935 0.016363 0.020609
0 0.120173 0.558996 0.015283 0.016862
0 0.958809 0.231547 0.014016 0.017187
0 0.425515 0.680558 0.012976 0.017767
0 0.519484 0.504273 0.011901 0.016576
0 0.807445 0.402763 0.016192 0.018388
0 0.010379 0.090568 0.013341 0.018615
0 0.363604 0.068134 0.012516 0.019913
0 0.004786 0.113351 0.009571 0.019071
0 0.905015 0.134655 0.015147 0.016906
0 0.272466 0.709220 0.016604 0.019412
0 0.618492 0.972977 0.012226 0.017014
0 0.264337 0.033745 0.015612 0.020020
0 0.330134 0.616590 0.014179 0.017517
0 0.818054 0.871258 0.020582 0.024650
0 0.213298 0.007288 0.012613 0.013237
0 0.705267 0.577609 0.013120 0.017806
0 0.050941 0.507630 0.014310 0.018017
0 0.369733 0.972246 0.014270 0.017723
0 0.847661 0.522999 0.012064 0.014301
0 0.709167 0.978176 0.010863 0.016425
0 0.195126 0.879803 0.014434 0.017721
0 0.933907 0.831395 0.017840 0.020553
0 0.559543 0.982285 0.010437 0.012226
0 0.041216 0.070477 0.013988 0.018093
0 0.995198 0.909937 0.009604 0.017121
0 0.851097 0.037317 0.011536 0.014300
0 0.411610 0.609114 0.012192 0.019252
0 0.930776 0.831208 0.018397 0.021663
0 0.621010 0.973444 0.013810 0.017480
0 0.091695 0.689690 0.012409 0.015512
0 0.851990 0.247742 0.011065 0.015252
0 0.009306 0.892790 0.013660 0.018603
0 0.699684 0.932296 0.017084 0.019751
0 0.811386 0.902867 0.010703 0.014387
0 0.094699 0.452633 0.014155 0.016246
0 0.362632 0.074380 0.013028 0.022257
