0 0.247084 0.744255 0.015717 0.019398
0 0.702333 0.416458 0.018893 0.023317
0 0.548282 0.399264 0.019452 0.024483
0 0.774979 0.383097 0.020792 0.022578
0 0.779698 0.211472 0.017611 0.020010
0 0.301647 0.369394 0.030153 0.033204
0 0.490662 0.646012 0.018186 0.022801
0 0.733296 0.385860 0.019416 0.022727
0 0.985274 0.292825 0.018874 0.023051
0 0.586282 0.105939 0.020842 0.027044
0 0.271606 0.740570 0.016356 0.020987
0 0.097976 0.873963 0.023714 0.026810
0 0.826317 0.902173 0.021817 0.024659
0 0.429989 0.363813 0.020752 0.028345
0 0.007051 0.029720 0.014101 0.022787
0 0.135643 0.286645 0.020228 0.025200
0 0.282242 0.930698 0.021017 0.024891
0 0.262066 0.766235 0.015978 0.019863
0 0.322111 0.409698 0.022377 0.026667
0 0.797907 0.374236 0.017827 0.025344
0 0.165912 0.895226 0.021653 0.025387
0 0.878120 0.881485 0.018728 0.022436
0 0.098572 0.505542 0.018701 0.024028
0 0.080995 0.306079 0.020539 0.026064
0 0.804276 0.874219 0.020351 0.025062
0 0.408825 0.518775 0.018443 0.022208
0 0.877769 0.054971 0.021397 0.028034
0 0.247604 0.824984 0.019425 0.024150
0 0.208451 0.550423 0.016598 0.021439
0 0.297043 0.755816 0.017979 0.024031
0 0.358052 0.488084 0.017370 0.023130
0 0.245821 0.557310 0.019951 0.024863
0 0.508663 0.553956 0.019731 0.024319
0 0.556838 0.155317 0.016491 0.020067
0 0.314657 0.157709 0.018710 0.023353
0 0.743597 0.691783 0.023318 0.029631
0 0.109338 0.297406 0.015139 0.018382
0 0.230813 0.885224 0.022898 0.025075
0 0.786117 0.239381 0.018674 0.021483
0 0.923928 0.887741 0.019047 0.023417
0 0.134493 0.556379 0.018906 0.023086
0 0.505569 0.443732 0.017243 0.021443
0 0.411117 0.151073 0.020102 0.023410
0 0.137770 0.741720 0.017410 0.021869
0 0.455445 0.212500 0.017624 0.023499
0 0.963041 0.038208 0.019230 0.022676
0 0.849705 0.697481 0.018921 0.023360
0 0.569080 0.346346 0.020860 0.025332
0 0.905893 0.117100 0.019983 0.028015
0 0.009761 0.464868 0.018074 0.021821
0 0.450905 0.318804 0.017426 0.023597
0 0.494582 0.769828 0.018121 0.023231
0 0.974138 0.931015 0.019512 0.022964
0 0.876528 0.637061 0.020038 0.024134
0 0.327419 0.245023 0.018957 0.023307
0 0.632141 0.170594 0.017817 0.021503
0 0.729677 0.670947 0.018076 0.021296
0 0.051250 0.420480 0.017939 0.022225
0 0.089389 0.169030 0.018911 0.023511
0 0.188924 0.723062 0.027994 0.037799
0 0.892631 0.419236 0.021481 0.026572
0 0.314385 0.268023 0.017724 0.020938
0 0.275654 0.300305 0.018721 0.022403
0 0.479800 0.230063 0.016116 0.020172
0 0.482392 0.482774 0.017570 0.020135
0 0.395090 0.725240 0.017131 0.019661
0 0.810000 0.089630 0.018573 0.023939
0 0.488252 0.147902 0.018848 0.024236
0 0.896349 0.288594 0.024115 0.025321
0 0.559887 0.868278 0.018580 0.025004
0 0.523780 0.411550 0.019761 0.023845
0 0.461097 0.272552 0.016892 0.021874
0 0.869589 0.679376 0.016389 0.019654
0 0.371409 0.318927 0.017551 0.021911
0 0.472861 0.757450 0.017952 0.022548
0 0.438464 0.671142 0.017379 0.020213
0 0.320651 0.857036 0.022372 0.024399
0 0.101891 0.126167 0.018325 0.022804
0 0.656591 0.067652 0.017980 0.022552
0 0.614338 0.158483 0.015647 0.021273
0 0.552250 0.659953 0.017585 0.021543
0 0.772215 0.343032 0.019373 0.024137
0 0.040796 0.183299 0.019573 0.023856
0 0.761217 0.813905 0.019210 0.025868
0 0.485470 0.262333 0.014520 0.020088
0 0.535074 0.698931 0.019774 0.022672
0 0.941753 0.685708 0.016979 0.021168
0 0.180545 0.673274 0.018567 0.021755
0 0.337628 0.300403 0.018014 0.020786
0 0.315107 0.339711 0.015841 0.018169
0 0.080143 0.458786 0.016764 0.027380
0 0.275018 0.579510 0.017801 0.020658
0 0.445531 0.478759 0.016068 0.019077
0 0.624916 0.133890 0.017750 0.020495
0 0.996678 0.242452 0.006644 0.023138
0 0.403938 0.343349 0.013897 0.016967
0 0.959442 0.008546 0.017444 0.014775
0 0.523690 0.143134 0.015729 0.018899
0 0.896464 0.898857 0.015772 0.018934
0 0.566665 0.083419 0.018204 0.024022
