0 0.078685 0.407114 0.017413 0.023134
0 0.561291 0.524950 0.022628 0.029823
0 0.306666 0.575283 0.015234 0.020279
0 0.420837 0.546126 0.018335 0.021604
0 0.577186 0.480875 0.017008 0.020401
0 0.163937 0.016484 0.020817 0.022665
0 0.395458 0.833909 0.019131 0.023694
0 0.705414 0.269868 0.015361 0.021449
0 0.419126 0.087185 0.016881 0.020931
0 0.405077 0.228693 0.017089 0.022828
0 0.311979 0.785608 0.015725 0.020140
0 0.792424 0.789075 0.016734 0.020241
0 0.683168 0.280107 0.015892 0.020590
0 0.321367 0.134510 0.019297 0.022796
0 0.394258 0.090911 0.017400 0.022106
0 0.439989 0.397849 0.019916 0.022128
0 0.015830 0.552386 0.016748 0.024343
0 0.214621 0.320154 0.019551 0.025654
0 0.322023 0.557969 0.016515 0.021325
0 0.423311 0.812218 0.015986 0.020961
0 0.680452 0.956944 0.017111 0.021459
0 0.530176 0.460696 0.016077 0.017775
0 0.363380 0.477632 0.017084 0.021442
0 0.444672 0.483943 0.018012 0.022745
0 0.275097 0.663839 0.018897 0.024745
0 0.047395 0.387093 0.017338 0.020438
0 0.382704 0.010946 0.016332 0.018639
0 0.609117 0.180043 0.015857 0.019555
0 0.780421 0.450889 0.018152 0.022883
0 0.904122 0.723735 0.017444 0.021468
0 0.174930 0.290306 0.014522 0.018521
0 0.548183 0.059514 0.013952 0.017437
0 0.854374 0.569416 0.017782 0.020940
0 0.390487 0.556243 0.015879 0.019194
0 0.250293 0.385718 0.016041 0.019879
0 0.490381 0.974525 0.017201 0.018891
0 0.895529 0.686267 0.018125 0.021497
0 0.492025 0.457506 0.016284 0.021072
0 0.534421 0.529042 0.015468 0.020937
0 0.483596 0.303325 0.016738 0.020099
0 0.441285 0.747708 0.017547 0.020642
0 0.904255 0.775773 0.017829 0.024516
0 0.254798 0.523545 0.018427 0.021787
0 0.986215 0.648703 0.016577 0.021702
0 0.979316 0.849601 0.018046 0.021597
0 0.945179 0.330231 0.017442 0.020838
0 0.684197 0.119642 0.016496 0.021234
0 0.381146 0.661005 0.016284 0.019049
0 0.793912 0.822326 0.018575 0.024030
0 0.144122 0.362294 0.017920 0.021751
0 0.913318 0.169735 0.016890 0.023675
0 0.848193 0.915303 0.017091 0.020134
0 0.628798 0.064047 0.017474 0.021961
0 0.725307 0.253120 0.017772 0.023288
0 0.700241 0.762011 0.016392 0.020013
0 0.599000 0.062697 0.015444 0.019383
0 0.979570 0.326268 0.017577 0.020976
0 0.520332 0.028206 0.020181 0.020867
0 0.150733 0.443341 0.015479 0.020464
0 0.216943 0.449534 0.017518 0.021082
0 0.689362 0.710914 0.017667 0.022870
0 0.803297 0.768174 0.016433 0.018450
0 0.145220 0.109773 0.017088 0.020847
0 0.559951 0.306747 0.021033 0.025051
0 0.422696 0.150308 0.018801 0.023012
0 0.239733 0.317954 0.017647 0.024061
0 0.222504 0.782000 0.016192 0.017690
0 0.549769 0.440278 0.013791 0.017604
0 0.298102 0.609134 0.013192 0.016677
0 0.960824 0.962216 0.018128 0.024620
0 0.994559 0.814113 0.010882 0.024332
0 0.299155 0.087451 0.013342 0.015593
0 0.440873 0.854588 0.018027 0.022105
0 0.207920 0.422809 0.016235 0.018450
0 0.440998 0.615930 0.016754 0.020281
0 0.558665 0.977898 0.016801 0.018966
0 0.476488 0.831393 0.019491 0.021589
0 0.877598 0.592877 0.014767 0.020058
0 0.339141 0.284713 0.015808 0.019072
0 0.756286 0.643754 0.017180 0.023099
0 0.232225 0.365956 0.016849 0.021027
0 0.011146 0.670562 0.016401 0.020066
0 0.299555 0.287956 0.015428 0.021761
0 0.947400 0.451933 0.016739 0.021809
0 0.604057 0.857202 0.019724 0.024885
0 0.119882 0.212428 0.018272 0.022436
0 0.244309 0.650792 0.012733 0.015444
0 0.797844 0.582099 0.014706 0.023397
0 0.352221 0.802728 0.015759 0.020190
0 0.025743 0.813911 0.012762 0.016754
0 0.983319 0.184463 0.010503 0.012809
0 0.265415 0.116725 0.016641 0.020908
0 0.060687 0.728060 0.011492 0.013188
0 0.157020 0.328095 0.014875 0.016527
0 0.428570 0.458729 0.017410 0.019233
0 0.956601 0.214608 0.013397 0.016962
0 0.518036 0.738432 0.015057 0.019629
0 0.952131 0.063370 0.015714 0.022559
0 0.183351 0.183585 0.014129 0.016981
0 0.706651 0.244010 0.011679 0.014782
0 0.962477 0.177577 0.013829 0.018844
0 0.435090 0.244949 0.016191 0.017685
0 0.891110 0.843968 0.020367 0.023177
0 0.611854 0.436692 0.015211 0.019168
0 0.088086 0.283447 0.019775 0.021881
0 0.032883 0.554510 0.013286 0.016009
0 0.995419 0.775231 0.009163 0.023205
0 0.704035 0.057649 0.018075 0.022161
0 0.322712 0.105792 0.017055 0.021913
0 0.021562 0.118232 0.013867 0.019473
0 0.434611 0.233964 0.016291 0.028127
0 0.591968 0.011015 0.012635 0.013856
0 0.060533 0.423501 0.014107 0.018954
0 0.031379 0.534330 0.015871 0.017613
0 0.152843 0.568644 0.014649 0.016977
0 0.289489 0.570022 0.013135 0.018513
0 0.667883 0.611194 0.012114 0.014535
0 0.730759 0.262490 0.014389 0.017415
0 0.897884 0.852853 0.018583 0.019018
0 0.437078 0.982187 0.014838 0.018864
0 0.145184 0.560314 0.019304 0.021945
0 0.119433 0.745948 0.012827 0.014016
0 0.893197 0.846241 0.023663 0.027015
0 0.393872 0.838770 0.019558 0.024792
0 0.524134 0.481478 0.013893 0.017310
0 0.074313 0.184875 0.012357 0.014932
0 0.399664 0.866297 0.012961 0.015763
0 0.944679 0.445043 0.017835 0.027556
0 0.656174 0.683498 0.012270 0.015431
0 0.166712 0.330909 0.011995 0.016387
0 0.667874 0.610951 0.016335 0.019151
0 0.895869 0.051924 0.015439 0.017544
0 0.299245 0.086571 0.016073 0.022365
0 0.133562 0.134316 0.011104 0.015652
0 0.997115 0.128060 0.005770 0.017715
0 0.887781 0.050166 0.011453 0.016080
0 0.163433 0.330353 0.017898 0.016533
0 0.298115 0.609438 0.017429 0.022695
