0 0.146762 0.293478 0.018390 0.022560
0 0.202704 0.726530 0.027272 0.033443
0 0.358843 0.239954 0.016824 0.021327
0 0.102668 0.876969 0.024338 0.028686
0 0.194569 0.760697 0.018121 0.020919
0 0.326941 0.300479 0.018453 0.020209
0 0.331568 0.860998 0.021887 0.023273
0 0.061886 0.425784 0.016500 0.019156
0 0.794918 0.247202 0.019625 0.022564
0 0.035670 0.602435 0.022529 0.028117
0 0.264489 0.366169 0.019781 0.024159
0 0.879238 0.901490 0.018683 0.022394
0 0.463822 0.322613 0.019016 0.021552
0 0.258015 0.563064 0.018767 0.026522
0 0.094606 0.310817 0.019182 0.023069
0 0.316050 0.375318 0.029599 0.033301
0 0.674569 0.308297 0.018848 0.024247
0 0.937754 0.892249 0.019574 0.022606
0 0.263734 0.332302 0.018009 0.020490
0 0.082241 0.455279 0.017026 0.020164
0 0.787862 0.388664 0.019449 0.020164
0 0.463766 0.358118 0.021094 0.027113
0 0.048339 0.187520 0.021751 0.024743
0 0.336277 0.250563 0.019813 0.022603
0 0.762239 0.992086 0.017845 0.014722
0 0.991963 0.593214 0.016073 0.022774
0 0.766186 0.191541 0.015090 0.019105
0 0.908451 0.290420 0.021675 0.027484
0 0.013851 0.272880 0.017263 0.022139
0 0.873884 0.732626 0.020834 0.025431
0 0.923443 0.911043 0.016538 0.019487
0 0.322849 0.166580 0.018690 0.021360
0 0.359360 0.435328 0.018395 0.022484
0 0.170242 0.530370 0.018410 0.027794
0 0.795098 0.488708 0.019289 0.023756
0 0.352461 0.308960 0.016002 0.020819
0 0.890246 0.880089 0.019055 0.021895
0 0.022300 0.739986 0.024730 0.029677
0 0.384244 0.452065 0.018363 0.021725
0 0.281502 0.767403 0.015937 0.018947
0 0.504543 0.220566 0.020449 0.027980
0 0.345289 0.159767 0.016261 0.022323
0 0.176927 0.902619 0.020843 0.026623
0 0.557165 0.101581 0.016917 0.020912
0 0.918779 0.120537 0.021564 0.024694
0 0.936970 0.576785 0.021706 0.026940
0 0.818155 0.884239 0.021764 0.026192
0 0.538997 0.418371 0.019770 0.024460
0 0.245908 0.304998 0.017409 0.019678
0 0.609127 0.056467 0.019746 0.023107
0 0.127231 0.795172 0.018121 0.023639
0 0.078083 0.485118 0.019057 0.023622
0 0.828006 0.561393 0.020604 0.024416
0 0.588501 0.710210 0.019460 0.023464
0 0.043824 0.335557 0.019890 0.029152
0 0.552636 0.703467 0.018939 0.021824
0 0.309324 0.121173 0.020586 0.025071
0 0.030461 0.465483 0.019005 0.022712
0 0.889143 0.641938 0.019780 0.024674
0 0.501262 0.308209 0.017529 0.023183
0 0.536668 0.629778 0.020354 0.023790
0 0.072726 0.900271 0.019973 0.021070
0 0.166909 0.309062 0.016615 0.021249
0 0.730777 0.647271 0.021351 0.026435
0 0.217265 0.627750 0.017660 0.022654
0 0.903456 0.430030 0.020552 0.024682
0 0.282619 0.277549 0.018318 0.022126
0 0.383434 0.325680 0.018132 0.022524
0 0.163088 0.260443 0.017978 0.022835
0 0.499721 0.158453 0.018162 0.023008
0 0.282438 0.235764 0.016211 0.022121
0 0.242697 0.893383 0.018538 0.023557
0 0.826229 0.329744 0.018105 0.022679
0 0.567900 0.183044 0.017758 0.021607
0 0.577308 0.067358 0.023356 0.026690
0 0.151339 0.748147 0.018511 0.022267
0 0.324232 0.273421 0.018236 0.020804
0 0.070515 0.389186 0.016906 0.020267
0 0.596200 0.192484 0.016435 0.020902
0 0.451245 0.678240 0.018781 0.021873
0 0.950187 0.412821 0.019669 0.023123
0 0.914185 0.752885 0.018255 0.021912
0 0.666012 0.691990 0.019794 0.025240
0 0.822782 0.095095 0.019425 0.022764
0 0.117563 0.289150 0.017580 0.020998
0 0.957137 0.688476 0.018417 0.021649
0 0.307497 0.091246 0.018073 0.021004
0 0.489402 0.487065 0.018557 0.021860
0 0.331674 0.012602 0.018198 0.020492
0 0.544164 0.326989 0.017608 0.021156
0 0.450754 0.025943 0.015539 0.018262
0 0.846722 0.170511 0.018973 0.023078
0 0.791259 0.216449 0.017369 0.021405
0 0.159825 0.483170 0.018211 0.022979
0 0.363773 0.110859 0.018112 0.024793
0 0.772877 0.267003 0.017073 0.020358
0 0.297749 0.840189 0.016798 0.021170
0 0.219057 0.056026 0.018044 0.025994
0 0.711315 0.756902 0.019159 0.022946
0 0.279206 0.740721 0.017329 0.022072
0 0.410977 0.343104 0.014523 0.018176
0 0.626914 0.156103 0.016713 0.022159
0 0.570686 0.158190 0.018215 0.020014
0 0.416625 0.735953 0.019684 0.023267
0 0.285379 0.582261 0.015318 0.018457
0 0.123043 0.336754 0.017822 0.021320
0 0.750131 0.177425 0.016679 0.022647
0 0.717266 0.260737 0.017351 0.020913
0 0.771003 0.942972 0.020827 0.025568
0 0.026485 0.707680 0.016707 0.019061
0 0.128848 0.311299 0.014551 0.017933
0 0.907038 0.898427 0.014660 0.020894
0 0.488033 0.260652 0.017100 0.020934
0 0.463552 0.043287 0.014055 0.018446
0 0.252566 0.983339 0.017372 0.020151
0 0.210119 0.883336 0.013917 0.016830
0 0.935602 0.140742 0.013590 0.015515
0 0.358472 0.238634 0.020523 0.025243
0 0.474983 0.607627 0.014343 0.016309
0 0.352683 0.307277 0.019523 0.025378
