0 0.703876 0.273013 0.015969 0.021310
0 0.559563 0.519880 0.027998 0.034313
0 0.945699 0.329202 0.020835 0.023651
0 0.820579 0.897019 0.023549 0.024190
0 0.304437 0.579565 0.018782 0.021522
0 0.720204 0.254141 0.015249 0.020413
0 0.062901 0.154902 0.015976 0.019384
0 0.165379 0.023133 0.017761 0.021637
0 0.863721 0.938741 0.016893 0.021480
0 0.849585 0.620223 0.016650 0.019674
0 0.071352 0.948278 0.015015 0.019188
0 0.898421 0.558274 0.017067 0.020583
0 0.022991 0.336837 0.019119 0.022899
0 0.937820 0.812167 0.017199 0.021283
0 0.434617 0.754583 0.015891 0.020500
0 0.188212 0.285456 0.020755 0.027289
0 0.180350 0.839842 0.016025 0.021137
0 0.704105 0.735119 0.015688 0.019415
0 0.730315 0.885094 0.015320 0.018949
0 0.200249 0.831934 0.013708 0.016446
0 0.703077 0.683244 0.017568 0.021635
0 0.982792 0.650512 0.018835 0.025486
0 0.248997 0.387569 0.016694 0.020499
0 0.357542 0.829081 0.015842 0.019593
0 0.900572 0.777018 0.019680 0.022406
0 0.355982 0.966198 0.014866 0.017275
0 0.688157 0.713719 0.018320 0.021294
0 0.548714 0.587204 0.017060 0.022506
0 0.135913 0.360039 0.016829 0.021733
0 0.967920 0.787016 0.015427 0.018686
0 0.294072 0.129542 0.015263 0.019226
0 0.669914 0.624083 0.017239 0.022747
0 0.677283 0.960939 0.016392 0.021351
0 0.961967 0.180117 0.013429 0.018441
0 0.416533 0.854205 0.014528 0.016999
0 0.684676 0.288595 0.014982 0.018727
0 0.921569 0.724639 0.013827 0.017656
0 0.302111 0.051756 0.016483 0.020811
0 0.229479 0.368377 0.015719 0.021323
0 0.432924 0.244842 0.015761 0.019500
0 0.812278 0.639396 0.015467 0.019813
0 0.150563 0.444829 0.017109 0.022643
0 0.330342 0.123326 0.011236 0.013726
0 0.152512 0.585389 0.015635 0.019788
0 0.373390 0.345565 0.017552 0.022878
0 0.596937 0.184483 0.018300 0.022548
0 0.861062 0.415598 0.016625 0.020910
0 0.845484 0.251232 0.015887 0.019406
0 0.733095 0.981727 0.015402 0.018389
0 0.301638 0.837813 0.018034 0.024197
0 0.573826 0.772925 0.012278 0.014670
0 0.995902 0.777926 0.008196 0.020940
0 0.323176 0.255188 0.013145 0.016186
0 0.932389 0.877618 0.015148 0.019203
0 0.699140 0.764121 0.016333 0.021092
0 0.984477 0.152590 0.014765 0.018979
0 0.377639 0.203875 0.014366 0.020144
0 0.083449 0.422196 0.016266 0.016182
0 0.812167 0.090124 0.014244 0.018325
0 0.414414 0.551257 0.018825 0.021987
0 0.332863 0.291330 0.016649 0.021407
0 0.489001 0.459338 0.016431 0.022460
0 0.361000 0.469723 0.016871 0.021104
0 0.359004 0.292315 0.016798 0.019410
0 0.899029 0.468226 0.016805 0.019945
0 0.234395 0.314734 0.019584 0.025896
0 0.945651 0.294735 0.020153 0.021629
0 0.044796 0.383394 0.014935 0.019716
0 0.348880 0.543740 0.015741 0.019976
0 0.050540 0.236177 0.013470 0.017403
0 0.349553 0.733492 0.018291 0.020835
0 0.317275 0.552703 0.016959 0.021786
0 0.387881 0.841708 0.015094 0.019804
0 0.331056 0.594994 0.013654 0.019142
0 0.608422 0.106410 0.016407 0.021149
0 0.426211 0.872674 0.015807 0.020421
0 0.487886 0.279332 0.014811 0.018497
0 0.041542 0.816334 0.016630 0.022184
0 0.033420 0.354319 0.013854 0.016150
0 0.079989 0.250460 0.015806 0.020643
0 0.917290 0.971965 0.018440 0.022594
0 0.555490 0.315861 0.019814 0.023322
0 0.177017 0.573261 0.016010 0.020536
0 0.917560 0.760120 0.015458 0.019891
0 0.695128 0.053662 0.016016 0.020356
0 0.145480 0.114900 0.015722 0.019327
0 0.963437 0.461891 0.013611 0.018572
0 0.797499 0.822796 0.017076 0.020409
0 0.432241 0.432370 0.017527 0.020612
0 0.518320 0.743469 0.014700 0.018895
0 0.112230 0.453983 0.013692 0.016326
0 0.904090 0.732023 0.013771 0.017843
0 0.743304 0.901894 0.014971 0.017982
0 0.855208 0.570970 0.018203 0.021066
0 0.045925 0.917578 0.015193 0.019377
0 0.691073 0.444462 0.014811 0.019299
0 0.505782 0.388093 0.017425 0.021567
0 0.750362 0.278388 0.015692 0.020540
0 0.248880 0.969380 0.014796 0.016889
0 0.794859 0.713652 0.014451 0.017202
0 0.298456 0.284101 0.014768 0.017603
0 0.242394 0.521270 0.017762 0.020054
0 0.348843 0.809570 0.015730 0.017691
0 0.567233 0.897006 0.015556 0.018577
0 0.792760 0.936854 0.018446 0.019069
0 0.422111 0.470578 0.014557 0.017829
0 0.823771 0.898442 0.029387 0.027670
0 0.239761 0.666795 0.016517 0.020894
0 0.482038 0.615895 0.017654 0.023311
0 0.439429 0.618337 0.016673 0.021718
0 0.945161 0.458180 0.014199 0.018801
0 0.422854 0.152871 0.016550 0.019917
0 0.414567 0.093086 0.018837 0.023114
0 0.217267 0.452605 0.016421 0.019313
0 0.082476 0.590795 0.014187 0.018146
0 0.620615 0.060639 0.016850 0.019828
0 0.555203 0.981100 0.014830 0.018833
0 0.603437 0.861231 0.017483 0.021061
0 0.154385 0.689159 0.015811 0.019479
0 0.711208 0.433374 0.016346 0.019017
0 0.699783 0.249793 0.011623 0.014471
0 0.874853 0.900235 0.015841 0.018339
0 0.118196 0.978337 0.013698 0.017545
0 0.803987 0.348056 0.014439 0.019397
0 0.318354 0.555961 0.019261 0.027555
0 0.976038 0.191680 0.015414 0.019937
0 0.966068 0.899150 0.015155 0.016450
0 0.953202 0.143891 0.017955 0.020748
0 0.571027 0.453999 0.017368 0.019656
0 0.303537 0.400663 0.019692 0.022544
0 0.780632 0.459575 0.017068 0.022617
0 0.311121 0.105158 0.016746 0.019101
0 0.793899 0.924484 0.018315 0.026747
0 0.966275 0.972339 0.017598 0.020910
0 0.751529 0.655433 0.014457 0.018341
0 0.013237 0.272278 0.014240 0.017628
0 0.475745 0.307450 0.015801 0.017570
0 0.026672 0.465376 0.010984 0.013206
0 0.072824 0.506135 0.016321 0.021069
0 0.868047 0.292676 0.016953 0.021371
0 0.794283 0.921159 0.018623 0.019315
0 0.441539 0.323844 0.012871 0.017079
0 0.060772 0.424283 0.014357 0.018288
0 0.915736 0.456880 0.013552 0.018869
0 0.533919 0.534658 0.014717 0.019736
0 0.829522 0.899876 0.019634 0.025929
0 0.778912 0.457350 0.018914 0.026280
0 0.680232 0.871447 0.015031 0.016410
0 0.593750 0.267644 0.011927 0.014964
0 0.419097 0.748238 0.012621 0.017320
0 0.401821 0.084222 0.012023 0.019354
0 0.366034 0.006561 0.015306 0.012690
0 0.265538 0.117216 0.015575 0.017667
0 0.921669 0.722843 0.017910 0.021321
0 0.202241 0.519313 0.011139 0.014764
0 0.050404 0.236912 0.016636 0.021462
0 0.231094 0.652571 0.012925 0.017050
0 0.959303 0.961244 0.015621 0.020461
0 0.734847 0.984456 0.017525 0.021653
0 0.199792 0.832177 0.016589 0.022328
