0 0.912601 0.883090 0.016772 0.020741
0 0.250123 0.759641 0.018874 0.022722
0 0.188663 0.930933 0.026683 0.031648
0 0.201811 0.896089 0.020797 0.023170
0 0.198075 0.518975 0.021964 0.024222
0 0.021722 0.849337 0.018401 0.022956
0 0.763677 0.942607 0.017116 0.021241
0 0.791212 0.862040 0.018979 0.023224
0 0.660467 0.202145 0.016875 0.023659
0 0.795587 0.070192 0.018924 0.025739
0 0.407944 0.684515 0.016335 0.021202
0 0.103772 0.094573 0.017562 0.021484
0 0.878125 0.871872 0.014903 0.020248
0 0.343997 0.306686 0.015638 0.017841
0 0.962876 0.689892 0.016533 0.020657
0 0.072340 0.771280 0.017307 0.022453
0 0.141000 0.052878 0.019804 0.024261
0 0.301188 0.293822 0.016553 0.021300
0 0.586036 0.517098 0.017916 0.023146
0 0.051073 0.417000 0.017639 0.021569
0 0.037436 0.136478 0.019066 0.023374
0 0.237021 0.740071 0.014945 0.021008
0 0.724149 0.039316 0.015485 0.020253
0 0.495316 0.277012 0.015500 0.019675
0 0.214569 0.733088 0.015471 0.022215
0 0.951963 0.822316 0.017716 0.022392
0 0.847585 0.033676 0.016633 0.021976
0 0.129900 0.910826 0.016744 0.021870
0 0.083531 0.946039 0.019125 0.024274
0 0.090318 0.627240 0.017104 0.021618
0 0.010196 0.092801 0.017063 0.019276
0 0.796279 0.381227 0.019953 0.021986
0 0.233335 0.552544 0.019197 0.024185
0 0.776676 0.233794 0.015497 0.019853
0 0.270648 0.363555 0.016103 0.019584
0 0.187469 0.111049 0.016035 0.021621
0 0.220670 0.497171 0.014841 0.017163
0 0.645272 0.007443 0.015507 0.013409
0 0.818331 0.008538 0.017828 0.015924
0 0.805467 0.139412 0.017720 0.021705
0 0.981303 0.290459 0.017219 0.022217
0 0.087488 0.502416 0.019532 0.022887
0 0.475703 0.059533 0.018401 0.023116
0 0.525059 0.408785 0.016297 0.018997
0 0.778532 0.206362 0.019733 0.021168
0 0.126954 0.796648 0.016214 0.020895
0 0.391823 0.055346 0.018461 0.020995
0 0.517680 0.680805 0.015680 0.019697
0 0.033902 0.822308 0.016606 0.020938
0 0.708893 0.088501 0.016355 0.020598
0 0.583050 0.123703 0.013442 0.016377
0 0.994271 0.108273 0.011458 0.018490
0 0.420713 0.035243 0.015270 0.017847
0 0.159138 0.895400 0.019000 0.025277
0 0.669977 0.273667 0.013936 0.018505
0 0.406561 0.769203 0.017009 0.020654
0 0.111402 0.678438 0.015997 0.019759
0 0.349727 0.442348 0.015119 0.019655
0 0.380902 0.434053 0.017099 0.020636
0 0.398094 0.180084 0.016151 0.021724
0 0.282285 0.315501 0.015763 0.019487
0 0.049415 0.376409 0.015311 0.019177
0 0.074588 0.585148 0.015421 0.017943
0 0.214595 0.117579 0.016702 0.020812
0 0.756260 0.761989 0.016375 0.020778
0 0.122111 0.015151 0.015159 0.020457
0 0.829380 0.978758 0.016382 0.017644
0 0.788951 0.830492 0.019528 0.025704
0 0.824899 0.392233 0.014614 0.019565
0 0.028723 0.404716 0.014778 0.020260
0 0.221156 0.821754 0.016491 0.020145
0 0.361511 0.327202 0.015560 0.018766
0 0.659316 0.197023 0.019869 0.032374
0 0.885270 0.212652 0.015658 0.018892
0 0.554500 0.146397 0.013499 0.017475
0 0.308170 0.419580 0.013146 0.017613
0 0.325760 0.286038 0.013387 0.017179
0 0.868563 0.629315 0.014922 0.019063
0 0.318794 0.394495 0.015379 0.018511
0 0.127602 0.012940 0.013474 0.020308
0 0.323865 0.507674 0.016156 0.018384
0 0.902500 0.113018 0.014851 0.018587
0 0.705613 0.636882 0.014069 0.015889
0 0.305481 0.259878 0.015014 0.020796
0 0.544056 0.652646 0.014090 0.017347
0 0.124737 0.014126 0.015779 0.021518
0 0.709326 0.640626 0.016519 0.019274
