0 0.312814 0.580680 0.016659 0.022325
0 0.703910 0.267510 0.016857 0.022582
0 0.577168 0.477509 0.017309 0.020528
0 0.559356 0.522002 0.023326 0.030154
0 0.523732 0.032300 0.019142 0.019496
0 0.813956 0.811599 0.015826 0.023364
0 0.164887 0.013729 0.019868 0.021271
0 0.418344 0.848378 0.016620 0.021875
0 0.978404 0.854810 0.016700 0.020946
0 0.387451 0.013736 0.016249 0.019060
0 0.406399 0.228203 0.017130 0.021908
0 0.213440 0.317929 0.020689 0.026027
0 0.440452 0.839046 0.015310 0.021217
0 0.171903 0.352555 0.018781 0.018504
0 0.091814 0.426530 0.017398 0.021667
0 0.411625 0.107660 0.017516 0.020676
0 0.439204 0.396644 0.017228 0.021764
0 0.170365 0.285140 0.015240 0.017821
0 0.423220 0.147099 0.017493 0.022778
0 0.725010 0.251235 0.018471 0.025496
0 0.275816 0.665528 0.019089 0.022560
0 0.406519 0.567209 0.016124 0.019237
0 0.544586 0.463839 0.016469 0.017125
0 0.461086 0.882202 0.018976 0.023109
0 0.985420 0.646792 0.016889 0.022633
0 0.222165 0.424244 0.015398 0.018882
0 0.904663 0.776601 0.019495 0.023742
0 0.803304 0.764206 0.017583 0.019451
0 0.779289 0.449033 0.018742 0.023475
0 0.683221 0.118126 0.016380 0.020425
0 0.431096 0.094665 0.017491 0.024034
0 0.249571 0.383336 0.016401 0.020609
0 0.881454 0.939724 0.018052 0.019980
0 0.239276 0.320101 0.017343 0.022833
0 0.959999 0.960251 0.019146 0.025313
0 0.029698 0.555586 0.017448 0.021129
0 0.943632 0.326613 0.018209 0.021875
0 0.792246 0.819330 0.017439 0.022841
0 0.603791 0.852909 0.019044 0.024317
0 0.142324 0.360393 0.016780 0.020693
0 0.320453 0.555975 0.016821 0.019791
0 0.354947 0.803170 0.016218 0.019470
0 0.255026 0.520841 0.018573 0.022280
0 0.853343 0.567698 0.019510 0.022945
0 0.032470 0.695438 0.016776 0.021219
0 0.421718 0.544966 0.017916 0.021792
0 0.433483 0.240905 0.014033 0.017387
0 0.216750 0.449735 0.017810 0.020703
0 0.605776 0.072929 0.014094 0.017842
0 0.556525 0.069375 0.014423 0.017784
0 0.379758 0.658715 0.015920 0.018610
0 0.298768 0.285897 0.015775 0.021040
0 0.946553 0.449317 0.019125 0.023398
0 0.440016 0.745977 0.016092 0.020163
0 0.231482 0.364140 0.017107 0.021766
0 0.316266 0.794672 0.016193 0.019085
0 0.552068 0.302783 0.018590 0.024331
0 0.902060 0.724183 0.016870 0.021033
0 0.442098 0.613040 0.016878 0.019696
0 0.463939 0.502758 0.019503 0.023649
0 0.533685 0.528813 0.015592 0.020082
0 0.127410 0.215424 0.016672 0.021534
0 0.910931 0.168847 0.017221 0.020433
0 0.144873 0.107165 0.017182 0.021768
0 0.488766 0.970853 0.016622 0.019265
0 0.488321 0.838256 0.016825 0.022700
0 0.196239 0.201614 0.012099 0.016390
0 0.244896 0.659287 0.013409 0.015494
0 0.361962 0.475662 0.016572 0.021826
0 0.680209 0.278262 0.017745 0.021375
0 0.629637 0.063912 0.017196 0.022001
0 0.703288 0.053201 0.018551 0.022487
0 0.323145 0.103615 0.017096 0.022108
0 0.698915 0.761598 0.016032 0.020159
0 0.608328 0.177347 0.016921 0.020613
0 0.057006 0.736515 0.012159 0.013935
0 0.688037 0.708989 0.018580 0.023658
0 0.489962 0.456660 0.016793 0.022039
0 0.102221 0.298793 0.019845 0.023699
0 0.020056 0.125754 0.015919 0.018156
0 0.150107 0.440752 0.017163 0.021121
0 0.427530 0.456651 0.017863 0.019099
0 0.337479 0.283249 0.015484 0.018580
0 0.517063 0.737038 0.015539 0.019592
0 0.486965 0.300999 0.016390 0.019784
0 0.026155 0.845698 0.013719 0.016161
0 0.300422 0.095082 0.014206 0.018055
0 0.236740 0.796395 0.015041 0.017943
0 0.547820 0.439316 0.014198 0.016202
0 0.753729 0.643317 0.016527 0.022288
0 0.541650 0.485531 0.015339 0.018904
0 0.903344 0.680398 0.017945 0.023112
0 0.059605 0.419462 0.014905 0.019640
0 0.333666 0.128330 0.018577 0.023543
0 0.681499 0.954171 0.018011 0.022912
0 0.915622 0.871276 0.019616 0.022616
0 0.961099 0.175675 0.013994 0.017694
0 0.994453 0.774545 0.011093 0.024245
0 0.889817 0.604400 0.014994 0.018143
0 0.639560 0.458007 0.015336 0.019808
0 0.323559 0.638180 0.014420 0.017921
0 0.045711 0.375631 0.016667 0.020908
0 0.957452 0.217929 0.013218 0.015173
0 0.154872 0.554365 0.017016 0.022104
0 0.705321 0.241194 0.011956 0.015733
0 0.266064 0.114015 0.018115 0.020305
0 0.810879 0.604817 0.015052 0.017822
0 0.966113 0.077672 0.016476 0.020302
0 0.726617 0.254658 0.017187 0.026746
0 0.673844 0.631749 0.012706 0.014940
0 0.923732 0.880162 0.013535 0.016543
0 0.031297 0.531955 0.016505 0.019260
0 0.427666 0.228169 0.014070 0.017708
0 0.587916 0.017607 0.012064 0.012983
0 0.439924 0.979065 0.015531 0.018730
0 0.808875 0.602815 0.018337 0.020940
0 0.397155 0.863882 0.015347 0.019209
0 0.296090 0.580723 0.012453 0.017977
0 0.984777 0.197655 0.011765 0.013247
0 0.997080 0.126185 0.005839 0.019607
0 0.996755 0.332625 0.006490 0.021097
0 0.155138 0.558585 0.017545 0.029829
0 0.896888 0.046411 0.019424 0.020384
0 0.902172 0.053411 0.016310 0.020120
0 0.115155 0.862686 0.018279 0.020903
0 0.429062 0.231310 0.015529 0.023820
0 0.654404 0.717254 0.012725 0.013000
0 0.584584 0.083457 0.011478 0.013967
0 0.156259 0.565011 0.015822 0.022130
0 0.046077 0.549486 0.011568 0.015828
0 0.899029 0.048763 0.018796 0.022337
0 0.350044 0.855916 0.015843 0.019403
