0 0.912911 0.881868 0.016791 0.020720
0 0.061935 0.135010 0.017680 0.022713
0 0.134635 0.153713 0.016852 0.020593
0 0.088174 0.501759 0.018996 0.023041
0 0.037122 0.818740 0.019530 0.021216
0 0.346287 0.857167 0.017057 0.020486
0 0.959636 0.814371 0.017725 0.021193
0 0.982341 0.294128 0.017046 0.021652
0 0.072919 0.161034 0.017701 0.023140
0 0.528402 0.678209 0.017709 0.021734
0 0.873912 0.871927 0.016089 0.019817
0 0.213000 0.735014 0.016252 0.021347
0 0.327702 0.135561 0.018181 0.023308
0 0.775331 0.167408 0.019337 0.024792
0 0.771035 0.203162 0.015993 0.019949
0 0.005041 0.182935 0.010083 0.021491
0 0.182766 0.820609 0.018840 0.020736
0 0.319427 0.957770 0.018396 0.022461
0 0.416373 0.429199 0.016499 0.020072
0 0.794074 0.217417 0.015260 0.019416
0 0.635079 0.420305 0.016277 0.019420
0 0.156064 0.608332 0.016704 0.021249
0 0.291474 0.630225 0.017766 0.021565
0 0.274729 0.304995 0.017903 0.021513
0 0.234560 0.552992 0.019336 0.023626
0 0.125160 0.907365 0.018441 0.023960
0 0.129810 0.191180 0.018532 0.022896
0 0.422741 0.147111 0.017646 0.022942
0 0.845656 0.185425 0.016782 0.022476
0 0.731177 0.937250 0.017788 0.021823
0 0.155349 0.895840 0.019221 0.024502
0 0.284643 0.576130 0.014400 0.017703
0 0.237877 0.738536 0.015784 0.022579
0 0.047426 0.411723 0.017934 0.021407
0 0.268708 0.401528 0.015964 0.018331
0 0.241194 0.393397 0.016245 0.020135
0 0.782982 0.839325 0.021407 0.025851
0 0.301711 0.148985 0.016390 0.019088
0 0.523758 0.405397 0.017794 0.021928
0 0.888044 0.350735 0.015205 0.019049
0 0.299711 0.287193 0.013615 0.017115
0 0.128992 0.366314 0.015789 0.019577
0 0.698816 0.787045 0.015561 0.024376
0 0.083173 0.944577 0.017209 0.022611
0 0.650656 0.254567 0.017770 0.020877
0 0.556283 0.166473 0.015193 0.017388
0 0.482742 0.778163 0.017359 0.023214
0 0.121368 0.672783 0.020801 0.024065
0 0.050386 0.680380 0.016508 0.020376
0 0.314689 0.014076 0.016035 0.021669
0 0.342506 0.303825 0.016200 0.021524
0 0.618872 0.085601 0.015869 0.019376
0 0.791208 0.141950 0.018805 0.024258
0 0.013651 0.817786 0.014261 0.021041
0 0.358638 0.237619 0.017247 0.021625
0 0.661391 0.170345 0.016496 0.020375
0 0.090068 0.868794 0.015623 0.019111
0 0.624052 0.259533 0.016603 0.023719
0 0.058484 0.065697 0.014939 0.018307
0 0.805657 0.418428 0.016689 0.020604
0 0.113915 0.017093 0.013492 0.019077
0 0.419288 0.035159 0.016068 0.018966
0 0.790843 0.870056 0.017992 0.023742
0 0.166737 0.016127 0.016996 0.019926
0 0.156426 0.931196 0.017573 0.021138
0 0.870837 0.632400 0.017017 0.020234
0 0.858179 0.034008 0.017320 0.019083
0 0.675723 0.196422 0.016238 0.023241
0 0.306015 0.416363 0.012999 0.014596
0 0.775741 0.231537 0.015791 0.019037
0 0.832415 0.975012 0.018875 0.022069
0 0.026244 0.641227 0.015572 0.019170
0 0.648000 0.249816 0.020805 0.030663
0 0.264172 0.607561 0.017118 0.021571
0 0.606405 0.150127 0.014956 0.019147
0 0.885827 0.419427 0.017205 0.019325
0 0.301390 0.259154 0.013204 0.018347
0 0.933801 0.184805 0.014625 0.016757
0 0.124664 0.794619 0.016800 0.021832
0 0.541931 0.651325 0.014210 0.017360
0 0.489901 0.068566 0.016160 0.019630
0 0.802854 0.417710 0.021808 0.023278
0 0.481868 0.449895 0.016665 0.018241
0 0.432921 0.662927 0.014570 0.018830
0 0.308721 0.393983 0.014398 0.019072
0 0.776334 0.017447 0.016477 0.017914
0 0.240605 0.577675 0.015453 0.018439
0 0.265743 0.611465 0.016616 0.019337
0 0.880386 0.301411 0.013650 0.018470
0 0.993449 0.239741 0.012887 0.019351
