0 0.127917 0.007080 0.020410 0.014161
0 0.563723 0.662422 0.031409 0.035348
0 0.213119 0.962127 0.024497 0.030336
0 0.217923 0.730008 0.027250 0.036676
0 0.178305 0.900551 0.018863 0.023542
0 0.405124 0.707068 0.018943 0.023089
0 0.008966 0.966767 0.017668 0.024496
0 0.126060 0.928354 0.017292 0.022199
0 0.054435 0.769216 0.018433 0.021876
0 0.404291 0.845399 0.018618 0.023437
0 0.895562 0.469087 0.017396 0.022639
0 0.864749 0.194500 0.022488 0.028524
0 0.859155 0.705005 0.019593 0.023397
0 0.094118 0.923502 0.020537 0.025504
0 0.094108 0.341341 0.020015 0.024509
0 0.498917 0.460583 0.020351 0.022680
0 0.169218 0.821875 0.021182 0.022538
0 0.738237 0.484447 0.042002 0.048430
0 0.591224 0.086721 0.024273 0.029628
0 0.648024 0.589312 0.021238 0.024521
0 0.271588 0.569965 0.019325 0.023704
0 0.239012 0.020222 0.022929 0.027648
0 0.461384 0.285001 0.019193 0.023904
0 0.967808 0.225899 0.021159 0.028081
0 0.740758 0.446399 0.020153 0.021258
0 0.828252 0.891011 0.021185 0.024876
0 0.563305 0.434686 0.018590 0.023219
0 0.337308 0.277011 0.018423 0.023637
0 0.988973 0.210403 0.017341 0.021591
0 0.467152 0.778622 0.018313 0.023335
0 0.908124 0.885837 0.016853 0.022514
0 0.140086 0.200252 0.018479 0.023143
0 0.543666 0.407054 0.019352 0.021410
0 0.501018 0.494126 0.018751 0.022672
0 0.194022 0.116010 0.020284 0.023234
0 0.605688 0.196627 0.019027 0.022342
0 0.913211 0.430258 0.019992 0.024485
0 0.363800 0.288707 0.018973 0.024892
0 0.885179 0.881823 0.017254 0.021625
0 0.592753 0.769273 0.018811 0.023665
0 0.367180 0.913109 0.017948 0.021750
0 0.809965 0.255145 0.020321 0.025120
0 0.949071 0.901576 0.021938 0.024810
0 0.125309 0.445834 0.017377 0.021192
0 0.638562 0.711517 0.019173 0.024688
0 0.199576 0.882144 0.017761 0.023498
0 0.803139 0.228195 0.018784 0.021996
0 0.787390 0.062449 0.021197 0.025531
0 0.983771 0.434190 0.019155 0.023402
0 0.649369 0.551590 0.020625 0.024484
0 0.148091 0.489292 0.018718 0.021843
0 0.410129 0.782849 0.018169 0.022912
0 0.467106 0.061522 0.019848 0.023900
0 0.984982 0.664818 0.018860 0.023198
0 0.871043 0.779388 0.019610 0.025804
0 0.475747 0.189996 0.017402 0.021667
0 0.219753 0.530891 0.017597 0.021185
0 0.431409 0.867954 0.019239 0.024500
0 0.057184 0.488114 0.022242 0.027645
0 0.884379 0.142759 0.020061 0.022667
0 0.625105 0.619542 0.017151 0.021886
0 0.820406 0.723872 0.018292 0.022106
0 0.442772 0.687107 0.018325 0.022327
0 0.337064 0.952520 0.022529 0.024138
0 0.646453 0.174089 0.018777 0.021931
0 0.018960 0.623981 0.019504 0.025100
0 0.334127 0.105696 0.018542 0.024697
0 0.357599 0.541517 0.021691 0.024387
0 0.248907 0.897074 0.019210 0.024394
0 0.550126 0.208720 0.019341 0.025817
0 0.897558 0.654374 0.019923 0.023099
0 0.471133 0.844118 0.018438 0.024362
0 0.574867 0.819931 0.024149 0.028887
0 0.738484 0.210906 0.019339 0.025729
0 0.365484 0.667826 0.017120 0.020454
0 0.761205 0.425906 0.019087 0.022351
0 0.922598 0.111482 0.020748 0.025719
0 0.933990 0.636623 0.016258 0.021321
0 0.434809 0.448374 0.017743 0.020714
0 0.035779 0.298596 0.018484 0.022606
0 0.816587 0.920194 0.018303 0.025532
0 0.115280 0.592237 0.017703 0.022048
0 0.586365 0.165403 0.017522 0.023107
0 0.558976 0.709919 0.019474 0.022401
0 0.951499 0.936080 0.021543 0.025963
0 0.192658 0.986485 0.016189 0.019413
0 0.804813 0.474912 0.020777 0.024286
0 0.185734 0.664329 0.017055 0.021222
0 0.646732 0.504543 0.018777 0.021928
0 0.284642 0.118903 0.018094 0.021401
0 0.564557 0.747254 0.017250 0.020625
0 0.173350 0.730183 0.016983 0.021898
0 0.707248 0.343645 0.018929 0.023187
0 0.341115 0.176611 0.017515 0.022849
0 0.841245 0.613208 0.013659 0.017348
0 0.150444 0.433969 0.016950 0.019016
0 0.739003 0.979026 0.017662 0.019425
0 0.465116 0.129189 0.022693 0.023946
0 0.225401 0.176839 0.017068 0.023539
0 0.168560 0.796324 0.017727 0.020167
0 0.873723 0.466028 0.015986 0.020500
0 0.828419 0.624774 0.013987 0.017722
0 0.287328 0.596837 0.013287 0.017491
0 0.603143 0.198366 0.021053 0.023876
0 0.757342 0.194821 0.012796 0.020265
0 0.003496 0.942153 0.006992 0.022554
0 0.771316 0.502293 0.012484 0.016773
0 0.477290 0.315480 0.011648 0.016742
0 0.093332 0.764944 0.012427 0.015397
0 0.005568 0.941434 0.011137 0.020547
0 0.693859 0.251905 0.018042 0.022960
0 0.402872 0.707402 0.024322 0.026287
