0 0.836322 0.919422 0.021966 0.027253
0 0.896843 0.648274 0.018681 0.023097
0 0.495756 0.590229 0.027792 0.036910
0 0.359428 0.721057 0.019441 0.029931
0 0.181128 0.945621 0.024250 0.029225
0 0.592629 0.081179 0.024157 0.029293
0 0.266930 0.569821 0.022344 0.026225
0 0.945665 0.153479 0.022598 0.027904
0 0.820098 0.885204 0.021723 0.027580
0 0.579189 0.776771 0.018503 0.022603
0 0.112811 0.876641 0.026409 0.031550
0 0.085273 0.791055 0.019482 0.024936
0 0.799942 0.253580 0.021483 0.025061
0 0.944897 0.898263 0.019753 0.024311
0 0.212436 0.731636 0.028038 0.036283
0 0.124354 0.739712 0.018432 0.025102
0 0.897660 0.888286 0.018476 0.022757
0 0.683603 0.590294 0.020715 0.025765
0 0.341080 0.302996 0.018904 0.023176
0 0.178620 0.856896 0.021765 0.025765
0 0.829442 0.470166 0.017431 0.022471
0 0.193660 0.552897 0.018011 0.021849
0 0.439986 0.693667 0.018120 0.022446
0 0.509036 0.160905 0.019888 0.023361
0 0.843931 0.063760 0.018587 0.024010
0 0.527702 0.436112 0.017709 0.022228
0 0.273457 0.525983 0.020181 0.022950
0 0.346544 0.247946 0.019039 0.022460
0 0.725840 0.985164 0.020472 0.022188
0 0.317232 0.096845 0.018613 0.020646
0 0.005970 0.949341 0.011934 0.021855
0 0.324390 0.752091 0.017963 0.022044
0 0.335215 0.275453 0.018523 0.021721
0 0.803269 0.488226 0.016082 0.020358
0 0.459298 0.683667 0.015795 0.022757
0 0.580780 0.252275 0.022223 0.026324
0 0.901294 0.562923 0.020434 0.023157
0 0.873335 0.662392 0.018746 0.023673
0 0.830007 0.098734 0.015356 0.021159
0 0.694542 0.864582 0.021239 0.026120
0 0.887046 0.470152 0.014349 0.017555
0 0.249609 0.401008 0.021400 0.025304
0 0.702263 0.806554 0.018484 0.022482
0 0.830661 0.394119 0.015972 0.020806
0 0.943896 0.085418 0.017884 0.022914
0 0.912616 0.433833 0.019356 0.023689
0 0.550601 0.425249 0.017222 0.021762
0 0.538704 0.186276 0.019256 0.022919
0 0.263943 0.445508 0.021740 0.026845
0 0.182714 0.902949 0.021771 0.026543
0 0.294683 0.752198 0.018574 0.022534
0 0.582281 0.016571 0.018379 0.020645
0 0.497756 0.491939 0.016899 0.021901
0 0.519489 0.494523 0.016065 0.021108
0 0.171000 0.344314 0.021244 0.026143
0 0.556748 0.770869 0.016331 0.020275
0 0.334432 0.863773 0.020113 0.023230
0 0.156226 0.560337 0.020773 0.026646
0 0.515257 0.559759 0.017982 0.022434
0 0.551194 0.737456 0.017996 0.022778
0 0.063650 0.196892 0.022326 0.030403
0 0.603628 0.194417 0.018868 0.021176
0 0.296977 0.659344 0.019560 0.027614
0 0.390738 0.540114 0.016222 0.019732
0 0.458094 0.989693 0.019059 0.017370
0 0.461743 0.886733 0.020512 0.026324
0 0.960561 0.414084 0.019632 0.022359
0 0.368002 0.121353 0.019336 0.021168
0 0.308087 0.121223 0.019101 0.022125
0 0.681073 0.556316 0.019972 0.023090
0 0.327094 0.167505 0.019056 0.022166
0 0.124336 0.450881 0.017903 0.023529
0 0.886296 0.048687 0.020673 0.024574
0 0.027464 0.290193 0.019465 0.023919
0 0.966826 0.062974 0.018876 0.024256
0 0.046536 0.978290 0.019687 0.020584
0 0.902186 0.457270 0.015870 0.017525
0 0.357922 0.775334 0.020437 0.024249
0 0.653335 0.441156 0.018172 0.023491
0 0.504388 0.771674 0.019603 0.024223
0 0.029144 0.593308 0.020566 0.020758
0 0.479606 0.398888 0.020940 0.025093
0 0.327439 0.523685 0.016977 0.021578
0 0.147053 0.080480 0.018425 0.024759
0 0.646526 0.709992 0.018194 0.020551
0 0.469522 0.042093 0.016995 0.020364
0 0.791129 0.466771 0.018229 0.021887
0 0.030320 0.825252 0.019248 0.021197
0 0.249546 0.800508 0.017745 0.020439
0 0.408870 0.249935 0.019083 0.023586
0 0.809417 0.787820 0.017216 0.024297
0 0.702087 0.461738 0.014109 0.016334
0 0.798978 0.227465 0.015569 0.018105
0 0.551453 0.161008 0.016979 0.018926
0 0.111099 0.764910 0.015743 0.020367
0 0.283510 0.296050 0.015998 0.020044
0 0.584175 0.441571 0.017115 0.021331
0 0.916826 0.906502 0.016931 0.021338
0 0.878348 0.926856 0.017304 0.020416
0 0.393190 0.635474 0.018345 0.022836
0 0.396972 0.344669 0.018712 0.022631
0 0.943701 0.719191 0.018449 0.022718
0 0.638136 0.164302 0.018498 0.021404
0 0.578852 0.160703 0.014741 0.022503
0 0.299832 0.588165 0.015650 0.020772
0 0.340197 0.728792 0.015588 0.019974
0 0.712241 0.478635 0.014615 0.017544
0 0.024791 0.653382 0.019416 0.024177
0 0.466899 0.221843 0.021233 0.020504
0 0.310108 0.979825 0.017567 0.019506
0 0.426104 0.744832 0.016629 0.021878
0 0.559211 0.709110 0.018259 0.021315
0 0.272993 0.979842 0.017465 0.017487
0 0.260760 0.960751 0.021561 0.022595
0 0.057334 0.343602 0.019286 0.024296
0 0.868956 0.465517 0.014236 0.019648
0 0.461375 0.184336 0.015051 0.017881
0 0.920492 0.757615 0.013631 0.017735
0 0.093571 0.002518 0.018601 0.005035
0 0.002844 0.633873 0.005689 0.029227
0 0.037452 0.998130 0.025769 0.003739
0 0.414349 0.414591 0.013664 0.017541
0 0.786672 0.088268 0.014170 0.015734
0 0.920838 0.759161 0.016917 0.022095
0 0.174191 0.484229 0.011707 0.014504
0 0.710554 0.695415 0.012272 0.015206
0 0.002675 0.326809 0.005351 0.020928
0 0.597897 0.588701 0.011475 0.014802
0 0.129085 0.002677 0.019753 0.005353
0 0.270657 0.010592 0.014341 0.019124
