0 0.195916 0.628164 0.042823 0.049776
0 0.556117 0.515613 0.022263 0.028835
0 0.209911 0.311192 0.020785 0.025022
0 0.249075 0.668445 0.019058 0.023580
0 0.697001 0.262005 0.021383 0.024523
0 0.725809 0.255447 0.018917 0.023321
0 0.420586 0.541303 0.016962 0.021819
0 0.435414 0.908154 0.018998 0.024393
0 0.421325 0.846999 0.018257 0.023455
0 0.675889 0.113955 0.017970 0.023209
0 0.100907 0.474984 0.019178 0.024644
0 0.576959 0.473257 0.018832 0.024035
0 0.199546 0.345750 0.018696 0.022593
0 0.982152 0.861316 0.020422 0.025495
0 0.357313 0.471543 0.016763 0.020446
0 0.604147 0.860996 0.021770 0.024246
0 0.905165 0.722402 0.016863 0.020975
0 0.114439 0.331816 0.015485 0.017899
0 0.088692 0.431466 0.022026 0.019923
0 0.540968 0.487511 0.017524 0.022729
0 0.227190 0.361693 0.016326 0.020599
0 0.547018 0.304197 0.018660 0.021914
0 0.791101 0.818401 0.022003 0.025238
0 0.246861 0.167270 0.019872 0.022810
0 0.458181 0.048502 0.018597 0.022504
0 0.381477 0.130244 0.017970 0.022214
0 0.696582 0.051883 0.018171 0.021662
0 0.864735 0.378738 0.020052 0.023117
0 0.940609 0.441678 0.019866 0.024452
0 0.209862 0.442461 0.018328 0.020954
0 0.980236 0.642953 0.020988 0.024179
0 0.435699 0.746872 0.018074 0.023689
0 0.137292 0.355468 0.017294 0.020992
0 0.248513 0.512215 0.019808 0.023479
0 0.124870 0.226390 0.018450 0.025559
0 0.398457 0.535093 0.016468 0.021401
0 0.684359 0.701740 0.021989 0.026267
0 0.338859 0.080692 0.015346 0.019858
0 0.685944 0.955442 0.019827 0.025877
0 0.373143 0.654181 0.016837 0.020106
0 0.204777 0.409160 0.017126 0.021527
0 0.144366 0.435545 0.017698 0.022165
0 0.886179 0.819279 0.025618 0.028302
0 0.774627 0.445224 0.021678 0.027634
0 0.270348 0.656744 0.016889 0.021634
0 0.991463 0.767915 0.017075 0.026113
0 0.416164 0.587887 0.020176 0.025005
0 0.332164 0.279853 0.016752 0.019693
0 0.162920 0.009892 0.018655 0.018833
0 0.322383 0.560028 0.020618 0.023714
0 0.464040 0.112568 0.016229 0.020432
0 0.484346 0.301149 0.017583 0.021507
0 0.766281 0.842413 0.018915 0.024295
0 0.977344 0.408458 0.018696 0.023632
0 0.524505 0.113737 0.017369 0.021193
0 0.419666 0.454845 0.017471 0.020635
0 0.623836 0.054681 0.018805 0.023071
0 0.038884 0.374821 0.016807 0.020844
0 0.315906 0.129819 0.018579 0.021660
0 0.443629 0.606206 0.017302 0.022460
0 0.692783 0.753948 0.020512 0.024756
0 0.329602 0.250174 0.017260 0.023560
0 0.534231 0.529679 0.016065 0.021174
0 0.346563 0.800475 0.017362 0.021072
0 0.846427 0.559575 0.022376 0.028217
0 0.367852 0.443845 0.018400 0.023474
0 0.933987 0.167087 0.015384 0.019309
0 0.382562 0.016820 0.016178 0.020118
0 0.757653 0.638075 0.020667 0.024713
0 0.546000 0.430799 0.016594 0.020709
0 0.512039 0.731141 0.017176 0.021314
0 0.955037 0.954261 0.020892 0.026664
0 0.273135 0.916868 0.020378 0.023530
0 0.024723 0.526649 0.018873 0.021585
0 0.140017 0.102021 0.017067 0.023230
0 0.826950 0.721013 0.018568 0.021555
0 0.600151 0.173891 0.019125 0.023993
0 0.313011 0.096277 0.016565 0.020147
0 0.055440 0.413985 0.017062 0.019350
0 0.176227 0.736178 0.017129 0.020740
0 0.247452 0.374777 0.016983 0.022424
0 0.700792 0.098936 0.016107 0.020595
0 0.434033 0.971546 0.019521 0.025870
0 0.667196 0.246049 0.016211 0.020831
0 0.489875 0.968011 0.017770 0.022685
0 0.606069 0.317457 0.016279 0.021169
0 0.976660 0.258714 0.016696 0.019428
0 0.075237 0.373903 0.016474 0.022198
0 0.907223 0.165150 0.018445 0.023918
0 0.209487 0.863416 0.017061 0.020221
0 0.374331 0.627571 0.016399 0.020049
0 0.242203 0.120379 0.015440 0.021626
0 0.419676 0.142331 0.016461 0.022579
0 0.293826 0.278899 0.017542 0.023339
0 0.883331 0.715088 0.017923 0.021208
0 0.743225 0.778604 0.018280 0.020615
0 0.161926 0.570943 0.017429 0.019186
0 0.152018 0.944276 0.017904 0.021774
0 0.393408 0.856964 0.014938 0.019553
0 0.426634 0.238748 0.018109 0.022136
0 0.534190 0.671043 0.017923 0.020886
0 0.907197 0.063751 0.022338 0.024170
0 0.264828 0.104562 0.018144 0.021116
0 0.994407 0.121182 0.011187 0.024859
0 0.159785 0.569229 0.020648 0.021706
0 0.154407 0.566917 0.018584 0.021336
0 0.338519 0.018110 0.013547 0.016707
0 0.955892 0.169311 0.016033 0.020391
0 0.432075 0.235004 0.019107 0.022150
0 0.161593 0.647523 0.013664 0.018842
0 0.560285 0.483776 0.015211 0.020523
0 0.346685 0.846007 0.014117 0.016425
0 0.428757 0.237170 0.023445 0.024318
0 0.597353 0.620425 0.014677 0.017035
0 0.579878 0.077653 0.014886 0.017524
0 0.618997 0.837523 0.011712 0.013602
0 0.568038 0.476967 0.024685 0.027930
