0 0.307826 0.580374 0.015736 0.020173
0 0.492364 0.977007 0.017133 0.017865
0 0.215951 0.323118 0.019413 0.025865
0 0.558792 0.528448 0.023432 0.031621
0 0.068145 0.398371 0.018328 0.021429
0 0.568718 0.482994 0.017287 0.020195
0 0.171119 0.404717 0.016985 0.019986
0 0.439872 0.814178 0.019305 0.022416
0 0.724838 0.763655 0.016297 0.021782
0 0.412574 0.487209 0.018391 0.023441
0 0.992044 0.314114 0.015158 0.019240
0 0.352541 0.809271 0.016079 0.020655
0 0.958627 0.695936 0.016497 0.020362
0 0.322196 0.557683 0.017143 0.022409
0 0.359827 0.081637 0.019415 0.023980
0 0.233488 0.367968 0.016148 0.021814
0 0.251010 0.387987 0.015825 0.019451
0 0.946389 0.332752 0.017223 0.020245
0 0.980521 0.853349 0.017948 0.021956
0 0.960260 0.310809 0.016930 0.022233
0 0.362550 0.467706 0.015433 0.018248
0 0.363210 0.771090 0.018754 0.024619
0 0.419580 0.548723 0.018953 0.024257
0 0.983613 0.646553 0.017901 0.022143
0 0.684188 0.286736 0.015620 0.019612
0 0.291151 0.570755 0.014518 0.019273
0 0.513581 0.467068 0.015030 0.018237
0 0.795070 0.824885 0.019105 0.024635
0 0.371984 0.008434 0.015524 0.015210
0 0.781809 0.889871 0.016180 0.020963
0 0.781128 0.452998 0.018815 0.022597
0 0.600996 0.184781 0.015890 0.019413
0 0.503712 0.030366 0.019978 0.026262
0 0.262951 0.662706 0.018343 0.025772
0 0.278849 0.790791 0.016989 0.020117
0 0.297421 0.134934 0.017674 0.022052
0 0.700858 0.764111 0.015527 0.019907
0 0.156115 0.299072 0.014576 0.017122
0 0.255149 0.527764 0.018250 0.021741
0 0.291598 0.092031 0.013619 0.015546
0 0.914232 0.171087 0.017428 0.027689
0 0.550778 0.442723 0.014814 0.016905
0 0.706232 0.271626 0.015912 0.021009
0 0.510055 0.071615 0.014553 0.018552
0 0.152130 0.444188 0.015237 0.020537
0 0.382355 0.662985 0.015177 0.019516
0 0.842546 0.673934 0.017668 0.022939
0 0.219870 0.454463 0.017595 0.020509
0 0.440372 0.751466 0.017822 0.023439
0 0.941049 0.188994 0.011703 0.014806
0 0.492923 0.460037 0.015239 0.020749
0 0.948839 0.455524 0.016324 0.020581
0 0.370210 0.828111 0.017118 0.029935
0 0.962484 0.965171 0.017639 0.025236
0 0.562129 0.053728 0.014595 0.017736
0 0.442311 0.401683 0.016337 0.021158
0 0.145316 0.361592 0.018399 0.022695
0 0.300059 0.288242 0.016603 0.021997
0 0.404671 0.232756 0.016634 0.021634
0 0.630838 0.065116 0.018420 0.022142
0 0.607045 0.858851 0.018479 0.024849
0 0.787565 0.774741 0.016503 0.018931
0 0.241680 0.316085 0.019068 0.023160
0 0.903323 0.779194 0.018437 0.023352
0 0.031344 0.541159 0.016599 0.020379
0 0.162849 0.022055 0.024561 0.025206
0 0.691290 0.713425 0.017425 0.020982
0 0.425706 0.151112 0.017930 0.022572
0 0.049819 0.385367 0.014845 0.018134
0 0.856118 0.571261 0.018271 0.020678
0 0.110906 0.214999 0.016428 0.020887
0 0.145986 0.113752 0.016576 0.020736
0 0.140052 0.571350 0.017253 0.020415
0 0.340345 0.287972 0.016597 0.020254
0 0.830066 0.821594 0.018233 0.020277
0 0.679131 0.960936 0.017035 0.021159
0 0.004300 0.536308 0.008601 0.017077
0 0.847644 0.597504 0.015598 0.018173
0 0.435453 0.246872 0.015356 0.018373
0 0.756257 0.647259 0.016987 0.024437
0 0.535089 0.529397 0.014496 0.022047
0 0.414872 0.091657 0.021055 0.023233
0 0.127785 0.313595 0.014070 0.018168
0 0.352113 0.543900 0.016818 0.019800
0 0.059165 0.423078 0.015002 0.019571
0 0.441204 0.617653 0.017597 0.021208
0 0.164539 0.161570 0.013378 0.016636
0 0.919310 0.056343 0.016348 0.021829
0 0.324145 0.113755 0.017474 0.022162
0 0.752096 0.549695 0.017584 0.027229
0 0.684509 0.121991 0.016975 0.020518
0 0.725882 0.254525 0.017627 0.022541
0 0.950523 0.798525 0.015829 0.018675
0 0.253931 0.604658 0.013775 0.017610
0 0.243803 0.628892 0.012544 0.015487
0 0.904191 0.732058 0.017277 0.018804
0 0.201090 0.758708 0.016449 0.019720
0 0.070461 0.284148 0.019098 0.021918
0 0.014891 0.104478 0.014622 0.017626
0 0.562171 0.316870 0.020070 0.024690
0 0.519920 0.741479 0.015304 0.019376
0 0.486331 0.307463 0.016534 0.021599
0 0.429925 0.463265 0.015536 0.017391
0 0.996365 0.776386 0.007270 0.023069
0 0.705222 0.413253 0.012559 0.015407
0 0.393724 0.839874 0.016059 0.021952
0 0.708354 0.247543 0.011627 0.015073
0 0.557211 0.983197 0.015927 0.018566
0 0.504345 0.487176 0.015822 0.019552
0 0.266862 0.117961 0.015873 0.019987
0 0.012862 0.778786 0.012163 0.015405
0 0.437227 0.980920 0.016197 0.019008
0 0.560918 0.410219 0.014436 0.016978
0 0.954148 0.128715 0.009895 0.012624
0 0.680057 0.115884 0.015392 0.021221
0 0.835612 0.833877 0.017122 0.018873
0 0.964009 0.179834 0.014272 0.017339
0 0.657958 0.670973 0.011592 0.013546
0 0.704608 0.055536 0.017176 0.021147
0 0.355969 0.483068 0.011962 0.013366
0 0.369916 0.832803 0.014605 0.023448
0 0.068244 0.685315 0.012023 0.014828
0 0.996943 0.167828 0.006114 0.021301
0 0.942074 0.438930 0.012573 0.013446
0 0.734072 0.266023 0.014996 0.016877
0 0.687951 0.208460 0.011604 0.014994
0 0.743865 0.636397 0.010264 0.010309
0 0.832794 0.827382 0.021322 0.029955
0 0.205099 0.993351 0.018065 0.013073
0 0.128628 0.318897 0.016030 0.023578
0 0.433865 0.231750 0.017104 0.016960
0 0.130913 0.324118 0.015153 0.017815
0 0.834479 0.830800 0.018832 0.025012
0 0.730043 0.259131 0.019549 0.027407
0 0.953538 0.815522 0.013867 0.014269
0 0.895553 0.058260 0.016227 0.017833
0 0.997076 0.132824 0.005847 0.020112
0 0.647229 0.575880 0.012714 0.015214
