0 0.382690 0.779155 0.020121 0.025669
0 0.704930 0.095709 0.022734 0.029748
0 0.641753 0.770625 0.018170 0.023662
0 0.515034 0.935409 0.017957 0.023117
0 0.269675 0.472729 0.019555 0.023282
0 0.678924 0.013808 0.019771 0.021548
0 0.017445 0.406995 0.015460 0.018944
0 0.318318 0.789359 0.018036 0.021646
0 0.344779 0.108626 0.017142 0.021532
0 0.528159 0.973530 0.020461 0.027837
0 0.800756 0.660690 0.016646 0.020800
0 0.827755 0.221677 0.019807 0.026089
0 0.734751 0.576223 0.017124 0.019912
0 0.029498 0.067387 0.021127 0.026855
0 0.765813 0.632973 0.019012 0.023256
0 0.356502 0.046375 0.015424 0.019755
0 0.545572 0.442604 0.018122 0.023026
0 0.488588 0.007005 0.016582 0.014010
0 0.097218 0.074943 0.016415 0.021311
0 0.036700 0.042063 0.018381 0.019677
0 0.089358 0.831487 0.019121 0.022691
0 0.631707 0.357270 0.019722 0.024833
0 0.356693 0.793179 0.017027 0.021379
0 0.085596 0.788912 0.018108 0.019694
0 0.421224 0.099660 0.016597 0.021979
0 0.400063 0.855893 0.017512 0.022258
0 0.226631 0.386859 0.018284 0.022059
0 0.252761 0.031645 0.017164 0.020432
0 0.984066 0.382968 0.018405 0.022590
0 0.290070 0.459962 0.017186 0.021739
0 0.748458 0.425940 0.017375 0.021362
0 0.319232 0.107951 0.017343 0.021241
0 0.823550 0.654929 0.018295 0.023439
0 0.147087 0.239278 0.017470 0.021252
0 0.233049 0.237555 0.017393 0.020596
0 0.114746 0.828056 0.017698 0.023015
0 0.132040 0.496627 0.017572 0.023625
0 0.388136 0.993609 0.018095 0.012782
0 0.469834 0.272474 0.016756 0.022397
0 0.928266 0.347051 0.019563 0.025460
0 0.496232 0.133650 0.020825 0.024784
0 0.967311 0.138786 0.020114 0.024529
0 0.008062 0.909537 0.014852 0.018165
0 0.025978 0.988284 0.015459 0.018120
0 0.866231 0.936887 0.017106 0.020558
0 0.332622 0.199148 0.018441 0.021408
0 0.438696 0.044657 0.021154 0.024675
0 0.023241 0.796585 0.020785 0.022468
0 0.500075 0.606607 0.019651 0.025015
0 0.307249 0.033939 0.015660 0.020914
0 0.960113 0.780447 0.019858 0.023539
0 0.629296 0.079075 0.018460 0.021746
0 0.792645 0.090234 0.020581 0.027208
0 0.926603 0.582982 0.019490 0.022913
0 0.067267 0.957343 0.015357 0.020889
0 0.298606 0.391710 0.017989 0.022409
0 0.066336 0.097262 0.016873 0.022343
0 0.889702 0.028694 0.020596 0.026297
0 0.321404 0.723976 0.018601 0.020374
0 0.670542 0.401502 0.016771 0.021989
0 0.773041 0.057239 0.020153 0.024138
0 0.036002 0.646406 0.017097 0.021823
0 0.050858 0.941092 0.016564 0.020837
0 0.934308 0.435607 0.018136 0.022741
0 0.326576 0.035620 0.012901 0.018487
0 0.400595 0.661814 0.015234 0.020246
0 0.374818 0.979053 0.017025 0.017283
0 0.046958 0.122559 0.018157 0.022977
0 0.641632 0.951975 0.018351 0.022016
0 0.505656 0.744318 0.020304 0.024296
0 0.183900 0.574807 0.014870 0.019134
0 0.131749 0.140223 0.018296 0.025116
0 0.006687 0.756886 0.013374 0.020188
0 0.828864 0.463572 0.017156 0.020578
0 0.501383 0.094796 0.017611 0.022923
0 0.981683 0.308741 0.018869 0.023326
0 0.331020 0.667799 0.018052 0.022197
0 0.387546 0.821469 0.017063 0.021286
0 0.612677 0.170810 0.018476 0.022184
0 0.797592 0.291569 0.016100 0.020863
0 0.689105 0.993088 0.017608 0.013824
0 0.769574 0.579706 0.017354 0.022281
0 0.898356 0.933644 0.017757 0.020341
0 0.252285 0.930186 0.017272 0.020675
0 0.317839 0.839582 0.017721 0.021083
0 0.804625 0.688051 0.017776 0.021334
0 0.731082 0.548439 0.019200 0.023026
0 0.152471 0.587713 0.020131 0.022960
0 0.781259 0.822447 0.018509 0.024211
0 0.103192 0.422183 0.017028 0.020731
0 0.911724 0.970619 0.015733 0.020764
0 0.651278 0.122785 0.017408 0.022267
0 0.862218 0.678125 0.018232 0.022536
0 0.411459 0.927267 0.019913 0.022454
0 0.694106 0.611526 0.016823 0.021762
0 0.627310 0.140827 0.017303 0.021154
0 0.418229 0.893208 0.017814 0.020429
0 0.861774 0.710574 0.018254 0.022888
0 0.822756 0.888570 0.019379 0.024329
0 0.620604 0.784873 0.015939 0.021061
0 0.461892 0.025477 0.016727 0.021465
0 0.221752 0.325879 0.015479 0.021414
0 0.248330 0.805827 0.021689 0.025041
0 0.261149 0.631865 0.014694 0.019785
0 0.604179 0.078044 0.015755 0.020340
0 0.788240 0.546005 0.019942 0.024167
0 0.344209 0.767999 0.016718 0.019774
0 0.399873 0.097386 0.015373 0.019543
0 0.624470 0.882470 0.018755 0.021867
0 0.621918 0.690671 0.020765 0.023422
0 0.153632 0.070954 0.017333 0.021719
0 0.476795 0.149634 0.017771 0.021225
0 0.851596 0.955136 0.017136 0.020086
0 0.579071 0.896813 0.016675 0.021243
0 0.892663 0.959234 0.015013 0.021381
0 0.975690 0.914022 0.020848 0.023975
0 0.869599 0.101627 0.019730 0.025184
0 0.436055 0.021284 0.014536 0.017056
0 0.928156 0.992756 0.016596 0.014488
0 0.508903 0.394642 0.019075 0.024466
0 0.655672 0.418480 0.017409 0.023591
0 0.720828 0.595092 0.016027 0.019456
0 0.082694 0.088024 0.013030 0.019639
0 0.395513 0.006466 0.017935 0.012878
0 0.505139 0.308682 0.016802 0.022167
0 0.343070 0.021455 0.017598 0.021123
0 0.410793 0.020677 0.014724 0.018336
0 0.835792 0.992509 0.018928 0.014981
0 0.684246 0.868677 0.016660 0.021098
0 0.434162 0.504567 0.019089 0.022605
0 0.904747 0.991983 0.016827 0.015635
0 0.869191 0.586209 0.016022 0.017869
0 0.191191 0.728828 0.015996 0.020049
0 0.383150 0.651845 0.015037 0.019213
0 0.398194 0.506741 0.017608 0.021768
0 0.052749 0.979199 0.010627 0.012410
0 0.492114 0.923013 0.015836 0.019754
0 0.551779 0.314095 0.013706 0.018536
0 0.378222 0.958238 0.015100 0.017245
0 0.964129 0.366284 0.018376 0.022250
0 0.406680 0.121868 0.017321 0.021433
0 0.346685 0.344426 0.015870 0.021229
0 0.337810 0.050858 0.013409 0.017529
0 0.003145 0.647903 0.006290 0.020479
0 0.738846 0.758288 0.019400 0.022987
0 0.752377 0.591888 0.014215 0.018670
0 0.833136 0.971701 0.019094 0.020470
0 0.254158 0.411240 0.016631 0.020365
0 0.957450 0.618231 0.016700 0.021395
0 0.500350 0.775674 0.016060 0.018969
0 0.566343 0.322474 0.013239 0.018965
0 0.707805 0.895445 0.017320 0.018943
0 0.420335 0.004367 0.015816 0.008733
0 0.564729 0.941020 0.014235 0.017230
0 0.162453 0.729104 0.013116 0.017226
0 0.642416 0.306201 0.013623 0.018281
0 0.092937 0.037355 0.014498 0.017648
0 0.663053 0.328864 0.012467 0.016005
0 0.833253 0.138443 0.014731 0.019459
0 0.397820 0.907126 0.012338 0.015080
0 0.168422 0.163017 0.012532 0.016379
0 0.860372 0.008888 0.014846 0.014813
0 0.996860 0.414177 0.006280 0.018910
0 0.360778 0.895614 0.012391 0.015791
0 0.619062 0.193387 0.013571 0.016532
0 0.113394 0.454129 0.011744 0.015439
0 0.606061 0.035240 0.012108 0.015403
0 0.825764 0.742196 0.014244 0.018376
0 0.517098 0.371227 0.013319 0.015625
0 0.045500 0.409359 0.011007 0.012250
0 0.385196 0.991601 0.023353 0.013289
0 0.706085 0.892089 0.019055 0.021627
0 0.802071 0.167441 0.012695 0.015114
