0 0.802649 0.903270 0.026477 0.026354
0 0.220212 0.442791 0.016702 0.020829
0 0.240432 0.743560 0.016288 0.018578
0 0.505705 0.153264 0.017353 0.023487
0 0.351062 0.269336 0.018753 0.023718
0 0.499437 0.649886 0.018199 0.021904
0 0.327477 0.264986 0.014012 0.018888
0 0.482309 0.148755 0.017098 0.023027
0 0.127759 0.281424 0.018154 0.023879
0 0.239826 0.555376 0.018313 0.023280
0 0.161207 0.893570 0.020484 0.025799
0 0.257908 0.992327 0.020787 0.015345
0 0.049758 0.137543 0.013776 0.019351
0 0.623710 0.818370 0.018516 0.023020
0 0.936204 0.445357 0.016377 0.019933
0 0.774544 0.212062 0.016502 0.018820
0 0.890420 0.285849 0.022342 0.023204
0 0.007408 0.525432 0.014815 0.023550
0 0.559669 0.432864 0.018680 0.021998
0 0.267806 0.740869 0.016615 0.021616
0 0.109609 0.299975 0.017318 0.020541
0 0.094024 0.506499 0.018802 0.023744
0 0.117717 0.491331 0.016720 0.020225
0 0.457078 0.507632 0.022281 0.028832
0 0.978174 0.292560 0.018302 0.023534
0 0.048819 0.742284 0.017206 0.021786
0 0.772497 0.381306 0.019573 0.020856
0 0.209965 0.367458 0.018947 0.022670
0 0.212339 0.745164 0.014774 0.017517
0 0.614603 0.564859 0.019946 0.023591
0 0.153067 0.300067 0.019716 0.023019
0 0.851433 0.773070 0.019880 0.023041
0 0.074805 0.305453 0.019504 0.025172
0 0.445705 0.316944 0.015845 0.021456
0 0.119869 0.337443 0.019427 0.023486
0 0.305630 0.263316 0.018669 0.023486
0 0.029044 0.634848 0.017700 0.022498
0 0.045202 0.418921 0.016780 0.022123
0 0.519684 0.619307 0.014982 0.019107
0 0.240393 0.291349 0.021533 0.021181
0 0.855624 0.113793 0.019406 0.022990
0 0.936335 0.678838 0.018035 0.020553
0 0.900724 0.148072 0.019214 0.022422
0 0.642688 0.306877 0.017480 0.021333
0 0.731729 0.366419 0.018633 0.022274
0 0.029325 0.137007 0.016638 0.022144
0 0.675341 0.117942 0.018266 0.020715
0 0.753294 0.151003 0.017012 0.021211
0 0.126046 0.426408 0.017091 0.020413
0 0.318315 0.856091 0.020781 0.026567
0 0.801314 0.964886 0.017936 0.019486
0 0.937298 0.223192 0.018273 0.023553
0 0.022002 0.745965 0.020345 0.023527
0 0.471934 0.333891 0.014688 0.017617
0 0.534276 0.699227 0.018109 0.021742
0 0.037334 0.184581 0.019191 0.024287
0 0.777769 0.237191 0.017303 0.020752
0 0.871558 0.632144 0.018676 0.024142
0 0.480633 0.117495 0.019198 0.022991
0 0.887652 0.421227 0.020203 0.024529
0 0.898398 0.110431 0.020647 0.027402
0 0.919375 0.885536 0.017293 0.020983
0 0.541240 0.276372 0.016725 0.020654
0 0.182621 0.725443 0.029193 0.039626
0 0.871317 0.877951 0.017774 0.022009
0 0.492506 0.457665 0.017895 0.022074
0 0.320794 0.240601 0.018332 0.019786
0 0.476631 0.483111 0.015589 0.018955
0 0.179224 0.558086 0.018602 0.022194
0 0.211581 0.277063 0.014005 0.018143
0 0.803681 0.089352 0.019568 0.019140
0 0.336645 0.300539 0.017560 0.020813
0 0.966297 0.431911 0.017131 0.021657
0 0.377909 0.216649 0.015888 0.019472
0 0.519931 0.412474 0.017711 0.021442
0 0.266579 0.573036 0.015508 0.019999
0 0.908812 0.541833 0.017500 0.021331
0 0.150573 0.501932 0.016330 0.026686
0 0.908691 0.906157 0.015271 0.018685
0 0.546880 0.656656 0.017096 0.020929
0 0.607762 0.154268 0.016232 0.019436
0 0.480932 0.257941 0.017556 0.020523
0 0.308521 0.157059 0.017902 0.022338
0 0.552751 0.158730 0.014749 0.017666
0 0.799330 0.872890 0.019014 0.022256
0 0.385978 0.025348 0.017944 0.021126
0 0.019467 0.402637 0.017098 0.020222
0 0.192659 0.009586 0.016285 0.017160
0 0.640501 0.503061 0.018802 0.024199
0 0.266363 0.317546 0.016444 0.020810
0 0.432739 0.671598 0.018181 0.021165
0 0.089975 0.872840 0.021154 0.025809
0 0.164528 0.011896 0.017502 0.019727
0 0.452234 0.057930 0.016778 0.020195
0 0.865314 0.006422 0.019103 0.012386
0 0.003277 0.027026 0.006540 0.022882
0 0.993785 0.246120 0.012429 0.019429
0 0.397212 0.338737 0.013776 0.017908
0 0.564479 0.074155 0.013709 0.018836
0 0.798539 0.988759 0.011265 0.014733
0 0.301642 0.372255 0.022621 0.027284
0 0.738307 0.819748 0.011463 0.014153
