0 0.243062 0.743215 0.015218 0.019310
0 0.992244 0.080471 0.015511 0.022424
0 0.568711 0.658855 0.016315 0.019915
0 0.458213 0.041129 0.019657 0.025730
0 0.194330 0.377459 0.018111 0.022622
0 0.779655 0.238248 0.017456 0.020365
0 0.515216 0.156269 0.019128 0.023480
0 0.528297 0.549336 0.024647 0.026623
0 0.232897 0.518718 0.017738 0.021471
0 0.772559 0.381639 0.019087 0.020467
0 0.990957 0.613873 0.017279 0.021731
0 0.241262 0.555194 0.017973 0.022471
0 0.866933 0.935249 0.023072 0.032386
0 0.569829 0.203547 0.018870 0.023607
0 0.127910 0.287923 0.020743 0.024558
0 0.268974 0.741737 0.015968 0.020991
0 0.310373 0.153939 0.017399 0.021675
0 0.665899 0.515189 0.019919 0.024862
0 0.170856 0.345091 0.018297 0.023897
0 0.108685 0.793994 0.017274 0.021794
0 0.995390 0.274676 0.009221 0.020094
0 0.293625 0.501634 0.016866 0.020955
0 0.154458 0.298908 0.020760 0.025090
0 0.483381 0.149701 0.017756 0.023344
0 0.872844 0.880067 0.017255 0.021958
0 0.858725 0.113602 0.018172 0.023317
0 0.564760 0.697239 0.018783 0.025157
0 0.074580 0.304395 0.020030 0.023953
0 0.634040 0.508335 0.017400 0.020955
0 0.094280 0.506872 0.018090 0.022189
0 0.567040 0.307039 0.018196 0.024292
0 0.286105 0.418959 0.018289 0.023414
0 0.476066 0.480556 0.017479 0.022032
0 0.447393 0.316555 0.015340 0.020626
0 0.476086 0.070081 0.018326 0.023339
0 0.643396 0.304206 0.019019 0.022794
0 0.416525 0.317956 0.019241 0.023144
0 0.160956 0.892092 0.020229 0.025885
0 0.047515 0.419516 0.015853 0.021350
0 0.920023 0.884924 0.016714 0.019992
0 0.739373 0.659254 0.018859 0.023112
0 0.213280 0.745447 0.014746 0.017692
0 0.531209 0.698700 0.018293 0.019816
0 0.294778 0.310443 0.020896 0.025204
0 0.337467 0.270424 0.017522 0.019669
0 0.775385 0.212167 0.014577 0.017444
0 0.886283 0.285254 0.023284 0.024049
0 0.799751 0.871083 0.019036 0.024045
0 0.289407 0.654320 0.018757 0.022167
0 0.306046 0.263338 0.018602 0.022239
0 0.317205 0.327771 0.016978 0.021016
0 0.337599 0.297887 0.017886 0.019942
0 0.019199 0.414864 0.017588 0.020798
0 0.086740 0.789618 0.017667 0.025316
0 0.869851 0.632984 0.020967 0.025122
0 0.787966 0.190386 0.018184 0.021313
0 0.936838 0.680504 0.017613 0.022703
0 0.104358 0.602645 0.017635 0.022375
0 0.980053 0.291509 0.018047 0.020932
0 0.549273 0.522610 0.017203 0.021769
0 0.744562 0.912223 0.020051 0.023879
0 0.121684 0.730490 0.017006 0.021571
0 0.067865 0.917256 0.021186 0.024226
0 0.090923 0.870601 0.022237 0.026859
0 0.220622 0.043731 0.018306 0.022703
0 0.871279 0.229988 0.018576 0.022840
0 0.608347 0.155061 0.016559 0.020660
0 0.038540 0.688638 0.018269 0.023559
0 0.898606 0.109993 0.021153 0.025693
0 0.887940 0.421808 0.019367 0.024697
0 0.186145 0.561452 0.017301 0.020186
0 0.584694 0.432385 0.016636 0.019704
0 0.317311 0.859725 0.020816 0.029332
0 0.321781 0.242890 0.017999 0.022795
0 0.910964 0.906292 0.016222 0.019430
0 0.966909 0.458772 0.017090 0.021646
0 0.804018 0.085605 0.018598 0.020861
0 0.521050 0.409262 0.018794 0.024676
0 0.183446 0.720678 0.028472 0.037296
0 0.259808 0.097996 0.018040 0.021480
0 0.227639 0.575549 0.017705 0.020285
0 0.268899 0.577787 0.014363 0.018845
0 0.435814 0.670985 0.016761 0.022690
0 0.099415 0.190908 0.014168 0.018824
0 0.536110 0.104778 0.015245 0.021247
0 0.554074 0.159309 0.014016 0.017394
0 0.398197 0.231682 0.018722 0.020329
0 0.547081 0.655092 0.014887 0.020079
0 0.079785 0.175602 0.016963 0.023168
0 0.039764 0.184193 0.019344 0.023953
0 0.003519 0.023931 0.006995 0.026398
0 0.275360 0.335947 0.016446 0.017494
0 0.285218 0.076337 0.016479 0.019404
0 0.996321 0.243154 0.007359 0.024254
0 0.814425 0.408853 0.018181 0.021389
0 0.482000 0.260029 0.015580 0.019967
0 0.298897 0.370215 0.028044 0.030982
0 0.177214 0.005609 0.020163 0.011218
0 0.566794 0.079669 0.017127 0.021664
0 0.399070 0.341197 0.014496 0.016746
0 0.177233 0.004663 0.018704 0.009326
0 0.888889 0.898491 0.014777 0.019693
0 0.860720 0.376739 0.014785 0.020164
