0 0.559355 0.529312 0.023498 0.032053
0 0.141741 0.369544 0.018177 0.022745
0 0.983513 0.647244 0.018201 0.021924
0 0.502432 0.484501 0.015247 0.020149
0 0.490188 0.975443 0.016483 0.020149
0 0.307849 0.580543 0.016007 0.020430
0 0.499211 0.026974 0.018270 0.028707
0 0.717569 0.748718 0.016419 0.023421
0 0.321230 0.557635 0.017539 0.024528
0 0.961751 0.312342 0.015550 0.020656
0 0.217641 0.320972 0.019914 0.026782
0 0.724284 0.253632 0.016020 0.020033
0 0.958685 0.695931 0.016775 0.020984
0 0.066770 0.395263 0.018813 0.022466
0 0.291848 0.568080 0.015409 0.021080
0 0.738169 0.992911 0.017923 0.014010
0 0.946477 0.332739 0.017380 0.020627
0 0.718646 0.518418 0.016875 0.023656
0 0.534665 0.476002 0.017282 0.021039
0 0.706338 0.272402 0.016114 0.021088
0 0.489146 0.066726 0.016158 0.017983
0 0.232557 0.368542 0.016700 0.022294
0 0.410575 0.490371 0.018486 0.023316
0 0.974644 0.853853 0.018315 0.022674
0 0.387330 0.842575 0.016037 0.019997
0 0.904281 0.774302 0.018928 0.023479
0 0.357479 0.767206 0.017589 0.026175
0 0.336242 0.063378 0.020189 0.024359
0 0.436729 0.751074 0.018031 0.028735
0 0.251012 0.388190 0.016489 0.020134
0 0.601132 0.186166 0.017603 0.020517
0 0.362256 0.468168 0.015502 0.018787
0 0.521723 0.047165 0.014883 0.019163
0 0.412367 0.796870 0.018565 0.023331
0 0.404131 0.236057 0.016770 0.021904
0 0.136985 0.298748 0.015041 0.019733
0 0.370565 0.008093 0.016297 0.013946
0 0.794923 0.828163 0.017199 0.023639
0 0.011222 0.744862 0.012255 0.014681
0 0.326370 0.109607 0.017708 0.021224
0 0.419399 0.549965 0.017873 0.024440
0 0.683259 0.286712 0.015597 0.020894
0 0.062069 0.423311 0.015551 0.021347
0 0.781484 0.452991 0.019429 0.022601
0 0.241973 0.314902 0.018881 0.023889
0 0.111350 0.293740 0.013606 0.016830
0 0.381769 0.663001 0.016968 0.019928
0 0.299617 0.287041 0.016326 0.021855
0 0.031526 0.538856 0.018723 0.020543
0 0.488669 0.306020 0.015721 0.021466
0 0.629789 0.067553 0.017661 0.022896
0 0.550053 0.443627 0.015283 0.018176
0 0.151114 0.443993 0.016040 0.021858
0 0.361378 0.829227 0.018077 0.027789
0 0.340429 0.288000 0.016719 0.020877
0 0.218951 0.452767 0.018352 0.020354
0 0.559996 0.316349 0.020605 0.025522
0 0.105744 0.204251 0.016866 0.020412
0 0.139019 0.570866 0.017413 0.020219
0 0.605086 0.859378 0.018540 0.023248
0 0.294822 0.131327 0.017278 0.022172
0 0.691181 0.714047 0.017121 0.020727
0 0.435766 0.246362 0.015279 0.019002
0 0.440672 0.622549 0.016449 0.021620
0 0.441051 0.400159 0.018482 0.021052
0 0.962336 0.965330 0.017941 0.026195
0 0.700818 0.765450 0.016038 0.021464
0 0.809463 0.648012 0.018916 0.023455
0 0.698410 0.051521 0.016182 0.021053
0 0.426999 0.153693 0.018196 0.021724
0 0.262084 0.662275 0.019171 0.028231
0 0.977439 0.291313 0.016902 0.021501
0 0.351048 0.546157 0.016418 0.019629
0 0.163787 0.021991 0.021887 0.023176
0 0.903132 0.731825 0.017144 0.019845
0 0.254454 0.526175 0.018717 0.022449
0 0.933006 0.787673 0.016679 0.021254
0 0.816931 0.585602 0.015893 0.018604
0 0.752496 0.877569 0.017137 0.021837
0 0.856320 0.572068 0.017966 0.021149
0 0.146760 0.112783 0.016525 0.020746
0 0.161552 0.154375 0.012496 0.017263
0 0.948751 0.456487 0.016348 0.021269
0 0.797911 0.798674 0.016960 0.021411
0 0.536142 0.532671 0.015267 0.020820
0 0.048332 0.382599 0.014743 0.020076
0 0.560137 0.980404 0.015818 0.018878
0 0.415305 0.089182 0.021825 0.025253
0 0.677330 0.112152 0.012949 0.016842
0 0.428828 0.969530 0.016823 0.020163
0 0.428572 0.464619 0.015567 0.017746
0 0.755565 0.645910 0.016764 0.024010
0 0.684119 0.123409 0.017130 0.019784
0 0.941906 0.438947 0.013004 0.014773
0 0.520526 0.742226 0.016062 0.019930
0 0.350075 0.805944 0.017301 0.018940
0 0.003143 0.519633 0.006287 0.019364
0 0.159077 0.394403 0.015240 0.021164
0 0.676914 0.962709 0.018158 0.022178
0 0.760250 0.759530 0.015676 0.018682
0 0.283500 0.075715 0.014077 0.016919
0 0.189314 0.736987 0.016336 0.021200
0 0.996393 0.776778 0.007215 0.023802
0 0.037794 0.290964 0.018976 0.023033
0 0.666077 0.383185 0.011463 0.013898
0 0.492102 0.461250 0.015553 0.018623
0 0.247466 0.757648 0.016863 0.021872
0 0.233726 0.587365 0.014149 0.017231
0 0.910755 0.170154 0.018662 0.025914
0 0.705760 0.247492 0.012380 0.015688
0 0.801139 0.283323 0.016322 0.020872
0 0.981669 0.168002 0.016615 0.020592
0 0.940016 0.801608 0.013321 0.014423
0 0.637342 0.661067 0.011975 0.015379
0 0.006775 0.100734 0.012952 0.019953
0 0.996831 0.133552 0.006338 0.019888
0 0.355504 0.484167 0.012586 0.014119
0 0.526151 0.386363 0.014359 0.017151
0 0.241839 0.637126 0.013212 0.016039
0 0.482618 0.487209 0.014767 0.019298
0 0.914986 0.050712 0.017500 0.019925
0 0.827278 0.373473 0.012063 0.013337
0 0.682876 0.120084 0.020678 0.026185
0 0.355941 0.764095 0.018537 0.031929
0 0.173085 0.990643 0.018346 0.015168
0 0.963546 0.180939 0.013789 0.016575
0 0.076977 0.651294 0.011408 0.014022
0 0.917944 0.169373 0.015627 0.023089
0 0.267865 0.116463 0.016551 0.020031
0 0.667947 0.972640 0.010670 0.012863
0 0.809008 0.806052 0.017273 0.021559
0 0.159137 0.023661 0.024113 0.022952
0 0.908599 0.168154 0.017613 0.025326
0 0.734913 0.267785 0.013683 0.016474
0 0.141411 0.572722 0.019946 0.021243
0 0.730429 0.259872 0.017849 0.024528
