0 0.705353 0.272866 0.015211 0.020979
0 0.439383 0.443570 0.015265 0.019643
0 0.558948 0.529593 0.024732 0.034003
0 0.721603 0.255067 0.014866 0.021017
0 0.957428 0.815962 0.015406 0.020301
0 0.686278 0.686871 0.016932 0.019367
0 0.212014 0.325009 0.022498 0.028292
0 0.682834 0.123577 0.015533 0.020117
0 0.369224 0.007846 0.014686 0.013215
0 0.351829 0.443022 0.020445 0.023179
0 0.945632 0.331455 0.017395 0.020944
0 0.082657 0.282397 0.014911 0.017907
0 0.315583 0.556166 0.017197 0.020762
0 0.375719 0.950295 0.018366 0.022585
0 0.249860 0.388319 0.016904 0.020389
0 0.621975 0.061297 0.017446 0.021420
0 0.239696 0.317116 0.018523 0.024223
0 0.927246 0.773219 0.015085 0.018645
0 0.811980 0.749396 0.018711 0.025052
0 0.964525 0.462515 0.014711 0.019775
0 0.103047 0.375952 0.017449 0.022071
0 0.702837 0.738528 0.015277 0.019948
0 0.961091 0.690044 0.015806 0.019655
0 0.684458 0.286110 0.014518 0.020374
0 0.403783 0.236598 0.017997 0.023489
0 0.945497 0.458297 0.014417 0.019325
0 0.255860 0.690340 0.015598 0.020000
0 0.434374 0.754619 0.015693 0.019828
0 0.717713 0.756494 0.015043 0.021351
0 0.873031 0.992113 0.015259 0.014697
0 0.500715 0.437645 0.018290 0.021153
0 0.359102 0.829147 0.015420 0.019449
0 0.490561 0.461963 0.016052 0.020401
0 0.218121 0.452770 0.017497 0.022196
0 0.700009 0.765387 0.015325 0.019541
0 0.231588 0.369190 0.016527 0.024009
0 0.205224 0.547519 0.013789 0.017684
0 0.166487 0.021580 0.016944 0.021542
0 0.903594 0.774946 0.018260 0.022823
0 0.603351 0.860565 0.017456 0.022109
0 0.220402 0.720197 0.015533 0.020400
0 0.982128 0.649547 0.016558 0.021347
0 0.260847 0.665378 0.015079 0.018652
0 0.926386 0.355326 0.017908 0.021248
0 0.349055 0.810116 0.015288 0.017985
0 0.415029 0.091122 0.018834 0.022676
0 0.419203 0.882143 0.016682 0.024698
0 0.348761 0.545482 0.015988 0.020312
0 0.426621 0.010747 0.015653 0.017934
0 0.895847 0.967237 0.018541 0.023677
0 0.380690 0.666364 0.016621 0.019901
0 0.733322 0.986687 0.017005 0.019403
0 0.870786 0.970919 0.013810 0.017180
0 0.434604 0.245470 0.015173 0.019008
0 0.904649 0.731953 0.015599 0.019480
0 0.616039 0.746234 0.017541 0.021780
0 0.084276 0.253095 0.016437 0.019212
0 0.558538 0.318988 0.019219 0.023450
0 0.932952 0.878765 0.014800 0.018719
0 0.336615 0.292177 0.016878 0.020727
0 0.856271 0.571706 0.019251 0.022378
0 0.549589 0.444028 0.015163 0.020614
0 0.306281 0.581050 0.017315 0.020850
0 0.902161 0.471750 0.020327 0.020614
0 0.348975 0.735493 0.021368 0.022571
0 0.818065 0.017563 0.017826 0.021374
0 0.294476 0.132068 0.015717 0.020549
0 0.150666 0.446118 0.016520 0.022923
0 0.075381 0.176602 0.015941 0.020434
0 0.438826 0.620386 0.017462 0.021720
0 0.414576 0.553771 0.018030 0.023952
0 0.254216 0.526314 0.018177 0.021367
0 0.426515 0.378399 0.017314 0.021189
0 0.833380 0.514151 0.015146 0.019837
0 0.602849 0.396120 0.015384 0.017867
0 0.598374 0.186380 0.018476 0.020651
0 0.135115 0.363580 0.018725 0.023637
0 0.689836 0.715236 0.019695 0.021221
0 0.922314 0.263978 0.017076 0.022130
0 0.678276 0.960827 0.017047 0.021310
0 0.286263 0.962890 0.014682 0.017871
0 0.710978 0.573063 0.018248 0.024604
0 0.061158 0.364202 0.017947 0.020879
0 0.619694 0.328568 0.011519 0.013349
0 0.385101 0.844514 0.016196 0.019702
0 0.425763 0.467619 0.015780 0.019365
0 0.963470 0.180144 0.013869 0.016288
0 0.939160 0.718539 0.014645 0.016593
0 0.793432 0.823751 0.024971 0.023728
0 0.292764 0.561180 0.016120 0.022345
0 0.474908 0.980024 0.015641 0.018642
0 0.105041 0.955095 0.017912 0.023543
0 0.790675 0.551799 0.016871 0.020851
0 0.907335 0.964348 0.015402 0.023225
0 0.299222 0.287328 0.014972 0.020018
0 0.232217 0.014904 0.013491 0.016839
0 0.693659 0.059044 0.016605 0.020312
0 0.325628 0.109394 0.017056 0.019420
0 0.559395 0.981807 0.015518 0.017895
0 0.942066 0.416068 0.015136 0.021353
0 0.112494 0.498699 0.015297 0.021901
0 0.996683 0.777732 0.006633 0.023076
0 0.928881 0.835043 0.014127 0.017412
0 0.135795 0.679250 0.016981 0.019867
0 0.974652 0.784749 0.014795 0.018690
0 0.781028 0.457895 0.018410 0.025568
0 0.476591 0.305834 0.016833 0.019838
0 0.358907 0.035960 0.013272 0.016802
0 0.942829 0.805238 0.014723 0.019699
0 0.138963 0.575213 0.015931 0.021153
0 0.425084 0.150438 0.017777 0.020568
0 0.745049 0.943578 0.015966 0.015267
0 0.054603 0.900570 0.019841 0.022987
0 0.146009 0.112647 0.016015 0.018839
0 0.957993 0.309214 0.016753 0.020900
0 0.301967 0.049832 0.016426 0.020023
0 0.269469 0.856460 0.016965 0.020555
0 0.753478 0.654672 0.016492 0.020569
0 0.362704 0.470228 0.016452 0.020715
0 0.048484 0.385156 0.013674 0.018168
0 0.616228 0.982595 0.011381 0.016778
0 0.198292 0.585602 0.013950 0.015941
0 0.059695 0.422546 0.015702 0.018849
0 0.927825 0.473397 0.015278 0.018937
0 0.519598 0.742773 0.015600 0.019672
0 0.904335 0.168418 0.015311 0.019040
0 0.412362 0.325139 0.014939 0.018516
0 0.960863 0.968680 0.018299 0.028043
0 0.534347 0.532199 0.014239 0.021022
0 0.666167 0.120342 0.012499 0.018816
0 0.996961 0.167070 0.006078 0.018596
0 0.625143 0.862945 0.011987 0.014959
0 0.845448 0.094508 0.011835 0.013632
0 0.249747 0.657959 0.014757 0.018508
0 0.967130 0.151965 0.017373 0.019874
0 0.066244 0.383693 0.012673 0.016105
0 0.148104 0.131030 0.012625 0.015532
0 0.360329 0.474087 0.020434 0.026531
0 0.317288 0.559416 0.020717 0.027132
0 0.272393 0.688520 0.013430 0.019868
0 0.251659 0.659810 0.017139 0.021096
0 0.352767 0.485269 0.014096 0.017142
0 0.901571 0.965288 0.025820 0.026040
0 0.420222 0.747937 0.011890 0.015996
0 0.063573 0.609096 0.010281 0.012999
0 0.265253 0.118968 0.016177 0.019064
0 0.552694 0.594699 0.010112 0.013924
0 0.943764 0.455334 0.018016 0.025278
0 0.413792 0.086950 0.020825 0.028548
0 0.266733 0.116275 0.016042 0.018128
0 0.256464 0.662702 0.020961 0.023170
0 0.982254 0.791542 0.017021 0.020587
0 0.150253 0.017819 0.011733 0.020112
0 0.704414 0.250341 0.011454 0.016042
0 0.809859 0.764296 0.015513 0.013189
0 0.733874 0.267599 0.015245 0.019397
0 0.925009 0.780565 0.015618 0.024494
0 0.997042 0.640172 0.005917 0.019005
