0 0.033501 0.932063 0.015938 0.021366
0 0.280342 0.384864 0.018238 0.023944
0 0.624867 0.944722 0.018731 0.025107
0 0.398516 0.543903 0.014757 0.019537
0 0.146151 0.650395 0.018102 0.020986
0 0.116601 0.487931 0.016637 0.022611
0 0.824949 0.265432 0.017868 0.022003
0 0.316665 0.848832 0.016697 0.019612
0 0.045526 0.506802 0.019519 0.018530
0 0.617252 0.629433 0.016409 0.021028
0 0.289389 0.915443 0.015568 0.019686
0 0.132854 0.229724 0.017351 0.022049
0 0.315204 0.080021 0.016835 0.021564
0 0.051565 0.908451 0.013370 0.018078
0 0.759875 0.809307 0.018945 0.023105
0 0.005479 0.675087 0.010957 0.019215
0 0.125538 0.179681 0.020202 0.026173
0 0.713725 0.193742 0.018330 0.023076
0 0.767703 0.951328 0.016072 0.021287
0 0.465562 0.024287 0.015376 0.020823
0 0.976785 0.289967 0.019278 0.023228
0 0.527329 0.906801 0.017062 0.021419
0 0.511398 0.228348 0.019855 0.023408
0 0.040570 0.170264 0.017963 0.022247
0 0.740829 0.538165 0.017213 0.021235
0 0.492274 0.020877 0.020195 0.022938
0 0.630492 0.177720 0.016111 0.020923
0 0.325841 0.821864 0.015065 0.018415
0 0.245528 0.468096 0.018296 0.023429
0 0.265260 0.240002 0.017552 0.021599
0 0.262022 0.031247 0.015438 0.018758
0 0.384570 0.086648 0.015059 0.019747
0 0.567940 0.945580 0.014717 0.018302
0 0.319122 0.517664 0.014874 0.017564
0 0.294028 0.545157 0.017508 0.022728
0 0.816630 0.871807 0.018096 0.023688
0 0.066198 0.529179 0.013903 0.018229
0 0.097015 0.388711 0.013783 0.018487
0 0.068294 0.933738 0.017283 0.024097
0 0.109645 0.215088 0.018025 0.020816
0 0.789382 0.764715 0.018577 0.021176
0 0.094513 0.671095 0.016381 0.019254
0 0.202103 0.951790 0.014582 0.017758
0 0.246441 0.055412 0.014856 0.016706
0 0.213799 0.408381 0.013913 0.016464
0 0.071645 0.805478 0.015809 0.019711
0 0.023261 0.206796 0.012150 0.015986
0 0.799600 0.955916 0.015609 0.020169
0 0.530284 0.432972 0.016079 0.022626
0 0.214017 0.224713 0.016851 0.021349
0 0.655045 0.680598 0.016967 0.021050
0 0.027761 0.151388 0.013726 0.018353
0 0.992469 0.703667 0.014636 0.017337
0 0.784033 0.653934 0.015995 0.020953
0 0.546544 0.853235 0.017061 0.022137
0 0.451468 0.258690 0.016051 0.020542
0 0.255615 0.960561 0.014640 0.020962
0 0.512601 0.963734 0.023700 0.026952
0 0.786876 0.118808 0.013588 0.016544
0 0.595330 0.611200 0.015795 0.019858
0 0.801008 0.627111 0.016545 0.021218
0 0.058190 0.426878 0.015139 0.018167
0 0.847281 0.927481 0.015497 0.019023
0 0.464746 0.336616 0.012966 0.015916
0 0.506620 0.092826 0.016843 0.019023
0 0.844210 0.309495 0.018684 0.021197
0 0.464877 0.677564 0.015576 0.019184
0 0.995826 0.814629 0.008349 0.023365
0 0.382883 0.645770 0.013011 0.017546
0 0.959459 0.686612 0.013608 0.017019
0 0.493559 0.306292 0.011716 0.015609
0 0.838311 0.874234 0.013544 0.019032
0 0.768708 0.162192 0.013864 0.018635
0 0.994896 0.642291 0.010209 0.021935
0 0.974760 0.065836 0.016385 0.020156
0 0.933911 0.888978 0.013969 0.020093
0 0.272321 0.060466 0.016276 0.018104
0 0.519348 0.967954 0.017601 0.022537
0 0.115879 0.513781 0.014190 0.018315
0 0.061138 0.984966 0.014707 0.017090
0 0.222207 0.929413 0.016283 0.019630
0 0.276569 0.635742 0.012647 0.014824
0 0.063343 0.044712 0.014622 0.020429
0 0.457385 0.066480 0.014768 0.020372
0 0.640325 0.121360 0.013496 0.019008
0 0.934405 0.976934 0.015978 0.020560
0 0.830991 0.073017 0.014050 0.017276
0 0.849956 0.102467 0.013551 0.017412
0 0.482749 0.792953 0.016293 0.021684
0 0.368411 0.639916 0.015111 0.018718
0 0.321455 0.352175 0.014947 0.017029
0 0.003136 0.185955 0.006272 0.015620
0 0.885237 0.578853 0.014610 0.017707
0 0.190260 0.075811 0.013808 0.018996
0 0.006170 0.013229 0.012292 0.021600
0 0.814330 0.921325 0.010982 0.014351
0 0.716341 0.896639 0.015201 0.019486
0 0.329479 0.101380 0.014961 0.019084
0 0.157675 0.155870 0.014266 0.017345
0 0.693541 0.899825 0.015563 0.021668
0 0.644475 0.660289 0.012167 0.017208
0 0.424032 0.036767 0.014598 0.018442
0 0.740164 0.157189 0.016740 0.020191
0 0.108522 0.546134 0.016232 0.020665
0 0.293980 0.096722 0.014472 0.017507
0 0.104273 0.469752 0.014720 0.020311
0 0.959028 0.510795 0.014859 0.018081
0 0.130125 0.391787 0.012547 0.016069
0 0.520097 0.300430 0.016604 0.020339
0 0.957971 0.935328 0.014212 0.018761
0 0.447110 0.773112 0.016340 0.020451
0 0.244087 0.938718 0.014166 0.017780
0 0.145136 0.356221 0.013784 0.018185
0 0.783055 0.926692 0.015964 0.019642
0 0.047937 0.504794 0.017624 0.022117
0 0.801301 0.056560 0.014388 0.018584
0 0.442724 0.657308 0.013510 0.016615
0 0.444213 0.770232 0.017113 0.022410
0 0.081446 0.709100 0.012353 0.016618
0 0.112798 0.448389 0.011370 0.013001
0 0.380196 0.952518 0.013658 0.015842
0 0.508529 0.963358 0.021054 0.025811
0 0.469279 0.523280 0.012693 0.014915
0 0.880613 0.149833 0.014019 0.016343
0 0.814964 0.975127 0.013862 0.018532
0 0.690329 0.658706 0.013728 0.018779
0 0.830838 0.550222 0.014810 0.019969
0 0.493165 0.202288 0.012373 0.014322
0 0.702683 0.577514 0.012919 0.018306
0 0.292264 0.881115 0.012754 0.016402
0 0.297012 0.044917 0.014922 0.016992
0 0.933087 0.837362 0.013135 0.019855
0 0.591695 0.680112 0.014871 0.017411
0 0.647488 0.372789 0.013762 0.016983
0 0.907869 0.991901 0.014357 0.014443
0 0.220125 0.460375 0.018871 0.022313
0 0.576499 0.251664 0.012007 0.016024
0 0.657125 0.969483 0.013126 0.020508
0 0.258911 0.714981 0.012041 0.016774
0 0.803808 0.399870 0.013610 0.017584
0 0.041019 0.071074 0.013873 0.016853
0 0.193993 0.367150 0.012786 0.014798
0 0.905247 0.990843 0.018197 0.015250
0 0.014491 0.115223 0.012333 0.017863
