0 0.745671 0.913253 0.055656 0.066114
0 0.058727 0.790339 0.057609 0.065758
0 0.818685 0.914343 0.067885 0.071230
0 0.846316 0.819489 0.041623 0.053332
0 0.541526 0.491732 0.023391 0.029034
0 0.857609 0.023757 0.042704 0.047088
0 0.233799 0.355240 0.014995 0.020204
0 0.256965 0.368819 0.018414 0.022001
0 0.255953 0.634696 0.016179 0.019200
0 0.093477 0.869412 0.018352 0.025548
0 0.876945 0.460347 0.020821 0.025482
0 0.235631 0.491265 0.022224 0.026883
0 0.189515 0.281474 0.020226 0.024965
0 0.080638 0.443323 0.017613 0.022405
0 0.234577 0.618019 0.016978 0.021523
0 0.450898 0.661260 0.021808 0.025765
0 0.372879 0.963975 0.020024 0.024525
0 0.391002 0.450690 0.019050 0.023033
0 0.686602 0.729746 0.018576 0.022259
0 0.211519 0.344765 0.016282 0.020961
0 0.116668 0.323013 0.018174 0.022388
0 0.372406 0.915889 0.020067 0.023397
0 0.500394 0.398650 0.019340 0.024311
0 0.135087 0.246610 0.020264 0.023053
0 0.295799 0.205412 0.018378 0.024132
0 0.367383 0.411395 0.019666 0.022491
0 0.975903 0.744262 0.021545 0.025665
0 0.334885 0.529545 0.019351 0.022029
0 0.677861 0.507988 0.022094 0.027181
0 0.255402 0.460578 0.018508 0.022686
0 0.022667 0.354167 0.019160 0.023320
0 0.530788 0.281636 0.019502 0.024740
0 0.966417 0.214907 0.020097 0.023891
0 0.586114 0.821602 0.020714 0.025124
0 0.926470 0.037058 0.018405 0.021410
0 0.671466 0.021824 0.019822 0.025723
0 0.007433 0.504027 0.014865 0.024146
0 0.616031 0.787537 0.020515 0.024009
0 0.236878 0.750189 0.020204 0.024932
0 0.416149 0.728577 0.020255 0.023506
0 0.507442 0.445424 0.020267 0.026304
0 0.828473 0.704708 0.020543 0.025011
0 0.921186 0.665339 0.018254 0.021856
0 0.044521 0.397104 0.017249 0.019503
0 0.919414 0.296082 0.023789 0.025061
0 0.201338 0.418525 0.017782 0.022110
0 0.742995 0.136942 0.022423 0.027408
0 0.670892 0.561948 0.018216 0.022013
0 0.316732 0.019213 0.017658 0.021787
0 0.960390 0.620047 0.020038 0.022749
0 0.925403 0.421963 0.019809 0.023974
0 0.939062 0.929717 0.022383 0.023741
0 0.607203 0.033640 0.019858 0.024876
0 0.070024 0.872974 0.020316 0.027354
0 0.808890 0.614357 0.021435 0.026137
0 0.425074 0.592298 0.017679 0.022337
0 0.874998 0.426173 0.019212 0.023125
0 0.689343 0.978758 0.022580 0.029835
0 0.410714 0.215210 0.019522 0.023328
0 0.338950 0.454132 0.015644 0.020206
0 0.144158 0.949545 0.020833 0.024860
0 0.408950 0.118087 0.018336 0.022381
0 0.662066 0.662706 0.022120 0.026298
0 0.706853 0.222681 0.021196 0.024774
0 0.544642 0.145021 0.017962 0.023301
0 0.334616 0.775704 0.020591 0.022934
0 0.128964 0.409934 0.015659 0.019068
0 0.316353 0.256645 0.016337 0.020004
0 0.736495 0.614636 0.018453 0.022232
0 0.113210 0.205276 0.017007 0.021322
0 0.126743 0.085173 0.015543 0.020800
0 0.278989 0.256916 0.017335 0.021823
0 0.814194 0.408706 0.017161 0.020223
0 0.793032 0.317563 0.017965 0.022009
0 0.883806 0.040086 0.018221 0.027583
0 0.120342 0.523540 0.024016 0.030761
0 0.248061 0.095818 0.021325 0.022382
0 0.512773 0.830390 0.018527 0.021933
0 0.302474 0.963061 0.021144 0.028926
0 0.621240 0.640019 0.019457 0.024409
0 0.254992 0.430003 0.017691 0.020591
0 0.942163 0.176569 0.018186 0.021561
0 0.939030 0.147400 0.017730 0.020230
0 0.239395 0.007849 0.018885 0.015697
0 0.462829 0.575247 0.016056 0.018375
0 0.158122 0.364313 0.015202 0.019676
0 0.472724 0.944800 0.019073 0.024967
0 0.213530 0.235704 0.019197 0.020115
0 0.601595 0.993155 0.020954 0.013690
0 0.387356 0.705067 0.014181 0.017891
0 0.813781 0.870082 0.016828 0.019624
0 0.933371 0.986923 0.020428 0.019963
0 0.825081 0.664576 0.017035 0.020823
0 0.332294 0.819612 0.020344 0.027207
0 0.339478 0.750403 0.017979 0.021286
0 0.602154 0.996076 0.019976 0.007849
0 0.932395 0.984728 0.025630 0.022977
0 0.258097 0.511115 0.013768 0.016292
0 0.622131 0.724762 0.016261 0.019381
