0 0.704515 0.273096 0.015152 0.020922
0 0.956133 0.815559 0.015864 0.020140
0 0.556531 0.527443 0.025858 0.035090
0 0.702087 0.737159 0.016801 0.021826
0 0.433077 0.753690 0.016199 0.020523
0 0.699480 0.765024 0.015458 0.019562
0 0.092528 0.946462 0.016380 0.023207
0 0.436321 0.434625 0.016616 0.020769
0 0.733247 0.985795 0.017199 0.018390
0 0.945563 0.457907 0.014600 0.018729
0 0.620595 0.858011 0.011208 0.014939
0 0.212332 0.324049 0.021755 0.028458
0 0.720971 0.255821 0.015753 0.021933
0 0.681716 0.123424 0.015842 0.019867
0 0.981878 0.648831 0.017123 0.020730
0 0.974694 0.779210 0.015077 0.019235
0 0.149785 0.443767 0.016930 0.022028
0 0.883212 0.956650 0.015868 0.021174
0 0.239380 0.317129 0.018688 0.024818
0 0.218275 0.706329 0.015871 0.020105
0 0.944472 0.334952 0.018315 0.022146
0 0.248946 0.388278 0.017009 0.020417
0 0.251952 0.659683 0.016475 0.018215
0 0.718226 0.755822 0.015343 0.021218
0 0.166979 0.021219 0.016900 0.021662
0 0.252987 0.685401 0.013228 0.019192
0 0.097394 0.373420 0.018598 0.021990
0 0.803947 0.738751 0.018582 0.022119
0 0.926836 0.772645 0.014609 0.018155
0 0.360498 0.828306 0.015502 0.019370
0 0.375073 0.950462 0.018894 0.023427
0 0.688850 0.713183 0.018873 0.021276
0 0.490321 0.461748 0.017746 0.022486
0 0.296877 0.990365 0.015625 0.015831
0 0.965953 0.467339 0.014789 0.020657
0 0.925817 0.469766 0.013624 0.020996
0 0.423931 0.007904 0.014845 0.013739
0 0.676467 0.678404 0.017376 0.019407
0 0.414296 0.553952 0.018153 0.023237
0 0.314475 0.555817 0.016760 0.020291
0 0.267270 0.682282 0.013682 0.020019
0 0.787130 0.544403 0.016714 0.020560
0 0.305975 0.580589 0.017616 0.020741
0 0.231318 0.368955 0.015895 0.021840
0 0.941922 0.804559 0.013520 0.018082
0 0.795978 0.823183 0.018380 0.023814
0 0.470963 0.964100 0.015460 0.019167
0 0.348866 0.810179 0.015571 0.019837
0 0.920169 0.353789 0.017700 0.021236
0 0.354328 0.032504 0.014517 0.017311
0 0.902747 0.773738 0.018406 0.022976
0 0.336418 0.291998 0.017178 0.020784
0 0.387332 0.844722 0.016761 0.021774
0 0.676640 0.961476 0.016416 0.020855
0 0.901135 0.470485 0.019240 0.021283
0 0.368592 0.007284 0.014802 0.012374
0 0.414202 0.090847 0.018780 0.022742
0 0.085224 0.252953 0.016485 0.020293
0 0.912110 0.263420 0.017354 0.021803
0 0.960003 0.689165 0.015573 0.019680
0 0.347769 0.439960 0.020820 0.025083
0 0.493488 0.429622 0.018911 0.021561
0 0.601931 0.730996 0.018320 0.020631
0 0.219312 0.452027 0.017468 0.022314
0 0.996358 0.777874 0.007285 0.021889
0 0.598472 0.187022 0.018171 0.021055
0 0.780348 0.458464 0.017770 0.025169
0 0.555628 0.319116 0.018777 0.023730
0 0.348908 0.544161 0.015453 0.019498
0 0.379433 0.664793 0.016945 0.021436
0 0.425116 0.467971 0.016394 0.018168
0 0.434575 0.245430 0.015414 0.019556
0 0.928035 0.417565 0.014659 0.023033
0 0.074893 0.175747 0.016403 0.020010
0 0.402493 0.236236 0.018657 0.023750
0 0.596700 0.389340 0.014570 0.019139
0 0.858655 0.960168 0.013765 0.017804
0 0.134708 0.363550 0.019774 0.024163
0 0.854756 0.981556 0.015078 0.017698
0 0.420103 0.877134 0.017454 0.029578
0 0.854196 0.570789 0.018025 0.021663
0 0.903719 0.731697 0.015543 0.019154
0 0.300453 0.048012 0.017354 0.022301
0 0.932620 0.878689 0.015173 0.018477
0 0.549348 0.444516 0.015294 0.020521
0 0.253514 0.525194 0.017255 0.020872
0 0.296425 0.130977 0.016847 0.022178
0 0.145830 0.113284 0.015987 0.019129
0 0.621086 0.061227 0.018515 0.022967
0 0.602525 0.860433 0.018068 0.023000
0 0.349476 0.735452 0.022753 0.022174
0 0.692471 0.056934 0.016273 0.020639
0 0.904187 0.163139 0.014759 0.017805
0 0.197693 0.572861 0.012131 0.015005
0 0.129401 0.672664 0.016201 0.019295
0 0.684249 0.286688 0.015244 0.020590
0 0.282885 0.955300 0.013164 0.017545
0 0.058497 0.360645 0.019701 0.022395
0 0.079672 0.282814 0.014345 0.016679
0 0.926609 0.716207 0.014912 0.017041
0 0.960453 0.968447 0.017892 0.025716
0 0.438662 0.619597 0.018467 0.023090
0 0.202456 0.536003 0.013656 0.017573
0 0.228398 0.010841 0.012778 0.016916
0 0.818371 0.505963 0.014852 0.019504
0 0.849010 0.082579 0.011664 0.014492
0 0.140317 0.569271 0.015945 0.022209
0 0.359541 0.473947 0.021029 0.027669
0 0.048254 0.890814 0.019650 0.023441
0 0.963160 0.180164 0.013673 0.017160
0 0.422512 0.367895 0.018817 0.021757
0 0.703028 0.565437 0.019413 0.023148
0 0.477673 0.303840 0.016928 0.020468
0 0.326124 0.106340 0.017657 0.021199
0 0.417480 0.750402 0.011269 0.017078
0 0.808118 0.012418 0.017442 0.019885
0 0.919975 0.830977 0.015283 0.017878
0 0.733445 0.939517 0.014725 0.016728
0 0.059658 0.420308 0.015779 0.020000
0 0.992656 0.162562 0.014338 0.019110
0 0.896737 0.951137 0.013287 0.021046
0 0.951911 0.309083 0.016905 0.020319
0 0.425461 0.150015 0.018268 0.020624
0 0.558730 0.981182 0.016180 0.019177
0 0.248282 0.648657 0.016602 0.021309
0 0.995705 0.633107 0.008589 0.019938
0 0.519207 0.741844 0.014705 0.018939
0 0.702818 0.249467 0.011626 0.015494
0 0.664121 0.119805 0.012666 0.018960
0 0.147071 0.131403 0.013763 0.015397
0 0.612950 0.974998 0.013335 0.016550
0 0.047795 0.384328 0.014149 0.019686
0 0.361485 0.470459 0.017647 0.021938
0 0.752745 0.653603 0.016484 0.020683
0 0.353320 0.483363 0.015098 0.016984
0 0.937298 0.442139 0.014559 0.015987
0 0.965461 0.151917 0.016658 0.020015
0 0.111200 0.495512 0.013774 0.021731
0 0.257875 0.837705 0.017895 0.021533
0 0.267055 0.117074 0.015618 0.020070
0 0.976716 0.782621 0.019033 0.026757
0 0.405153 0.318508 0.013448 0.016216
0 0.996865 0.484359 0.006270 0.016786
0 0.545302 0.578754 0.011419 0.011920
0 0.065575 0.379888 0.014704 0.017752
0 0.317355 0.559630 0.020556 0.026070
0 0.298212 0.285965 0.017307 0.018453
0 0.533442 0.535644 0.014545 0.019210
0 0.291648 0.563199 0.014742 0.020611
0 0.201727 0.536281 0.017813 0.022086
0 0.150849 0.018620 0.012794 0.022044
0 0.250280 0.654535 0.018639 0.027586
0 0.921610 0.831325 0.016356 0.021673
0 0.410198 0.083922 0.019024 0.029098
0 0.924615 0.781407 0.015485 0.024677
0 0.886285 0.952545 0.020447 0.027646
0 0.367343 0.008026 0.015930 0.015246
0 0.412924 0.086476 0.021008 0.028338
