0 0.813358 0.870373 0.018603 0.023868
0 0.421898 0.555431 0.014644 0.017961
0 0.133284 0.177697 0.020578 0.025867
0 0.522321 0.264750 0.018865 0.023642
0 0.114667 0.488242 0.017846 0.022561
0 0.840107 0.353003 0.019359 0.023627
0 0.279575 0.384043 0.019131 0.024612
0 0.624605 0.944603 0.018950 0.025801
0 0.492599 0.109984 0.015583 0.019615
0 0.617773 0.680668 0.018653 0.021896
0 0.727107 0.235811 0.017647 0.024136
0 0.511695 0.962620 0.020955 0.028157
0 0.988912 0.643330 0.016428 0.019619
0 0.512888 0.008679 0.015257 0.014825
0 0.817273 0.845944 0.018733 0.019150
0 0.515996 0.968663 0.020175 0.021287
0 0.873385 0.356256 0.018498 0.021020
0 0.743271 0.017646 0.020521 0.025824
0 0.094914 0.810086 0.015180 0.019504
0 0.033290 0.931571 0.016728 0.021677
0 0.236091 0.709835 0.016314 0.021870
0 0.333695 0.606698 0.017120 0.024924
0 0.681319 0.270637 0.017899 0.020362
0 0.091651 0.680200 0.015286 0.018673
0 0.794791 0.705168 0.015564 0.020813
0 0.449484 0.767595 0.017691 0.022077
0 0.088247 0.356404 0.018746 0.021738
0 0.510612 0.143312 0.017525 0.022331
0 0.135382 0.122496 0.013149 0.015591
0 0.005724 0.027720 0.011420 0.018275
0 0.004169 0.676141 0.008339 0.017477
0 0.994191 0.943897 0.011619 0.022366
0 0.268680 0.092568 0.013846 0.018991
0 0.972270 0.351586 0.020672 0.025863
0 0.827620 0.798017 0.017401 0.022001
0 0.728857 0.933136 0.017259 0.023668
0 0.129307 0.230325 0.015653 0.019236
0 0.004728 0.802372 0.009457 0.024492
0 0.981604 0.711823 0.014998 0.018070
0 0.065785 0.245104 0.018240 0.021102
0 0.063436 0.204224 0.015033 0.020315
0 0.529053 0.118429 0.016592 0.018479
0 0.462838 0.335070 0.014566 0.017092
0 0.600754 0.654670 0.016617 0.020012
0 0.853895 0.945022 0.016396 0.022941
0 0.120076 0.961215 0.017421 0.022015
0 0.325256 0.820583 0.014891 0.018534
0 0.244030 0.470955 0.020753 0.023773
0 0.239480 0.429936 0.011922 0.015284
0 0.036937 0.715812 0.013159 0.017073
0 0.361411 0.014326 0.013475 0.021757
0 0.808765 0.679261 0.017873 0.019688
0 0.017343 0.046895 0.014718 0.022731
0 0.521472 0.294307 0.015438 0.020138
0 0.768080 0.951071 0.015025 0.017971
0 0.571250 0.629255 0.015798 0.018871
0 0.058102 0.545475 0.017674 0.021904
0 0.705483 0.688745 0.016410 0.018927
0 0.044072 0.975234 0.016628 0.022704
0 0.212384 0.224289 0.015872 0.017825
0 0.444845 0.896991 0.017764 0.022071
0 0.810521 0.098632 0.015710 0.019999
0 0.075314 0.919330 0.015301 0.018972
0 0.325757 0.101772 0.013814 0.020066
0 0.038074 0.198131 0.016093 0.021654
0 0.464555 0.679816 0.017365 0.019747
0 0.795164 0.964183 0.015526 0.019515
0 0.661992 0.945394 0.012721 0.016564
0 0.165261 0.468621 0.016251 0.020947
0 0.801551 0.059357 0.015385 0.018942
0 0.249791 0.109617 0.012370 0.018748
0 0.349031 0.355832 0.016142 0.017932
0 0.818968 0.940916 0.009775 0.013251
0 0.735846 0.550255 0.018540 0.025935
0 0.996340 0.811460 0.007320 0.025495
0 0.386339 0.446859 0.014620 0.017371
0 0.384607 0.084603 0.014485 0.021557
0 0.055784 0.543006 0.018082 0.022514
0 0.347263 0.010864 0.010176 0.017018
0 0.629517 0.978025 0.013292 0.017805
0 0.957190 0.509967 0.014061 0.016600
0 0.311249 0.016800 0.018169 0.028738
0 0.269068 0.007881 0.015817 0.015030
0 0.557474 0.949226 0.014399 0.018450
0 0.553419 0.756220 0.014529 0.017607
0 0.807280 0.824134 0.014785 0.015874
0 0.108866 0.548813 0.015284 0.018982
0 0.224167 0.426864 0.014899 0.018791
0 0.930798 0.214792 0.012990 0.014687
0 0.980867 0.156922 0.014128 0.016565
0 0.066447 0.177155 0.015513 0.017873
0 0.835139 0.881311 0.014437 0.020205
0 0.081313 0.709514 0.012336 0.015127
0 0.105077 0.284858 0.013717 0.018085
0 0.309983 0.081756 0.015069 0.019440
0 0.450521 0.258424 0.015497 0.019809
0 0.380818 0.651390 0.013846 0.016700
0 0.009731 0.896412 0.013672 0.019250
0 0.835940 0.732338 0.011118 0.013328
0 0.269886 0.936894 0.016482 0.021199
0 0.373336 0.670079 0.013969 0.017966
0 0.237989 0.962324 0.013527 0.016761
0 0.127373 0.008181 0.014080 0.013840
0 0.531235 0.430914 0.017644 0.022161
0 0.971553 0.916348 0.012654 0.015327
0 0.102134 0.469688 0.016117 0.019104
0 0.226359 0.491970 0.016052 0.019901
0 0.088017 0.839365 0.015802 0.019801
0 0.533662 0.434373 0.015670 0.018036
0 0.581713 0.964178 0.012911 0.016969
0 0.521138 0.511726 0.013047 0.015870
