0 0.726829 0.851306 0.028329 0.029322
0 0.326577 0.268340 0.014057 0.018153
0 0.514991 0.382284 0.020772 0.025327
0 0.392519 0.461419 0.021940 0.024806
0 0.240794 0.742939 0.015781 0.019314
0 0.640418 0.306736 0.018397 0.021906
0 0.497913 0.135290 0.016975 0.022864
0 0.462941 0.307807 0.013549 0.017892
0 0.545890 0.761693 0.018361 0.023622
0 0.044660 0.417925 0.016539 0.019542
0 0.179601 0.407207 0.018263 0.021661
0 0.883818 0.420947 0.020672 0.024901
0 0.158909 0.889874 0.020270 0.025093
0 0.073402 0.307116 0.018662 0.025232
0 0.773463 0.210172 0.018094 0.018688
0 0.772252 0.380602 0.021208 0.021744
0 0.749945 0.699725 0.018939 0.024711
0 0.138325 0.252487 0.019587 0.023380
0 0.443716 0.318141 0.016361 0.021789
0 0.239033 0.555390 0.018333 0.022952
0 0.096986 0.313229 0.016511 0.021124
0 0.092492 0.505236 0.018465 0.023186
0 0.265093 0.741515 0.016384 0.022268
0 0.934899 0.680191 0.017364 0.020487
0 0.176712 0.936121 0.018941 0.023771
0 0.157145 0.325681 0.017888 0.022498
0 0.210395 0.745782 0.017018 0.019008
0 0.829748 0.127999 0.017698 0.023193
0 0.481062 0.150028 0.016603 0.022007
0 0.415571 0.088973 0.018049 0.023550
0 0.269980 0.570722 0.015877 0.020029
0 0.677461 0.093681 0.017230 0.021699
0 0.490873 0.237173 0.018500 0.021172
0 0.018496 0.407331 0.016063 0.019654
0 0.005596 0.100008 0.011192 0.018042
0 0.127462 0.283097 0.019167 0.023623
0 0.529727 0.698254 0.018971 0.021536
0 0.018007 0.703061 0.017252 0.024168
0 0.869861 0.880770 0.018136 0.022148
0 0.072271 0.455089 0.016911 0.019582
0 0.707546 0.901893 0.019027 0.022856
0 0.977697 0.290735 0.019151 0.024013
0 0.387062 0.012760 0.015132 0.020966
0 0.114586 0.498503 0.015816 0.021101
0 0.306564 0.155477 0.018747 0.022298
0 0.551321 0.508786 0.018972 0.022384
0 0.435346 0.436864 0.018698 0.021705
0 0.889810 0.286557 0.021225 0.021463
0 0.321895 0.191610 0.015662 0.019514
0 0.340880 0.241163 0.018436 0.023272
0 0.606550 0.153931 0.016469 0.021468
0 0.884531 0.381197 0.018585 0.021441
0 0.470335 0.476811 0.017004 0.020915
0 0.802136 0.088712 0.018629 0.019542
0 0.192695 0.248033 0.021096 0.023033
0 0.520686 0.414205 0.018332 0.022681
0 0.333156 0.295359 0.016529 0.020933
0 0.075912 0.270003 0.017565 0.020981
0 0.777863 0.235587 0.017939 0.021133
0 0.180306 0.721167 0.028480 0.039672
0 0.800300 0.874554 0.019545 0.023634
0 0.868576 0.632101 0.020731 0.025317
0 0.621507 0.102638 0.017863 0.022589
0 0.433746 0.597435 0.018274 0.022394
0 0.219504 0.277828 0.017250 0.021882
0 0.905271 0.905792 0.014996 0.019660
0 0.918205 0.885563 0.017206 0.021283
0 0.488931 0.595270 0.015924 0.019017
0 0.669231 0.308272 0.017936 0.023790
0 0.843045 0.504012 0.017118 0.022438
0 0.430350 0.671796 0.019467 0.019660
0 0.318941 0.241711 0.017037 0.021911
0 0.304163 0.263015 0.018382 0.022601
0 0.004923 0.027299 0.009847 0.023083
0 0.854322 0.115162 0.017881 0.021801
0 0.638100 0.504710 0.018221 0.022795
0 0.159449 0.969674 0.016736 0.021107
0 0.266592 0.971255 0.017492 0.021174
0 0.932344 0.223762 0.019217 0.023715
0 0.546718 0.656977 0.017042 0.020749
0 0.897417 0.112901 0.021798 0.024235
0 0.554201 0.159524 0.016101 0.019028
0 0.025139 0.137478 0.016617 0.021624
0 0.315982 0.855097 0.022450 0.025730
0 0.902239 0.401780 0.016004 0.020395
0 0.049708 0.375800 0.017837 0.021387
0 0.091210 0.871039 0.020542 0.023773
0 0.161037 0.225873 0.015577 0.017964
0 0.994778 0.242280 0.010444 0.020673
0 0.313451 0.993191 0.017970 0.013618
0 0.094288 0.467872 0.015715 0.024159
0 0.480169 0.259581 0.015040 0.017374
0 0.394092 0.342486 0.014337 0.017671
0 0.031224 0.178016 0.019044 0.023359
0 0.996613 0.594210 0.006774 0.024946
0 0.300374 0.369318 0.022714 0.028454
0 0.312890 0.994223 0.019712 0.011555
