0 0.555676 0.515076 0.022508 0.029262
0 0.209709 0.310496 0.020939 0.024955
0 0.421768 0.539488 0.018337 0.023412
0 0.314408 0.098606 0.015045 0.019006
0 0.317894 0.072194 0.015262 0.018255
0 0.397960 0.540420 0.017319 0.021878
0 0.249092 0.668858 0.019331 0.023537
0 0.725238 0.255697 0.018676 0.023516
0 0.199640 0.346264 0.018614 0.022197
0 0.539457 0.487464 0.018293 0.023599
0 0.297347 0.115564 0.017975 0.022531
0 0.576436 0.473343 0.018460 0.024583
0 0.124323 0.225988 0.018419 0.025456
0 0.226540 0.361871 0.016310 0.020378
0 0.695548 0.261555 0.021958 0.024538
0 0.789194 0.817644 0.021207 0.024543
0 0.420511 0.848296 0.018850 0.024024
0 0.443789 0.094491 0.016608 0.020832
0 0.365275 0.111970 0.018327 0.022371
0 0.100381 0.475433 0.019748 0.024270
0 0.443597 0.607608 0.018698 0.022777
0 0.981859 0.866326 0.019892 0.024401
0 0.247922 0.511332 0.020287 0.024710
0 0.675590 0.114497 0.018583 0.023171
0 0.357095 0.470913 0.016685 0.020983
0 0.603492 0.862326 0.021991 0.025173
0 0.979605 0.642615 0.020165 0.023596
0 0.406945 0.917427 0.020449 0.024925
0 0.991507 0.768239 0.016986 0.025502
0 0.332799 0.278844 0.016194 0.020022
0 0.372587 0.653417 0.017618 0.020987
0 0.756281 0.845834 0.020159 0.024524
0 0.484173 0.301170 0.018401 0.022880
0 0.346475 0.798879 0.017394 0.021424
0 0.074185 0.374527 0.017556 0.021697
0 0.238499 0.110624 0.014711 0.020410
0 0.940275 0.441945 0.020833 0.026025
0 0.416494 0.587230 0.020247 0.024799
0 0.845108 0.558420 0.023463 0.031282
0 0.244153 0.164655 0.018845 0.023202
0 0.870056 0.828979 0.022546 0.026950
0 0.325183 0.250758 0.017284 0.022847
0 0.551588 0.305410 0.019976 0.023308
0 0.906720 0.164785 0.018244 0.023688
0 0.773510 0.445187 0.021903 0.027751
0 0.357397 0.436860 0.019285 0.025353
0 0.381932 0.016443 0.016735 0.020420
0 0.690836 0.051875 0.017418 0.022219
0 0.209950 0.440422 0.019445 0.023285
0 0.269476 0.655546 0.016797 0.021576
0 0.247397 0.373741 0.016716 0.021448
0 0.845837 0.374922 0.020130 0.024145
0 0.533573 0.528716 0.015555 0.020293
0 0.582903 0.313318 0.015876 0.021133
0 0.684007 0.701442 0.021283 0.025539
0 0.621914 0.055464 0.019444 0.023863
0 0.757421 0.644742 0.020303 0.026875
0 0.024185 0.526439 0.019395 0.021594
0 0.162547 0.009632 0.018223 0.018670
0 0.190889 0.401163 0.017897 0.022606
0 0.907371 0.726156 0.016840 0.021128
0 0.434346 0.748376 0.018640 0.023396
0 0.321755 0.560719 0.020600 0.024279
0 0.691912 0.753418 0.020004 0.024492
0 0.684842 0.955510 0.019992 0.024715
0 0.070106 0.440592 0.020861 0.021989
0 0.136727 0.354921 0.018257 0.022012
0 0.598476 0.174099 0.018396 0.023377
0 0.544990 0.433399 0.017311 0.022378
0 0.255803 0.916791 0.020035 0.023963
0 0.953935 0.953597 0.020198 0.026173
0 0.447953 0.038944 0.017444 0.021157
0 0.994043 0.123412 0.011913 0.023707
0 0.885848 0.214861 0.015517 0.019733
0 0.931362 0.157564 0.015178 0.019192
0 0.140105 0.102146 0.017405 0.023394
0 0.655409 0.245946 0.017374 0.019729
0 0.143882 0.435179 0.017141 0.021559
0 0.415532 0.977961 0.019262 0.024538
0 0.503876 0.098499 0.016061 0.021033
0 0.418727 0.454842 0.016985 0.020625
0 0.098520 0.325661 0.016536 0.019974
0 0.293171 0.279535 0.017555 0.023393
0 0.810442 0.724426 0.018152 0.021201
0 0.367320 0.624779 0.017311 0.021279
0 0.041696 0.374130 0.015690 0.019402
0 0.419566 0.141997 0.016940 0.022260
0 0.171709 0.868121 0.015817 0.020379
0 0.960753 0.397770 0.019407 0.022736
0 0.511284 0.730702 0.017591 0.021646
0 0.160706 0.736976 0.017109 0.020297
0 0.055003 0.412753 0.017817 0.020577
0 0.731170 0.779173 0.017532 0.021579
0 0.508243 0.664324 0.017671 0.021105
0 0.490802 0.970383 0.018857 0.025307
0 0.679585 0.086481 0.015922 0.018103
0 0.134414 0.950018 0.018833 0.021762
0 0.885763 0.717751 0.018117 0.021962
0 0.425849 0.238861 0.020208 0.022094
0 0.157655 0.570399 0.022310 0.022854
0 0.393037 0.856350 0.015814 0.021071
0 0.905219 0.063441 0.021543 0.022621
0 0.954985 0.170173 0.015324 0.018984
0 0.263669 0.105468 0.018031 0.020615
0 0.160016 0.572241 0.018638 0.020819
0 0.155100 0.568464 0.022756 0.022486
0 0.265311 0.103400 0.015313 0.018283
0 0.580343 0.077240 0.014063 0.017384
0 0.558621 0.483119 0.013230 0.019777
0 0.346395 0.847517 0.014674 0.018441
0 0.586720 0.617599 0.013056 0.016657
0 0.171836 0.869569 0.019197 0.024233
0 0.574047 0.474573 0.024061 0.028963
