0 0.546072 0.510589 0.021405 0.028352
0 0.526817 0.477725 0.018985 0.024592
0 0.259393 0.900761 0.028971 0.039411
0 0.568989 0.469651 0.018470 0.022579
0 0.412546 0.537704 0.016902 0.022786
0 0.200943 0.306672 0.020199 0.025846
0 0.241027 0.369692 0.016999 0.021018
0 0.279584 0.104158 0.015908 0.020789
0 0.325450 0.270701 0.017824 0.022967
0 0.519486 0.519897 0.016130 0.021372
0 0.734925 0.251933 0.016542 0.023138
0 0.288970 0.539251 0.018293 0.023190
0 0.713489 0.251028 0.016155 0.024305
0 0.988441 0.407828 0.022298 0.024424
0 0.992792 0.613723 0.014390 0.019344
0 0.688930 0.253528 0.022210 0.026287
0 0.969002 0.860898 0.021189 0.024842
0 0.128144 0.347729 0.017872 0.021415
0 0.476788 0.898192 0.020064 0.023494
0 0.975487 0.634424 0.017099 0.020711
0 0.242045 0.661961 0.020146 0.023329
0 0.820586 0.231236 0.019718 0.023612
0 0.317094 0.237723 0.018542 0.024490
0 0.949992 0.944674 0.020558 0.026324
0 0.685260 0.044007 0.020328 0.026464
0 0.285013 0.270133 0.017279 0.022615
0 0.304319 0.506897 0.018776 0.022784
0 0.203026 0.433370 0.018257 0.021616
0 0.087399 0.462483 0.017618 0.022536
0 0.615505 0.044738 0.020133 0.025636
0 0.975734 0.147963 0.018116 0.022023
0 0.826194 0.816110 0.022501 0.026751
0 0.952974 0.652835 0.018266 0.020976
0 0.242286 0.503527 0.019476 0.023027
0 0.256241 0.075996 0.018825 0.022296
0 0.963925 0.612912 0.016483 0.019046
0 0.051215 0.401876 0.017361 0.021478
0 0.767089 0.718662 0.019796 0.024614
0 0.412660 0.132454 0.017642 0.022485
0 0.837827 0.556029 0.022230 0.025833
0 0.543037 0.297220 0.021031 0.025111
0 0.850098 0.745408 0.020950 0.022539
0 0.986193 0.761704 0.019145 0.023020
0 0.889970 0.716986 0.019038 0.023979
0 0.585697 0.850086 0.021432 0.027636
0 0.349190 0.464491 0.015917 0.019787
0 0.685528 0.746830 0.021264 0.024602
0 0.016447 0.520180 0.018906 0.022855
0 0.320135 0.579091 0.018184 0.022195
0 0.409817 0.844012 0.018158 0.022544
0 0.547185 0.478605 0.014269 0.021253
0 0.970051 0.066587 0.019007 0.025113
0 0.263122 0.646988 0.016796 0.020867
0 0.145769 0.561727 0.020690 0.027695
0 0.426762 0.742249 0.018192 0.022313
0 0.720864 0.600232 0.021004 0.024776
0 0.633016 0.795671 0.018951 0.024982
0 0.699801 0.817063 0.022068 0.026970
0 0.431131 0.602976 0.019498 0.023604
0 0.515159 0.119486 0.018890 0.023693
0 0.065322 0.363277 0.020436 0.023742
0 0.896338 0.055821 0.019142 0.025195
0 0.031330 0.282963 0.017682 0.021916
0 0.934655 0.434698 0.019609 0.024043
0 0.292391 0.869725 0.019625 0.024710
0 0.507484 0.725632 0.016587 0.021474
0 0.164452 0.906531 0.021722 0.027493
0 0.918110 0.485270 0.020246 0.024162
0 0.753147 0.637321 0.019745 0.025523
0 0.390461 0.533149 0.016946 0.021450
0 0.132958 0.095630 0.017648 0.023693
0 0.201097 0.507553 0.016897 0.020492
0 0.299054 0.084623 0.015945 0.021999
0 0.419740 0.230186 0.018919 0.024204
0 0.337272 0.790802 0.019362 0.022749
0 0.637093 0.330537 0.019230 0.022847
0 0.409645 0.447844 0.018280 0.021870
0 0.219007 0.353995 0.018304 0.023421
0 0.956976 0.894174 0.018310 0.020688
0 0.459240 0.959694 0.019876 0.024936
0 0.675187 0.699476 0.021184 0.026063
0 0.138930 0.429252 0.017326 0.021134
0 0.368198 0.144273 0.016676 0.020955
0 0.902863 0.155716 0.019122 0.024701
0 0.119072 0.217730 0.019027 0.024416
0 0.368789 0.648990 0.016343 0.021456
0 0.525574 0.427681 0.016120 0.020219
0 0.846251 0.039565 0.018903 0.024864
0 0.259001 0.554887 0.014120 0.016893
0 0.135096 0.320339 0.018939 0.022436
0 0.245230 0.336343 0.018316 0.022675
0 0.564101 0.736658 0.016800 0.020605
0 0.906356 0.540326 0.019519 0.022163
0 0.948347 0.160874 0.015926 0.019220
0 0.936991 0.992721 0.021915 0.014558
0 0.340886 0.840585 0.020915 0.022655
0 0.574702 0.069599 0.015319 0.018772
0 0.450685 0.790099 0.012749 0.017600
0 0.117565 0.119090 0.015094 0.017084
0 0.934754 0.790368 0.014084 0.016409
0 0.158283 0.005518 0.018474 0.011036
0 0.254898 0.100381 0.018467 0.021886
0 0.274304 0.990839 0.013528 0.012921
0 0.936680 0.993759 0.023969 0.012481
0 0.002945 0.869864 0.005890 0.023635
0 0.158943 0.004426 0.019117 0.008851
0 0.696764 0.998360 0.032570 0.003280
0 0.695455 0.993405 0.032067 0.013191
