0 0.703593 0.267431 0.017248 0.022920
0 0.560012 0.521322 0.022830 0.030480
0 0.213926 0.317007 0.020476 0.025668
0 0.311808 0.579597 0.016905 0.022415
0 0.418591 0.846350 0.016301 0.020978
0 0.525604 0.032685 0.018677 0.019320
0 0.578834 0.477020 0.016652 0.020927
0 0.275465 0.664669 0.018356 0.022005
0 0.172803 0.295373 0.014961 0.017360
0 0.922876 0.883043 0.020144 0.022284
0 0.166200 0.013511 0.020220 0.021718
0 0.818869 0.819338 0.017071 0.021638
0 0.725264 0.251236 0.018769 0.027314
0 0.387143 0.013511 0.015933 0.019176
0 0.411375 0.106368 0.017190 0.022100
0 0.680177 0.279764 0.018122 0.021598
0 0.467984 0.506246 0.018630 0.024164
0 0.215614 0.447810 0.017563 0.021175
0 0.142130 0.359366 0.017182 0.022070
0 0.440740 0.847245 0.016368 0.021857
0 0.978058 0.855230 0.016784 0.020498
0 0.984544 0.646634 0.017539 0.022693
0 0.231382 0.363504 0.016780 0.022043
0 0.408831 0.228619 0.016190 0.020993
0 0.249194 0.383471 0.015726 0.020314
0 0.093969 0.438963 0.018168 0.021618
0 0.441644 0.612092 0.017256 0.019577
0 0.683046 0.117232 0.016298 0.020570
0 0.805853 0.762071 0.016743 0.019553
0 0.298709 0.284927 0.015431 0.020479
0 0.439198 0.395737 0.020647 0.021838
0 0.852873 0.566740 0.019190 0.023019
0 0.904695 0.775702 0.018689 0.023067
0 0.629672 0.063124 0.016790 0.021481
0 0.611967 0.082039 0.013786 0.017401
0 0.439403 0.745269 0.015984 0.020274
0 0.348017 0.807036 0.015439 0.018976
0 0.231652 0.423649 0.015672 0.019314
0 0.946234 0.448814 0.018931 0.023372
0 0.779267 0.448140 0.018722 0.022680
0 0.427063 0.454007 0.017242 0.019181
0 0.422918 0.148286 0.017910 0.023033
0 0.144524 0.107474 0.016509 0.020109
0 0.943959 0.326499 0.018490 0.022035
0 0.889319 0.608070 0.016066 0.018997
0 0.687928 0.708779 0.018004 0.022381
0 0.698603 0.761589 0.015707 0.020186
0 0.379324 0.658316 0.015481 0.018793
0 0.603831 0.853364 0.018569 0.024079
0 0.533637 0.528645 0.014809 0.018863
0 0.487074 0.297683 0.015495 0.019055
0 0.548977 0.465495 0.015395 0.018132
0 0.302285 0.106497 0.014765 0.018273
0 0.316737 0.802926 0.016286 0.018873
0 0.030753 0.562031 0.020241 0.023609
0 0.551523 0.487645 0.015820 0.018350
0 0.911124 0.168750 0.017495 0.021502
0 0.433042 0.241346 0.015006 0.017574
0 0.959961 0.959908 0.018709 0.024767
0 0.323189 0.103470 0.017045 0.023778
0 0.492535 0.847100 0.017537 0.024545
0 0.254562 0.519094 0.018696 0.022437
0 0.337195 0.282279 0.015305 0.018841
0 0.362209 0.476033 0.015355 0.020209
0 0.320442 0.555725 0.017536 0.020148
0 0.108752 0.305981 0.019061 0.023827
0 0.556423 0.302783 0.021483 0.023939
0 0.470913 0.886220 0.017753 0.022829
0 0.902347 0.679487 0.019867 0.024416
0 0.680628 0.953663 0.017496 0.021680
0 0.491425 0.456196 0.016853 0.020087
0 0.548080 0.438479 0.014046 0.016761
0 0.041159 0.698385 0.016896 0.021135
0 0.608107 0.176169 0.016521 0.020748
0 0.424290 0.544717 0.016804 0.022237
0 0.901526 0.721327 0.019010 0.021897
0 0.516680 0.737117 0.015374 0.019531
0 0.703458 0.054722 0.018140 0.022305
0 0.186643 0.211447 0.015295 0.018940
0 0.243594 0.669066 0.012711 0.014621
0 0.557402 0.075669 0.015333 0.018271
0 0.130437 0.223362 0.016556 0.020548
0 0.033304 0.530824 0.016649 0.019005
0 0.810570 0.616151 0.016629 0.018921
0 0.792705 0.817292 0.018780 0.022784
0 0.150116 0.440418 0.016857 0.019905
0 0.026209 0.127468 0.014554 0.017341
0 0.757836 0.641274 0.019274 0.021171
0 0.996710 0.124732 0.006580 0.019984
0 0.432231 0.095175 0.016662 0.025507
0 0.892745 0.952506 0.017534 0.020049
0 0.155262 0.555876 0.017099 0.022256
0 0.968348 0.093582 0.015796 0.023269
0 0.236700 0.812486 0.016805 0.020062
0 0.025790 0.861562 0.013638 0.015314
0 0.240720 0.317406 0.017444 0.024326
0 0.410526 0.568908 0.015815 0.019270
0 0.059285 0.419609 0.015344 0.019652
0 0.488102 0.969746 0.018233 0.019567
0 0.336458 0.132720 0.019862 0.022961
0 0.961070 0.175161 0.015844 0.018504
0 0.179119 0.361472 0.020517 0.017880
0 0.327458 0.650242 0.013346 0.016294
0 0.047157 0.373084 0.016529 0.021357
0 0.961512 0.226284 0.014372 0.016121
0 0.994915 0.773749 0.010169 0.023382
0 0.644931 0.471710 0.015836 0.019245
0 0.669837 0.638595 0.012944 0.015217
0 0.430274 0.227035 0.015000 0.018864
0 0.060755 0.746228 0.012598 0.013679
0 0.439411 0.979167 0.015798 0.019081
0 0.905628 0.046740 0.016447 0.019545
0 0.704502 0.240856 0.011461 0.015519
0 0.295517 0.580129 0.012469 0.018457
0 0.266531 0.112779 0.017476 0.020437
0 0.584281 0.081825 0.011980 0.013546
0 0.898262 0.039953 0.017851 0.021455
0 0.583618 0.016191 0.010970 0.013786
0 0.182239 0.362022 0.017520 0.016737
0 0.900990 0.041699 0.021411 0.022102
0 0.398124 0.863275 0.014276 0.019010
0 0.431850 0.233262 0.017422 0.031724
0 0.084655 0.192513 0.012379 0.014513
0 0.327640 0.649412 0.016879 0.020495
0 0.996996 0.335554 0.006008 0.019394
0 0.926561 0.884185 0.022659 0.022633
0 0.991140 0.300675 0.016380 0.021471
0 0.083204 0.217668 0.011177 0.015205
0 0.156054 0.562767 0.016180 0.026999
0 0.807866 0.614318 0.019606 0.020024
0 0.042776 0.548998 0.011387 0.014349
0 0.351355 0.854066 0.015500 0.020223
