0 0.704049 0.273014 0.016329 0.021508
0 0.165546 0.023196 0.017247 0.020860
0 0.600003 0.097954 0.018630 0.019619
0 0.304409 0.579941 0.018296 0.021464
0 0.947406 0.328823 0.020395 0.024951
0 0.013706 0.314272 0.019000 0.021181
0 0.828871 0.595520 0.015575 0.019495
0 0.234152 0.314792 0.019622 0.024624
0 0.149752 0.557059 0.015614 0.019310
0 0.361992 0.824415 0.014640 0.018548
0 0.190448 0.802360 0.013161 0.016335
0 0.794373 0.864707 0.019853 0.022204
0 0.333560 0.109736 0.010469 0.013821
0 0.248989 0.387819 0.015912 0.020840
0 0.559871 0.520945 0.027703 0.034445
0 0.939494 0.812774 0.016444 0.020416
0 0.175538 0.548355 0.016234 0.021069
0 0.062764 0.155239 0.015942 0.019227
0 0.656399 0.601265 0.017597 0.022571
0 0.347878 0.810905 0.013919 0.018858
0 0.360000 0.334818 0.017020 0.021413
0 0.008678 0.250708 0.015644 0.017773
0 0.720043 0.253783 0.015698 0.021117
0 0.756647 0.990013 0.013352 0.015564
0 0.463040 0.939470 0.012609 0.015195
0 0.463109 0.261778 0.013612 0.017438
0 0.169916 0.811306 0.015677 0.020947
0 0.237501 0.669570 0.015306 0.019785
0 0.174912 0.257865 0.020288 0.025978
0 0.317820 0.551507 0.016184 0.020428
0 0.850851 0.918145 0.017695 0.021654
0 0.597887 0.183654 0.017145 0.022025
0 0.433058 0.754479 0.016309 0.022142
0 0.775405 0.904060 0.015692 0.019208
0 0.079947 0.251193 0.015467 0.019816
0 0.699463 0.765483 0.015946 0.019989
0 0.907846 0.704888 0.015320 0.018315
0 0.931602 0.878073 0.014030 0.019488
0 0.708892 0.729393 0.017803 0.021136
0 0.356998 0.285022 0.015138 0.019626
0 0.682157 0.654512 0.017717 0.021714
0 0.037037 0.787477 0.016723 0.020923
0 0.150355 0.445106 0.017499 0.023509
0 0.360470 0.470525 0.017175 0.022474
0 0.554511 0.315990 0.018891 0.025118
0 0.145478 0.115128 0.014294 0.018374
0 0.656207 0.991217 0.015942 0.015410
0 0.678818 0.960914 0.016254 0.020558
0 0.945354 0.294973 0.018812 0.021271
0 0.434318 0.433713 0.016220 0.020474
0 0.295642 0.810335 0.017955 0.023235
0 0.348865 0.943771 0.015650 0.019544
0 0.964440 0.139062 0.014564 0.018100
0 0.384272 0.840748 0.016054 0.018594
0 0.730465 0.882876 0.014737 0.017666
0 0.527650 0.577572 0.018262 0.022116
0 0.470120 0.614092 0.016359 0.020206
0 0.777566 0.680460 0.014324 0.016970
0 0.945214 0.457364 0.014930 0.019188
0 0.900875 0.777769 0.020315 0.023000
0 0.487862 0.459027 0.016827 0.021465
0 0.415956 0.552208 0.017519 0.021937
0 0.965589 0.459811 0.014273 0.019626
0 0.416187 0.854205 0.013915 0.017813
0 0.832432 0.233058 0.016722 0.020154
0 0.890267 0.937275 0.017267 0.021147
0 0.044314 0.384977 0.014368 0.019153
0 0.899914 0.466936 0.015626 0.018504
0 0.332709 0.293132 0.014598 0.018465
0 0.433580 0.245267 0.014993 0.019290
0 0.065213 0.907929 0.014681 0.018260
0 0.244200 0.519263 0.016961 0.020622
0 0.742351 0.902117 0.013915 0.018657
0 0.793361 0.603751 0.015202 0.019613
0 0.603545 0.860029 0.017661 0.022096
0 0.982675 0.650152 0.017938 0.024295
0 0.218020 0.453799 0.016852 0.019333
0 0.348365 0.730573 0.017416 0.020220
0 0.846911 0.271249 0.017025 0.022424
0 0.692906 0.408312 0.015471 0.018295
0 0.235888 0.928654 0.015757 0.019909
0 0.425780 0.284229 0.014174 0.018191
0 0.684228 0.287962 0.014744 0.018443
0 0.084029 0.413689 0.014039 0.017007
0 0.301974 0.052380 0.016127 0.020869
0 0.136260 0.358871 0.017438 0.022419
0 0.044439 0.212805 0.015686 0.019403
0 0.414610 0.093049 0.018368 0.023560
0 0.312385 0.106811 0.016147 0.020040
0 0.796291 0.059883 0.014253 0.017945
0 0.855827 0.867624 0.015095 0.019146
0 0.995976 0.778776 0.008049 0.022791
0 0.349075 0.543574 0.016015 0.020181
0 0.427850 0.868282 0.015792 0.018745
0 0.853741 0.569848 0.016047 0.019822
0 0.477534 0.308673 0.016598 0.019365
0 0.790099 0.330456 0.015875 0.020965
0 0.779974 0.458307 0.017351 0.022170
0 0.365029 0.007555 0.014894 0.014018
0 0.119750 0.966700 0.013923 0.019259
0 0.961888 0.181051 0.013381 0.016635
0 0.688152 0.712474 0.016846 0.024694
0 0.517734 0.742941 0.014174 0.017039
0 0.912576 0.751287 0.015704 0.018478
0 0.916664 0.456936 0.013922 0.017292
0 0.290996 0.383686 0.016142 0.022547
0 0.730764 0.984886 0.013026 0.016459
0 0.854211 0.394800 0.016053 0.020879
0 0.681410 0.865431 0.013851 0.014763
0 0.083373 0.569746 0.014224 0.017652
0 0.907217 0.731606 0.015195 0.019182
0 0.033878 0.897385 0.016014 0.019389
0 0.424234 0.149807 0.015642 0.019682
0 0.563658 0.739910 0.011976 0.015896
0 0.891651 0.532714 0.016755 0.021289
0 0.308920 0.243633 0.013177 0.016737
0 0.799348 0.823004 0.015933 0.019174
0 0.227596 0.367755 0.016305 0.019281
0 0.747306 0.279010 0.017696 0.021193
0 0.975228 0.193289 0.015272 0.019078
0 0.108102 0.427558 0.012730 0.015074
0 0.954574 0.765810 0.016102 0.020077
0 0.555739 0.981589 0.015940 0.019845
0 0.699854 0.249841 0.011918 0.014671
0 0.439317 0.618577 0.017642 0.021630
0 0.620262 0.059561 0.017607 0.020595
0 0.695208 0.057632 0.016903 0.020105
0 0.067970 0.491877 0.015920 0.019650
0 0.964425 0.971500 0.018146 0.022951
0 0.533491 0.533368 0.014660 0.017833
0 0.208460 0.492639 0.012445 0.015009
0 0.266840 0.117961 0.014876 0.017298
0 0.458451 0.486824 0.010005 0.012075
0 0.337886 0.583749 0.014685 0.019010
0 0.294902 0.130673 0.015485 0.020165
0 0.951896 0.883669 0.014264 0.016256
0 0.298238 0.821686 0.016910 0.016926
0 0.576511 0.245626 0.011445 0.014372
0 0.752521 0.655574 0.014071 0.018312
0 0.423276 0.469926 0.014146 0.017276
0 0.933521 0.124682 0.017071 0.018590
0 0.503301 0.365622 0.013087 0.018729
0 0.298341 0.284847 0.014939 0.017851
0 0.369033 0.179337 0.015026 0.020411
0 0.556301 0.251230 0.011721 0.014824
0 0.807980 0.869262 0.017199 0.025498
0 0.025838 0.332237 0.013870 0.017633
0 0.797376 0.866605 0.025334 0.026027
0 0.141890 0.659610 0.015074 0.019506
0 0.496747 0.366471 0.014185 0.018996
0 0.060113 0.425933 0.014132 0.017403
0 0.671521 0.421186 0.013984 0.018448
0 0.661902 0.887226 0.010543 0.014827
0 0.107900 0.428013 0.014951 0.020499
0 0.608728 0.079997 0.015203 0.017470
0 0.784517 0.008256 0.011631 0.014459
0 0.962313 0.966025 0.019976 0.028151
0 0.190045 0.244672 0.011808 0.016524
0 0.362125 0.315558 0.014049 0.013520
0 0.289133 0.381013 0.018471 0.022132
