0 0.323845 0.035008 0.013776 0.019256
0 0.262868 0.474360 0.018924 0.025422
0 0.358732 0.043732 0.015321 0.018477
0 0.548331 0.313353 0.016173 0.021841
0 0.545019 0.440551 0.016409 0.020762
0 0.492286 0.129155 0.019562 0.023245
0 0.798007 0.659403 0.018008 0.021459
0 0.906829 0.519247 0.017235 0.021147
0 0.341230 0.024133 0.016434 0.021512
0 0.875948 0.948110 0.015828 0.019754
0 0.822646 0.656594 0.017159 0.022240
0 0.762118 0.572856 0.017797 0.021871
0 0.743062 0.957094 0.020451 0.023506
0 0.346544 0.933844 0.015611 0.019711
0 0.044547 0.993643 0.014331 0.012714
0 0.380400 0.650273 0.013372 0.018006
0 0.060453 0.816923 0.017307 0.022320
0 0.527131 0.971789 0.020839 0.028215
0 0.046173 0.120689 0.017536 0.023932
0 0.467265 0.269023 0.018310 0.022165
0 0.823100 0.886514 0.020147 0.024321
0 0.315437 0.839512 0.014959 0.019554
0 0.688122 0.633500 0.019089 0.024347
0 0.145908 0.238124 0.016198 0.019498
0 0.267264 0.825999 0.016964 0.020288
0 0.787859 0.393242 0.018456 0.022181
0 0.821477 0.242680 0.019528 0.020515
0 0.034033 0.667867 0.016985 0.022236
0 0.565746 0.854425 0.016636 0.020576
0 0.284845 0.461649 0.017191 0.021557
0 0.748950 0.712729 0.017923 0.022635
0 0.334014 0.862546 0.016432 0.020848
0 0.327784 0.897451 0.019244 0.022958
0 0.831873 0.973101 0.016933 0.021190
0 0.291478 0.840471 0.015975 0.019044
0 0.339542 0.111849 0.018468 0.021912
0 0.650596 0.252438 0.021195 0.025583
0 0.890007 0.737230 0.019430 0.024951
0 0.404374 0.153187 0.017735 0.022847
0 0.771420 0.055760 0.018826 0.022496
0 0.064060 0.093949 0.017593 0.023537
0 0.360053 0.229827 0.019305 0.023000
0 0.246800 0.807129 0.018973 0.023277
0 0.096855 0.443944 0.016218 0.020036
0 0.895948 0.936736 0.017129 0.019907
0 0.220116 0.328977 0.015657 0.018782
0 0.272590 0.886204 0.019138 0.023166
0 0.071605 0.934879 0.016554 0.021371
0 0.625044 0.081960 0.019924 0.028846
0 0.855440 0.960481 0.016787 0.020784
0 0.090358 0.830307 0.017831 0.022005
0 0.926772 0.297101 0.016685 0.021058
0 0.862816 0.680495 0.018699 0.022868
0 0.016616 0.406445 0.015969 0.018968
0 0.357513 0.653077 0.018992 0.023007
0 0.938932 0.487418 0.019259 0.022734
0 0.297726 0.392461 0.019238 0.022966
0 0.337968 0.223506 0.017883 0.022335
0 0.049095 0.939430 0.016109 0.020901
0 0.393605 0.991005 0.018416 0.016684
0 0.615181 0.867892 0.016903 0.020321
0 0.338035 0.051002 0.013699 0.017990
0 0.789046 0.130172 0.018548 0.023087
0 0.819992 0.803844 0.018205 0.024263
0 0.149454 0.068519 0.016426 0.019941
0 0.571236 0.534269 0.019709 0.024014
0 0.573112 0.308887 0.015976 0.019325
0 0.326114 0.923979 0.015596 0.019442
0 0.403979 0.017701 0.014718 0.016998
0 0.578636 0.893242 0.015995 0.020297
0 0.885337 0.973060 0.015427 0.019661
0 0.070560 0.232171 0.018485 0.023018
0 0.429746 0.804324 0.020355 0.024315
0 0.270935 0.652905 0.024716 0.031087
0 0.291223 0.301409 0.017172 0.020996
0 0.664178 0.991454 0.017084 0.015229
0 0.789304 0.083433 0.019477 0.023084
0 0.398369 0.659973 0.017367 0.020031
0 0.908348 0.970547 0.014974 0.019352
0 0.442696 0.464570 0.016112 0.019714
0 0.924817 0.990567 0.014107 0.015656
0 0.054782 0.777273 0.019787 0.023222
0 0.312661 0.113578 0.016921 0.021406
0 0.678970 0.874866 0.016379 0.020225
0 0.899846 0.475615 0.018997 0.023225
0 0.397784 0.095169 0.017097 0.020973
0 0.719968 0.589680 0.015610 0.020159
0 0.795856 0.288698 0.016568 0.019992
0 0.692017 0.588032 0.015791 0.018693
0 0.824236 0.215856 0.019196 0.023856
0 0.666100 0.691691 0.018632 0.022209
0 0.776351 0.605346 0.018708 0.024446
0 0.303812 0.031423 0.016913 0.020994
0 0.276449 0.006867 0.016247 0.013734
0 0.397088 0.963168 0.015696 0.021122
0 0.198000 0.792359 0.015194 0.017942
0 0.376934 0.556990 0.015871 0.020009
0 0.500931 0.096169 0.016707 0.020714
0 0.024412 0.986466 0.015966 0.019041
0 0.214571 0.123054 0.018652 0.023532
0 0.083805 0.084041 0.013883 0.021719
0 0.638728 0.132341 0.017121 0.022173
0 0.948157 0.899502 0.018486 0.021986
0 0.776352 0.779423 0.016317 0.020669
0 0.830596 0.711155 0.014319 0.017806
0 0.130595 0.494884 0.017044 0.022421
0 0.644234 0.505321 0.017152 0.020238
0 0.231578 0.233642 0.017443 0.021597
0 0.602569 0.266115 0.017721 0.021463
0 0.695065 0.927984 0.019100 0.021136
0 0.506614 0.392544 0.018000 0.022611
0 0.189758 0.541089 0.014903 0.018621
0 0.159501 0.531147 0.018515 0.021235
0 0.688768 0.992833 0.017112 0.014333
0 0.963402 0.443421 0.017080 0.021562
0 0.803609 0.582186 0.016772 0.020602
0 0.042257 0.177932 0.018616 0.022828
0 0.533198 0.272810 0.015047 0.018012
0 0.476097 0.147222 0.017022 0.021296
0 0.375087 0.978595 0.014386 0.016751
0 0.293900 0.774149 0.018490 0.021782
0 0.475139 0.830696 0.018666 0.023111
0 0.958694 0.364858 0.019226 0.023488
0 0.535272 0.351836 0.013152 0.016352
0 0.961853 0.588121 0.017928 0.021816
0 0.749895 0.592376 0.014952 0.017984
0 0.165354 0.799745 0.017658 0.021230
0 0.727197 0.567462 0.017525 0.019323
0 0.431897 0.043064 0.023188 0.022638
0 0.114291 0.736700 0.016663 0.020722
0 0.828839 0.993040 0.016354 0.013921
0 0.182215 0.160715 0.019663 0.022283
0 0.653882 0.414165 0.020610 0.022835
0 0.428508 0.018493 0.015263 0.019161
0 0.315448 0.437015 0.015302 0.021085
0 0.485854 0.006587 0.016512 0.013174
0 0.592788 0.878606 0.014780 0.019866
0 0.475661 0.856973 0.015574 0.017202
0 0.555162 0.990599 0.013051 0.014651
0 0.026050 0.131556 0.011924 0.014760
0 0.610713 0.409741 0.014032 0.016048
0 0.247999 0.758128 0.012782 0.017280
0 0.020541 0.056694 0.012138 0.015016
0 0.566609 0.328916 0.013020 0.016822
0 0.651227 0.376253 0.013460 0.015206
0 0.521917 0.437015 0.013952 0.019238
0 0.447223 0.939543 0.012515 0.015239
0 0.934566 0.929689 0.012734 0.015505
0 0.230453 0.011359 0.013160 0.017889
0 0.242452 0.940418 0.011876 0.015642
0 0.814405 0.185374 0.012966 0.015144
0 0.316983 0.867138 0.012208 0.016247
0 0.925757 0.780336 0.019363 0.020621
0 0.119945 0.236956 0.013453 0.015862
0 0.799388 0.169036 0.011642 0.015400
0 0.091586 0.036650 0.014288 0.015402
0 0.899593 0.993100 0.019995 0.013801
0 0.309302 0.964613 0.012657 0.012820
0 0.063961 0.486299 0.013280 0.013860
0 0.156831 0.762286 0.014370 0.016616
0 0.935267 0.516192 0.011046 0.015986
0 0.381368 0.941124 0.013816 0.015258
0 0.800208 0.824700 0.012730 0.016690
0 0.364580 0.069044 0.012024 0.015926
0 0.834821 0.119266 0.011871 0.014965
0 0.003045 0.791721 0.006090 0.023260
0 0.465005 0.190847 0.012878 0.015709
0 0.078032 0.506407 0.012564 0.016906
0 0.995395 0.011386 0.009210 0.022252
0 0.426107 0.604862 0.011856 0.015952
0 0.389776 0.005881 0.014599 0.011761
0 0.736257 0.863133 0.013464 0.015962
0 0.375839 0.956411 0.014714 0.017358
0 0.644603 0.149203 0.012185 0.013481
0 0.582359 0.125321 0.012046 0.014641
0 0.858291 0.092355 0.010710 0.015405
0 0.481350 0.383114 0.012864 0.021516
0 0.598795 0.913641 0.014106 0.016414
0 0.784767 0.269447 0.011026 0.013068
0 0.290801 0.837778 0.018892 0.025274
0 0.828706 0.994261 0.018670 0.011477
