0 0.095094 0.294545 0.016330 0.022612
0 0.326075 0.269825 0.015013 0.018932
0 0.264279 0.740946 0.016060 0.020498
0 0.239130 0.743459 0.015985 0.019473
0 0.662845 0.303002 0.017330 0.021907
0 0.043539 0.418678 0.016033 0.019255
0 0.638875 0.306252 0.018057 0.021681
0 0.772745 0.211040 0.017010 0.018315
0 0.665791 0.806462 0.027746 0.028374
0 0.237811 0.553993 0.019441 0.024636
0 0.506541 0.471155 0.019051 0.024416
0 0.868547 0.879902 0.018656 0.021866
0 0.772309 0.380239 0.021337 0.021199
0 0.209138 0.749222 0.015399 0.019728
0 0.041918 0.447331 0.014478 0.020412
0 0.443164 0.317064 0.016345 0.020941
0 0.976227 0.293297 0.018769 0.024899
0 0.073941 0.307605 0.018766 0.025805
0 0.039503 0.262693 0.018968 0.021227
0 0.952564 0.564231 0.018524 0.022450
0 0.127275 0.280604 0.020490 0.024472
0 0.157076 0.888684 0.020061 0.025171
0 0.795240 0.114564 0.018271 0.020872
0 0.905438 0.907977 0.016225 0.019851
0 0.465212 0.229489 0.019757 0.023240
0 0.016102 0.405625 0.016266 0.019532
0 0.145791 0.392290 0.017652 0.021919
0 0.633622 0.063302 0.018223 0.022622
0 0.092089 0.504530 0.019396 0.023760
0 0.303493 0.265472 0.018888 0.021704
0 0.868028 0.386657 0.016430 0.020157
0 0.662278 0.858975 0.019680 0.023503
0 0.474110 0.362688 0.021487 0.024988
0 0.312801 0.854855 0.019341 0.024409
0 0.396487 0.414013 0.017738 0.020758
0 0.695596 0.662204 0.020014 0.026257
0 0.481550 0.149441 0.016868 0.021827
0 0.087891 0.472141 0.015290 0.020269
0 0.472375 0.120098 0.018338 0.022045
0 0.640296 0.500322 0.017833 0.022432
0 0.916028 0.884873 0.017067 0.020365
0 0.382270 0.562639 0.018757 0.022528
0 0.884918 0.419719 0.021174 0.026542
0 0.498302 0.729752 0.017575 0.022564
0 0.833267 0.363456 0.017891 0.022807
0 0.031825 0.179745 0.017985 0.023779
0 0.530282 0.698743 0.017632 0.020894
0 0.867890 0.634062 0.020063 0.024555
0 0.341515 0.441393 0.023798 0.027728
0 0.801467 0.088887 0.018071 0.017516
0 0.452839 0.572427 0.015473 0.019633
0 0.134167 0.916351 0.020084 0.023938
0 0.775938 0.237061 0.017562 0.021755
0 0.470311 0.476829 0.016907 0.022232
0 0.289149 0.190758 0.015528 0.019560
0 0.187358 0.260777 0.017710 0.022282
0 0.794840 0.477490 0.017729 0.022557
0 0.375373 0.079179 0.019102 0.024071
0 0.106265 0.946252 0.017295 0.021892
0 0.155513 0.232507 0.021786 0.023422
0 0.306153 0.157088 0.018023 0.021612
0 0.589412 0.090591 0.016975 0.021939
0 0.606306 0.153357 0.016602 0.021113
0 0.847502 0.111218 0.017793 0.022801
0 0.339873 0.231921 0.018361 0.023155
0 0.962701 0.161496 0.019126 0.024125
0 0.316864 0.242502 0.016308 0.019781
0 0.478815 0.258656 0.014977 0.019979
0 0.428225 0.280795 0.016093 0.021280
0 0.227150 0.946936 0.017867 0.022012
0 0.004649 0.028884 0.009298 0.022686
0 0.126515 0.318699 0.017459 0.022485
0 0.798985 0.874315 0.019479 0.024859
0 0.544908 0.654107 0.017578 0.021126
0 0.103943 0.240919 0.019221 0.024824
0 0.520731 0.411842 0.018760 0.023461
0 0.334436 0.296747 0.017599 0.022002
0 0.933960 0.218801 0.018341 0.022456
0 0.005139 0.353875 0.010278 0.021759
0 0.338667 0.972952 0.014794 0.021916
0 0.132283 0.213473 0.014256 0.017226
0 0.897826 0.111653 0.021128 0.024144
0 0.551137 0.158758 0.014621 0.018553
0 0.274701 0.962914 0.018899 0.022611
0 0.268833 0.576710 0.015269 0.019242
0 0.431288 0.674917 0.018918 0.019704
0 0.090445 0.875583 0.020837 0.024701
0 0.182395 0.721536 0.028492 0.036063
0 0.061173 0.465255 0.018159 0.020138
0 0.888909 0.289879 0.020517 0.022503
0 0.932501 0.679764 0.018126 0.019826
0 0.042107 0.549997 0.012330 0.013522
0 0.637508 0.663965 0.012315 0.016947
0 0.185868 0.724315 0.027080 0.031224
0 0.992902 0.244778 0.014197 0.018194
0 0.995797 0.842104 0.008406 0.016752
0 0.189955 0.725406 0.021583 0.030827
0 0.390910 0.339781 0.013317 0.017472
0 0.311190 0.993393 0.015376 0.013155
