0 0.626153 0.945116 0.019622 0.025997
0 0.825342 0.523413 0.016982 0.022480
0 0.818967 0.021648 0.018087 0.022013
0 0.763502 0.946000 0.015810 0.018270
0 0.280951 0.384713 0.019802 0.025768
0 0.482850 0.883375 0.017042 0.021696
0 0.811311 0.266183 0.015733 0.023128
0 0.249520 0.468979 0.021078 0.024982
0 0.511290 0.967319 0.023669 0.028992
0 0.118019 0.489031 0.016634 0.022355
0 0.552309 0.561985 0.015738 0.019912
0 0.838444 0.861063 0.015839 0.019902
0 0.007627 0.654641 0.015048 0.021841
0 0.651246 0.073440 0.016091 0.019638
0 0.772900 0.190017 0.019485 0.022400
0 0.240262 0.863994 0.016386 0.021515
0 0.128829 0.233030 0.017450 0.021390
0 0.005575 0.187678 0.011150 0.021587
0 0.124556 0.167480 0.020079 0.027419
0 0.225662 0.938138 0.016783 0.020813
0 0.244441 0.498871 0.019798 0.022356
0 0.232089 0.268078 0.015105 0.018560
0 0.451358 0.032844 0.016537 0.021224
0 0.707370 0.938262 0.015738 0.021875
0 0.010099 0.811919 0.015431 0.017434
0 0.305369 0.824748 0.018669 0.021239
0 0.616311 0.623053 0.016746 0.020340
0 0.452563 0.258885 0.018395 0.023389
0 0.541424 0.940971 0.016000 0.019212
0 0.006599 0.613412 0.013199 0.016659
0 0.080246 0.923730 0.017249 0.021706
0 0.027202 0.334782 0.015653 0.018719
0 0.979416 0.661037 0.018278 0.022811
0 0.037272 0.580308 0.017261 0.021219
0 0.838256 0.553515 0.014239 0.018476
0 0.040707 0.134286 0.018074 0.020873
0 0.251965 0.956760 0.015011 0.020878
0 0.035254 0.933881 0.017320 0.023020
0 0.794099 0.604615 0.017890 0.023202
0 0.584696 0.643778 0.016518 0.022503
0 0.793512 0.738539 0.017784 0.022713
0 0.814360 0.867407 0.018951 0.023246
0 0.752967 0.821473 0.017318 0.022676
0 0.935016 0.889021 0.015386 0.019979
0 0.065625 0.040836 0.017619 0.022083
0 0.488331 0.142856 0.018861 0.023698
0 0.021534 0.077363 0.014414 0.018160
0 0.632836 0.326438 0.018101 0.023046
0 0.696854 0.124431 0.017739 0.023802
0 0.785902 0.654895 0.016083 0.019700
0 0.995405 0.368578 0.009190 0.019759
0 0.466653 0.675581 0.018069 0.021743
0 0.290282 0.492815 0.017031 0.020347
0 0.496399 0.852798 0.016415 0.019521
0 0.719762 0.521992 0.018819 0.023584
0 0.407937 0.819426 0.018864 0.023609
0 0.326296 0.810874 0.015418 0.018919
0 0.568361 0.092556 0.017255 0.021194
0 0.306820 0.027152 0.013732 0.015557
0 0.194307 0.700289 0.018486 0.023223
0 0.215851 0.226445 0.017618 0.022427
0 0.160763 0.160174 0.016749 0.021121
0 0.659036 0.331809 0.014733 0.019011
0 0.527637 0.567246 0.015064 0.018705
0 0.195414 0.873087 0.017200 0.022500
0 0.531199 0.438149 0.016781 0.021321
0 0.396960 0.764348 0.018148 0.024405
0 0.184608 0.955377 0.014386 0.018055
0 0.943841 0.831849 0.018955 0.023612
0 0.637855 0.250476 0.011759 0.016172
0 0.519213 0.292751 0.018236 0.020164
0 0.385397 0.086565 0.017745 0.021792
0 0.747673 0.565315 0.016867 0.020730
0 0.943523 0.502933 0.016742 0.019780
0 0.033932 0.704625 0.015106 0.020155
0 0.650249 0.674614 0.018119 0.021639
0 0.813178 0.666156 0.015821 0.021070
0 0.811378 0.897902 0.016755 0.019446
0 0.708218 0.902126 0.016767 0.020761
0 0.380284 0.652141 0.016166 0.019587
0 0.366012 0.641435 0.013915 0.019378
0 0.232558 0.893333 0.017569 0.019548
0 0.425133 0.011276 0.015743 0.020481
0 0.212715 0.968079 0.020942 0.023290
0 0.834328 0.045540 0.013020 0.016055
0 0.602055 0.052237 0.014497 0.017947
0 0.968594 0.227802 0.019172 0.023526
0 0.803908 0.403375 0.016965 0.021179
0 0.743620 0.058700 0.017940 0.022925
0 0.004788 0.065700 0.009538 0.018839
0 0.311724 0.049461 0.016885 0.021922
0 0.465193 0.336949 0.014801 0.019236
0 0.400423 0.014805 0.013773 0.020315
0 0.668490 0.750503 0.015135 0.017910
0 0.729362 0.907613 0.014871 0.023079
0 0.665726 0.600066 0.017440 0.021341
0 0.402859 0.675330 0.014530 0.019060
0 0.651596 0.968958 0.015340 0.018883
0 0.817875 0.970204 0.016916 0.021196
0 0.118592 0.541600 0.016356 0.020416
0 0.696213 0.008738 0.015067 0.014496
0 0.835641 0.021856 0.011818 0.012505
0 0.506428 0.502956 0.012192 0.015370
0 0.587552 0.311217 0.015629 0.020489
0 0.827210 0.927771 0.018169 0.019267
0 0.736634 0.082623 0.013806 0.016087
0 0.441643 0.134123 0.015807 0.021001
0 0.275952 0.608748 0.015325 0.019511
0 0.082722 0.465771 0.012483 0.016916
0 0.885581 0.990104 0.016681 0.016216
0 0.144482 0.420525 0.018025 0.023196
0 0.449005 0.492248 0.014590 0.016292
0 0.906055 0.138407 0.015117 0.019131
0 0.024704 0.205113 0.013130 0.016240
0 0.015545 0.895590 0.014448 0.018816
0 0.203898 0.931538 0.014505 0.019409
0 0.012140 0.107422 0.015315 0.019481
0 0.107296 0.469943 0.016583 0.020250
0 0.043474 0.897349 0.013923 0.020642
0 0.071452 0.073555 0.012363 0.015709
0 0.737576 0.588473 0.012888 0.018560
0 0.686078 0.661581 0.016281 0.021698
0 0.352214 0.041265 0.014967 0.018055
0 0.802850 0.054220 0.013753 0.018404
0 0.745968 0.927853 0.015718 0.018929
0 0.440595 0.216624 0.011827 0.016603
0 0.775766 0.069245 0.014970 0.019767
0 0.797337 0.975462 0.015357 0.018811
0 0.657097 0.774590 0.016828 0.020576
0 0.704678 0.113847 0.015399 0.021660
0 0.086138 0.850752 0.018434 0.022135
0 0.865308 0.111275 0.016555 0.019802
0 0.997007 0.812071 0.005986 0.022571
0 0.955671 0.980814 0.016968 0.020506
0 0.286775 0.020068 0.015871 0.019899
0 0.741922 0.413681 0.011719 0.018022
0 0.840696 0.502213 0.016822 0.018247
0 0.763449 0.945992 0.018500 0.022313
0 0.271321 0.117481 0.013223 0.016219
0 0.764187 0.738660 0.014900 0.019415
0 0.319857 0.093765 0.017818 0.022719
0 0.081654 0.014139 0.012924 0.020984
0 0.631843 0.724134 0.016472 0.020602
0 0.617828 0.973391 0.012656 0.017694
0 0.062342 0.465665 0.014766 0.021179
0 0.035125 0.874891 0.012325 0.015837
0 0.117553 0.024355 0.014246 0.012499
0 0.213805 0.093425 0.015663 0.018516
0 0.826757 0.077051 0.014740 0.018856
0 0.700446 0.120408 0.021914 0.030239
0 0.042078 0.315524 0.011243 0.012473
0 0.089419 0.487952 0.015892 0.019664
0 0.569725 0.615051 0.014078 0.017727
0 0.611242 0.108932 0.015297 0.018693
0 0.706834 0.576120 0.014682 0.017520
0 0.375051 0.043111 0.012762 0.018002
0 0.317955 0.712608 0.014910 0.020618
0 0.736318 0.282381 0.012312 0.016624
0 0.852883 0.669423 0.016854 0.018377
0 0.371291 0.969038 0.014484 0.018672
0 0.043247 0.071304 0.016019 0.019540
0 0.670123 0.990003 0.015139 0.016127
0 0.335397 0.979699 0.012543 0.017071
0 0.330689 0.044696 0.014278 0.017150
0 0.381678 0.605098 0.013674 0.018155
0 0.207040 0.322669 0.014365 0.017623
0 0.739771 0.251735 0.013886 0.016526
0 0.469769 0.856170 0.013746 0.016815
0 0.861335 0.594795 0.015584 0.021319
0 0.513675 0.536128 0.014742 0.018590
0 0.559211 0.450809 0.011522 0.015556
0 0.422851 0.903529 0.013754 0.017592
0 0.283743 0.463252 0.014820 0.018815
0 0.331943 0.018515 0.014320 0.022589
0 0.473847 0.158412 0.013354 0.016433
0 0.363023 0.948593 0.014915 0.017423
0 0.418584 0.035498 0.016972 0.022840
0 0.237763 0.748482 0.011421 0.015116
0 0.758782 0.482801 0.011999 0.015905
0 0.420075 0.641173 0.014215 0.018754
0 0.120101 0.681283 0.014856 0.017266
0 0.051609 0.106476 0.013671 0.016573
0 0.642109 0.109543 0.013574 0.016749
0 0.831605 0.910364 0.010619 0.014015
0 0.202074 0.805947 0.012340 0.012692
0 0.828045 0.079025 0.013328 0.017024
