0 0.310600 0.065876 0.017371 0.023984
0 0.193247 0.725173 0.027324 0.033718
0 0.101322 0.872509 0.023765 0.028528
0 0.009353 0.743211 0.017267 0.020830
0 0.343992 0.370264 0.019229 0.023804
0 0.141657 0.285545 0.020999 0.025656
0 0.677933 0.809291 0.020258 0.025436
0 0.476628 0.037044 0.018842 0.022211
0 0.310673 0.371654 0.028008 0.034284
0 0.610301 0.511703 0.021193 0.024444
0 0.810365 0.880281 0.021006 0.026454
0 0.580202 0.158649 0.017401 0.023203
0 0.319199 0.189709 0.020470 0.024917
0 0.171154 0.900569 0.020032 0.025058
0 0.428274 0.729004 0.016865 0.022896
0 0.332565 0.247268 0.020686 0.023718
0 0.603753 0.054582 0.020128 0.021521
0 0.714717 0.837189 0.018558 0.020911
0 0.495725 0.216429 0.021399 0.025291
0 0.492746 0.152196 0.019613 0.024813
0 0.326700 0.858019 0.023172 0.022875
0 0.709332 0.262778 0.019539 0.025619
0 0.788933 0.242532 0.018347 0.022148
0 0.980724 0.693028 0.019644 0.023025
0 0.443254 0.557355 0.017679 0.019904
0 0.250735 0.558729 0.018901 0.024601
0 0.483433 0.860061 0.020546 0.026170
0 0.184085 0.965049 0.021642 0.024184
0 0.575050 0.316600 0.019851 0.023483
0 0.700864 0.026421 0.019628 0.024156
0 0.485430 0.484839 0.018831 0.021616
0 0.717768 0.804762 0.019260 0.023822
0 0.989630 0.296553 0.018194 0.021284
0 0.530840 0.414899 0.018876 0.022168
0 0.101719 0.029497 0.021355 0.022948
0 0.782499 0.383670 0.021148 0.020657
0 0.043240 0.746634 0.017142 0.020070
0 0.899144 0.289669 0.021853 0.027080
0 0.078634 0.641008 0.017818 0.020108
0 0.950681 0.686931 0.016028 0.021054
0 0.352707 0.300628 0.017395 0.021379
0 0.088224 0.309690 0.020582 0.025770
0 0.103449 0.509396 0.018875 0.023739
0 0.992142 0.813389 0.015715 0.022873
0 0.548069 0.708253 0.020520 0.020736
0 0.896618 0.427008 0.020604 0.024359
0 0.275959 0.742561 0.016959 0.023923
0 0.929708 0.890887 0.017520 0.022133
0 0.859417 0.727185 0.019646 0.024008
0 0.945007 0.473141 0.019268 0.023466
0 0.529735 0.088953 0.016497 0.020439
0 0.619688 0.034537 0.015031 0.018641
0 0.884356 0.880395 0.020018 0.023022
0 0.731115 0.542634 0.018456 0.022465
0 0.913251 0.120714 0.019630 0.026035
0 0.815420 0.767123 0.017447 0.021096
0 0.279040 0.581532 0.015629 0.018699
0 0.767438 0.792893 0.018219 0.023733
0 0.252910 0.746930 0.014617 0.020127
0 0.122109 0.204957 0.018440 0.024560
0 0.879238 0.640727 0.018917 0.023377
0 0.316951 0.158115 0.018561 0.021851
0 0.312048 0.719280 0.018816 0.021353
0 0.456900 0.320559 0.016261 0.021227
0 0.815136 0.324446 0.015466 0.021085
0 0.143482 0.744779 0.017333 0.022040
0 0.041867 0.186957 0.021805 0.025142
0 0.818123 0.091231 0.017339 0.024008
0 0.561211 0.156875 0.014816 0.018567
0 0.161138 0.524570 0.023474 0.018618
0 0.296288 0.085119 0.015756 0.018383
0 0.860953 0.269491 0.017274 0.021873
0 0.408286 0.342802 0.012521 0.016975
0 0.784793 0.214670 0.015313 0.018987
0 0.449698 0.931298 0.020803 0.024643
0 0.573176 0.079784 0.024580 0.025652
0 0.446409 0.678350 0.016764 0.021280
0 0.426702 0.357316 0.017600 0.021089
0 0.079722 0.095121 0.019664 0.023018
0 0.184222 0.048983 0.018542 0.021764
0 0.318568 0.269948 0.020363 0.024917
0 0.284992 0.790518 0.019417 0.024775
0 0.234504 0.887455 0.019166 0.023525
0 0.618471 0.161680 0.016294 0.019974
0 0.557062 0.660462 0.018825 0.023456
0 0.934297 0.268061 0.015668 0.019737
0 0.807788 0.593409 0.017808 0.021990
0 0.144179 0.169709 0.018377 0.022379
0 0.483367 0.520356 0.018923 0.020411
0 0.402282 0.595418 0.016065 0.019427
0 0.840933 0.327954 0.017636 0.022195
0 0.056919 0.423557 0.017876 0.021984
0 0.550703 0.532552 0.016423 0.019477
0 0.003945 0.127524 0.007890 0.026348
0 0.652505 0.408655 0.018215 0.020932
0 0.376941 0.324594 0.018141 0.022471
0 0.408520 0.735563 0.015642 0.019479
0 0.340803 0.040212 0.016212 0.020435
0 0.799029 0.133144 0.016911 0.021095
0 0.485017 0.262108 0.017157 0.021098
0 0.943600 0.892817 0.012754 0.020043
0 0.058080 0.881698 0.015539 0.020010
0 0.895686 0.903015 0.017366 0.020686
0 0.003088 0.066930 0.006177 0.025952
0 0.781445 0.406275 0.014138 0.017123
0 0.004747 0.066080 0.009495 0.023544
