0 0.581081 0.470786 0.021056 0.027687
0 0.007976 0.417286 0.015356 0.019331
0 0.529999 0.420635 0.015944 0.022484
0 0.522513 0.972228 0.021102 0.027217
0 0.817832 0.649014 0.017321 0.022290
0 0.490973 0.127358 0.019774 0.023781
0 0.023163 0.898464 0.017730 0.021796
0 0.113341 0.219111 0.018156 0.022809
0 0.521670 0.103657 0.016826 0.022579
0 0.858516 0.675694 0.018432 0.020886
0 0.965652 0.299573 0.019262 0.026908
0 0.685440 0.950866 0.017434 0.021206
0 0.061965 0.090830 0.017783 0.024118
0 0.291186 0.389629 0.019660 0.023182
0 0.945160 0.310163 0.019095 0.025210
0 0.261710 0.469427 0.019786 0.025268
0 0.046156 0.938414 0.017200 0.023714
0 0.316909 0.013104 0.016307 0.019983
0 0.924442 0.988136 0.014212 0.017891
0 0.499293 0.095372 0.017312 0.023152
0 0.818373 0.886735 0.019781 0.023559
0 0.047998 0.901463 0.014014 0.018574
0 0.296212 0.760685 0.017526 0.020745
0 0.284445 0.460460 0.017065 0.023594
0 0.766177 0.056252 0.020468 0.024734
0 0.885990 0.689307 0.021312 0.023252
0 0.078675 0.855293 0.019031 0.025683
0 0.144204 0.236937 0.015900 0.020285
0 0.756933 0.566473 0.018336 0.021689
0 0.904627 0.043728 0.020671 0.034036
0 0.691844 0.594889 0.018518 0.023691
0 0.661467 0.705749 0.016726 0.021255
0 0.200526 0.509404 0.018716 0.022617
0 0.481653 0.859160 0.019088 0.024285
0 0.046484 0.122292 0.018124 0.023348
0 0.166878 0.050292 0.018856 0.025023
0 0.742536 0.224628 0.020543 0.024955
0 0.543626 0.440059 0.016189 0.019387
0 0.825099 0.709120 0.019243 0.023776
0 0.098140 0.286230 0.018384 0.022288
0 0.875209 0.759722 0.017487 0.022889
0 0.127710 0.494349 0.018004 0.024140
0 0.035555 0.989828 0.017430 0.017027
0 0.337309 0.107461 0.016533 0.022365
0 0.552991 0.466155 0.017355 0.020903
0 0.753829 0.472808 0.018811 0.024255
0 0.946872 0.897877 0.020229 0.023615
0 0.049215 0.744621 0.017784 0.021467
0 0.396491 0.654141 0.015727 0.022507
0 0.634610 0.008668 0.018066 0.017337
0 0.395170 0.090706 0.017683 0.021383
0 0.249924 0.428808 0.017566 0.022429
0 0.884906 0.623779 0.019701 0.023380
0 0.078412 0.079480 0.014405 0.022914
0 0.723095 0.131517 0.018517 0.023682
0 0.789042 0.085791 0.019597 0.027921
0 0.146466 0.063645 0.016966 0.021403
0 0.181208 0.267518 0.017169 0.021618
0 0.127243 0.344554 0.019061 0.022843
0 0.226759 0.919661 0.019359 0.021869
0 0.797715 0.662674 0.018474 0.022557
0 0.550926 0.989793 0.014459 0.016671
0 0.242899 0.809154 0.021707 0.026730
0 0.626872 0.207928 0.022313 0.026492
0 0.190796 0.969392 0.017229 0.021685
0 0.898637 0.988980 0.015788 0.017022
0 0.080194 0.017494 0.017897 0.020045
0 0.315214 0.102780 0.015830 0.021331
0 0.229708 0.235336 0.018036 0.021911
0 0.865683 0.512785 0.019831 0.023752
0 0.518685 0.943196 0.017832 0.021729
0 0.553275 0.817211 0.018696 0.021159
0 0.427350 0.011421 0.015976 0.020427
0 0.728318 0.694386 0.020001 0.025219
0 0.149895 0.933541 0.019357 0.023238
0 0.465027 0.264937 0.020846 0.023297
0 0.545797 0.375189 0.017505 0.022579
0 0.373025 0.876062 0.021077 0.026154
0 0.344752 0.695463 0.016661 0.020284
0 0.076424 0.799107 0.016915 0.020051
0 0.428642 0.038757 0.021526 0.021404
0 0.616527 0.116817 0.021312 0.025481
0 0.512492 0.473995 0.018899 0.022972
0 0.388614 0.008167 0.014441 0.016131
0 0.871205 0.946348 0.016802 0.019765
0 0.830673 0.971549 0.018006 0.021105
0 0.267247 0.983992 0.017010 0.020152
0 0.716271 0.593921 0.016064 0.021645
0 0.378023 0.648620 0.014426 0.018232
0 0.261487 0.896996 0.017925 0.022503
0 0.682776 0.700170 0.015938 0.022038
0 0.682713 0.992044 0.019223 0.015299
0 0.219980 0.327808 0.016604 0.020113
0 0.820768 0.991478 0.017357 0.014958
0 0.729321 0.574798 0.016834 0.021753
0 0.463710 0.823633 0.016635 0.019698
0 0.577279 0.900260 0.017818 0.020865
0 0.771082 0.961469 0.015820 0.021443
0 0.793084 0.289787 0.016155 0.020730
0 0.077486 0.966548 0.016770 0.020304
0 0.312893 0.840203 0.018353 0.021792
0 0.759268 0.992388 0.018538 0.013752
0 0.668131 0.680372 0.017218 0.019767
0 0.906990 0.554970 0.018798 0.023463
0 0.752720 0.727913 0.018953 0.023678
0 0.851893 0.961409 0.014519 0.018685
0 0.830823 0.917827 0.017436 0.019411
0 0.374736 0.978956 0.014980 0.017646
0 0.773424 0.452757 0.020006 0.023167
0 0.850280 0.989616 0.016391 0.017495
0 0.297712 0.027669 0.016119 0.022530
0 0.474640 0.146354 0.017397 0.022587
0 0.353525 0.040616 0.016134 0.021233
0 0.898351 0.956206 0.016057 0.020092
0 0.261223 0.406795 0.016919 0.020441
0 0.577795 0.768959 0.014542 0.017545
0 0.405772 0.554671 0.017504 0.021787
0 0.880349 0.970309 0.015568 0.018520
0 0.300919 0.431459 0.017354 0.021890
0 0.608333 0.506383 0.019607 0.025559
0 0.877904 0.897599 0.017110 0.021583
0 0.082184 0.043693 0.013286 0.015475
0 0.404839 0.015770 0.016171 0.021007
0 0.316209 0.038969 0.015848 0.019729
0 0.372827 0.956703 0.015799 0.019042
0 0.750308 0.590765 0.016265 0.023372
0 0.505566 0.391382 0.017438 0.020523
0 0.056673 0.411679 0.013801 0.015772
0 0.217497 0.636530 0.018371 0.020978
0 0.580678 0.996833 0.021276 0.006334
0 0.915112 0.333347 0.013950 0.020312
0 0.344456 0.514457 0.015964 0.021533
0 0.754576 0.296079 0.012649 0.016991
0 0.676100 0.878679 0.016820 0.020059
0 0.645673 0.092231 0.012130 0.014003
0 0.509495 0.413246 0.014347 0.017452
0 0.167015 0.614499 0.013714 0.019332
0 0.482501 0.005969 0.017183 0.011937
0 0.336748 0.052081 0.014201 0.016979
0 0.336276 0.023830 0.017066 0.022251
0 0.492493 0.486253 0.013446 0.016677
0 0.674707 0.001898 0.022824 0.003795
0 0.003056 0.151803 0.006113 0.025919
0 0.149946 0.765245 0.013107 0.014542
0 0.579759 0.995181 0.020119 0.009638
0 0.335763 0.025665 0.018670 0.029231
