0 0.007805 0.091713 0.014146 0.017023
0 0.703081 0.272214 0.016536 0.022158
0 0.945949 0.456001 0.017364 0.019639
0 0.967930 0.939459 0.014349 0.020046
0 0.719817 0.252727 0.014923 0.019051
0 0.364821 0.812919 0.014866 0.019771
0 0.897919 0.703343 0.014382 0.018961
0 0.044835 0.044358 0.015808 0.019017
0 0.545493 0.446490 0.022326 0.028251
0 0.458704 0.444305 0.015114 0.021300
0 0.925222 0.829485 0.018751 0.022987
0 0.939283 0.810196 0.015865 0.019211
0 0.799431 0.823751 0.014194 0.016535
0 0.931455 0.930495 0.014495 0.017506
0 0.147312 0.143212 0.019710 0.025238
0 0.956965 0.426849 0.012707 0.020753
0 0.806004 0.558459 0.015747 0.019548
0 0.152341 0.479771 0.014060 0.019756
0 0.646106 0.488949 0.015760 0.020346
0 0.451839 0.858565 0.011838 0.014474
0 0.007775 0.666508 0.014856 0.016572
0 0.777842 0.827042 0.015200 0.019199
0 0.619249 0.494141 0.017733 0.019214
0 0.934937 0.420937 0.014807 0.017976
0 0.942153 0.330447 0.014901 0.019633
0 0.433144 0.247321 0.014748 0.019038
0 0.311305 0.500585 0.016175 0.020072
0 0.414502 0.091971 0.016627 0.018566
0 0.958212 0.905359 0.014675 0.017286
0 0.478898 0.305205 0.015192 0.018887
0 0.638721 0.978298 0.014625 0.017830
0 0.712093 0.709792 0.019118 0.023878
0 0.770648 0.556865 0.014115 0.017296
0 0.163501 0.020926 0.018757 0.022084
0 0.305611 0.577780 0.018260 0.020719
0 0.898127 0.679992 0.013355 0.016090
0 0.752356 0.867673 0.015230 0.019184
0 0.803301 0.942038 0.016677 0.020414
0 0.966156 0.972602 0.015360 0.018583
0 0.413004 0.125460 0.013260 0.018007
0 0.237539 0.668044 0.015167 0.018675
0 0.561501 0.572307 0.012489 0.014427
0 0.650273 0.781476 0.014254 0.017950
0 0.899612 0.465632 0.015506 0.018398
0 0.332303 0.243779 0.018006 0.021851
0 0.089677 0.277015 0.013283 0.016810
0 0.416766 0.854732 0.015220 0.019265
0 0.800557 0.855501 0.014388 0.020788
0 0.845947 0.566507 0.015719 0.020970
0 0.720466 0.109682 0.015332 0.020019
0 0.860355 0.689067 0.017384 0.020343
0 0.348559 0.711787 0.016250 0.020352
0 0.135419 0.359704 0.015997 0.020229
0 0.678916 0.961203 0.016682 0.020364
0 0.576893 0.868873 0.016657 0.021327
0 0.983124 0.649400 0.017361 0.022831
0 0.113163 0.456898 0.014541 0.018659
0 0.144380 0.112921 0.013967 0.016540
0 0.131208 0.641409 0.016038 0.018878
0 0.394812 0.722085 0.014560 0.018510
0 0.309062 0.181825 0.016474 0.019929
0 0.398815 0.621669 0.017142 0.022221
0 0.726702 0.967108 0.017370 0.021691
0 0.645253 0.728679 0.015258 0.019708
0 0.602362 0.860286 0.015015 0.019634
0 0.387173 0.839109 0.015846 0.018045
0 0.518080 0.743235 0.014159 0.018017
0 0.274133 0.763528 0.016811 0.020680
0 0.439268 0.441544 0.015512 0.020748
0 0.942121 0.670040 0.014758 0.018899
0 0.245657 0.517806 0.016526 0.021076
0 0.778902 0.701677 0.014772 0.020254
0 0.417427 0.551660 0.015015 0.019662
0 0.798362 0.740497 0.016799 0.021667
0 0.932708 0.878243 0.013433 0.018629
0 0.573771 0.964347 0.014245 0.019450
0 0.359263 0.469401 0.017177 0.019867
0 0.739869 0.561078 0.014867 0.018168
0 0.615084 0.470162 0.016644 0.019525
0 0.369476 0.008783 0.014854 0.014328
0 0.325672 0.021696 0.015124 0.018358
0 0.776436 0.091759 0.016230 0.019259
0 0.243940 0.240600 0.016996 0.021911
0 0.995340 0.578094 0.009319 0.022015
0 0.970675 0.199313 0.013306 0.017911
0 0.905565 0.731542 0.015587 0.019573
0 0.812341 0.839795 0.013319 0.016555
0 0.086516 0.410360 0.012469 0.015778
0 0.909434 0.497189 0.015548 0.019249
0 0.698478 0.760767 0.015291 0.019268
0 0.936673 0.074538 0.014969 0.018630
0 0.249776 0.385210 0.015983 0.019307
0 0.114384 0.831182 0.015117 0.018845
0 0.351904 0.542703 0.015574 0.020546
0 0.076949 0.243378 0.013983 0.016948
0 0.387246 0.086476 0.013273 0.018102
0 0.919207 0.659396 0.013735 0.017713
0 0.224228 0.294289 0.018818 0.023007
0 0.431046 0.531860 0.016711 0.018924
0 0.994904 0.772711 0.010192 0.021202
0 0.798525 0.242022 0.015172 0.020729
0 0.721952 0.288323 0.014634 0.020650
0 0.044373 0.382871 0.013357 0.019302
0 0.584657 0.153892 0.016148 0.018866
0 0.136658 0.619456 0.013750 0.016889
0 0.961241 0.180774 0.012998 0.014831
0 0.199310 0.684911 0.014281 0.017651
0 0.327849 0.290345 0.015767 0.019859
0 0.750840 0.962602 0.013651 0.017390
0 0.778239 0.459650 0.014870 0.021461
0 0.258353 0.780807 0.015787 0.019394
0 0.622095 0.235798 0.014991 0.019657
0 0.945030 0.295789 0.016181 0.020602
0 0.917742 0.085236 0.012601 0.018868
0 0.555997 0.318894 0.019333 0.022662
0 0.829980 0.362924 0.016457 0.020424
0 0.533045 0.533663 0.014639 0.017261
0 0.063630 0.483468 0.016065 0.022187
0 0.020666 0.336410 0.010163 0.011366
0 0.488333 0.460222 0.016497 0.019243
0 0.900800 0.772107 0.013397 0.017298
0 0.462754 0.249311 0.014933 0.019567
0 0.698921 0.249337 0.011847 0.014161
0 0.336072 0.931957 0.018568 0.024994
0 0.743497 0.979307 0.012305 0.014086
0 0.880886 0.347148 0.014327 0.017322
0 0.600235 0.291401 0.013973 0.017671
0 0.345864 0.811253 0.014184 0.020849
0 0.214443 0.451943 0.014769 0.017195
0 0.266671 0.114844 0.012492 0.015124
0 0.334717 0.935643 0.020878 0.028691
0 0.980863 0.441159 0.015199 0.020479
0 0.691826 0.712347 0.013534 0.019435
0 0.420668 0.470322 0.015201 0.017479
0 0.302478 0.051821 0.014744 0.018024
0 0.154153 0.445198 0.014341 0.016590
0 0.752834 0.652790 0.014068 0.017681
0 0.050424 0.336694 0.016324 0.015947
0 0.620945 0.056797 0.015888 0.020212
0 0.244122 0.105284 0.013385 0.018607
0 0.330290 0.538046 0.013255 0.017621
0 0.743227 0.243156 0.013292 0.016845
0 0.696831 0.055135 0.014533 0.018740
0 0.555052 0.982109 0.014902 0.017997
0 0.683975 0.287642 0.013066 0.016064
0 0.076337 0.547447 0.015350 0.017772
0 0.442678 0.616279 0.013963 0.018805
0 0.401250 0.950731 0.014532 0.019779
0 0.299931 0.283643 0.011704 0.014041
0 0.541586 0.133748 0.010787 0.012804
0 0.294820 0.128320 0.015182 0.017029
0 0.226274 0.365950 0.012896 0.016001
0 0.316200 0.049037 0.008895 0.013793
0 0.357526 0.102058 0.013190 0.013896
0 0.064177 0.377670 0.013446 0.017506
0 0.449844 0.362130 0.010844 0.013123
