0 0.631221 0.947531 0.019031 0.023603
0 0.281734 0.385386 0.019283 0.023358
0 0.124468 0.164995 0.020087 0.026009
0 0.514251 0.967745 0.020127 0.027351
0 0.252331 0.470755 0.020805 0.023695
0 0.480537 0.907203 0.016736 0.020680
0 0.748982 0.846463 0.020213 0.023578
0 0.118230 0.489841 0.017982 0.022263
0 0.142274 0.136941 0.017898 0.020856
0 0.037413 0.934663 0.017902 0.023719
0 0.807408 0.263254 0.016147 0.021946
0 0.255637 0.956997 0.016948 0.022913
0 0.386981 0.088154 0.014906 0.021151
0 0.752708 0.935558 0.015848 0.020239
0 0.801697 0.984326 0.014525 0.019001
0 0.613485 0.654083 0.015202 0.020699
0 0.729417 0.964423 0.017546 0.022653
0 0.309485 0.011483 0.013770 0.019228
0 0.130693 0.233566 0.017379 0.023483
0 0.537045 0.590015 0.017525 0.020536
0 0.192851 0.248338 0.015489 0.019395
0 0.482340 0.131614 0.018519 0.024631
0 0.819071 0.893835 0.015480 0.019029
0 0.067952 0.073526 0.015832 0.023470
0 0.749962 0.185735 0.018897 0.022621
0 0.656673 0.678781 0.017885 0.022813
0 0.019790 0.059801 0.016960 0.017830
0 0.816253 0.867431 0.017581 0.022341
0 0.310125 0.035093 0.016874 0.023519
0 0.086819 0.693876 0.019278 0.022353
0 0.980923 0.704904 0.017855 0.022184
0 0.801492 0.624681 0.017563 0.020691
0 0.573918 0.051991 0.016002 0.018368
0 0.186094 0.966234 0.016900 0.021520
0 0.752766 0.050025 0.016688 0.020094
0 0.079862 0.923075 0.016935 0.021956
0 0.829236 0.569543 0.016003 0.019233
0 0.521133 0.293394 0.018793 0.024532
0 0.753284 0.971816 0.016139 0.019404
0 0.816834 0.011734 0.015990 0.019629
0 0.559141 0.334922 0.016677 0.021122
0 0.307484 0.826359 0.016421 0.022657
0 0.217524 0.227761 0.016739 0.021205
0 0.045906 0.071122 0.017717 0.021285
0 0.553418 0.076881 0.016874 0.020605
0 0.612440 0.348081 0.017766 0.022582
0 0.209351 0.968879 0.015385 0.019300
0 0.329276 0.809738 0.014566 0.018929
0 0.816743 0.966209 0.016341 0.021014
0 0.379351 0.793590 0.018736 0.023306
0 0.806298 0.406379 0.017750 0.020781
0 0.686963 0.684913 0.017842 0.020476
0 0.774380 0.989895 0.014690 0.015779
0 0.236752 0.502673 0.018600 0.021966
0 0.962019 0.872980 0.020328 0.022302
0 0.447960 0.023358 0.018113 0.021471
0 0.064591 0.426133 0.019536 0.023706
0 0.265903 0.505364 0.016392 0.020790
0 0.369481 0.639828 0.014877 0.020008
0 0.649497 0.358013 0.017597 0.021273
0 0.325252 0.110137 0.017664 0.022943
0 0.963344 0.547858 0.012600 0.014438
0 0.751196 0.565479 0.019354 0.022822
0 0.974283 0.241102 0.020745 0.026079
0 0.368916 0.845650 0.020484 0.022907
0 0.841711 0.941298 0.015318 0.019114
0 0.214081 0.927991 0.017192 0.020819
0 0.371146 0.043791 0.014464 0.017739
0 0.053777 0.497067 0.016805 0.020184
0 0.934972 0.892963 0.014609 0.019225
0 0.718084 0.531959 0.019114 0.023293
0 0.786908 0.655234 0.015832 0.020637
0 0.807946 0.754271 0.016515 0.020304
0 0.465998 0.676057 0.016013 0.021445
0 0.424835 0.009986 0.014358 0.018269
0 0.010405 0.657308 0.018698 0.019969
0 0.400896 0.672006 0.013813 0.019183
0 0.492328 0.861315 0.020124 0.022298
0 0.004632 0.307276 0.009263 0.013969
0 0.411497 0.633381 0.011619 0.014696
0 0.566899 0.658175 0.015167 0.019741
0 0.419530 0.655599 0.014991 0.019888
0 0.040832 0.903423 0.013669 0.016714
0 0.435383 0.113990 0.015652 0.019647
0 0.212517 0.898493 0.018014 0.020574
0 0.853424 0.670940 0.018375 0.023744
0 0.644967 0.059729 0.016538 0.021072
0 0.849372 0.511943 0.018632 0.023604
0 0.068540 0.040307 0.017427 0.021537
0 0.532775 0.436070 0.016309 0.022443
0 0.832452 0.531244 0.017294 0.022447
0 0.462435 0.132731 0.016135 0.022226
0 0.174251 0.990546 0.013137 0.015074
0 0.272792 0.449017 0.017499 0.020048
0 0.781284 0.787414 0.016932 0.018744
0 0.109759 0.542990 0.017462 0.022152
0 0.224610 0.641033 0.016296 0.022902
0 0.541355 0.969268 0.015370 0.019003
0 0.727360 0.932811 0.018864 0.021676
0 0.848743 0.891307 0.016500 0.020670
0 0.882593 0.103788 0.016912 0.021856
0 0.513024 0.584869 0.015823 0.021340
0 0.370386 0.972083 0.014255 0.016919
0 0.017586 0.218447 0.013990 0.014822
0 0.032686 0.129645 0.016682 0.020903
0 0.182541 0.882100 0.019056 0.022253
0 0.631047 0.087526 0.014514 0.016811
0 0.076652 0.662010 0.017132 0.019358
0 0.995617 0.379799 0.008765 0.018483
0 0.588996 0.663537 0.016196 0.022255
0 0.703412 0.584147 0.016215 0.019269
0 0.141681 0.748671 0.017731 0.022515
0 0.681561 0.145693 0.018238 0.022730
0 0.011297 0.087888 0.015231 0.019800
0 0.252620 0.925578 0.010993 0.015023
0 0.089002 0.845989 0.017011 0.020872
0 0.660034 0.605763 0.016868 0.025512
0 0.397461 0.012417 0.014703 0.019967
0 0.943917 0.510235 0.017187 0.021635
0 0.823892 0.081129 0.016775 0.018755
0 0.465834 0.338189 0.013713 0.017380
0 0.941440 0.139513 0.011853 0.015436
0 0.804717 0.688615 0.016086 0.019337
0 0.335150 0.015155 0.017539 0.025174
0 0.656659 0.821530 0.016665 0.020674
0 0.905520 0.138825 0.015920 0.018839
0 0.291010 0.008845 0.013455 0.017691
0 0.453648 0.261578 0.018477 0.021853
0 0.814640 0.048608 0.015762 0.018759
0 0.675028 0.990175 0.015384 0.016469
0 0.383798 0.649703 0.013916 0.019566
0 0.049437 0.108044 0.016221 0.020041
0 0.016305 0.894224 0.016022 0.019385
0 0.206827 0.323218 0.013604 0.019269
0 0.224264 0.339976 0.016749 0.019827
0 0.036860 0.875900 0.013527 0.016530
0 0.049118 0.468431 0.014957 0.017984
0 0.102135 0.473722 0.016138 0.022859
0 0.507698 0.556836 0.015440 0.017473
0 0.287356 0.018429 0.016765 0.021623
0 0.727394 0.091240 0.012423 0.017570
0 0.861539 0.615723 0.017067 0.020786
0 0.297295 0.100192 0.015526 0.017500
0 0.687678 0.134856 0.015908 0.022319
0 0.426865 0.415275 0.013869 0.016158
0 0.841199 0.031888 0.009937 0.013703
0 0.782734 0.273117 0.013155 0.018110
0 0.431856 0.502374 0.014757 0.017100
0 0.995495 0.326228 0.009009 0.020180
0 0.840898 0.034080 0.011523 0.016794
0 0.157150 0.082833 0.015465 0.018971
0 0.835045 0.912940 0.011793 0.016554
0 0.669938 0.782667 0.015718 0.017900
0 0.734975 0.271757 0.012407 0.015967
0 0.101461 0.018120 0.013469 0.017278
0 0.463172 0.864883 0.014404 0.016710
0 0.628702 0.756285 0.017575 0.026600
0 0.746780 0.493916 0.012502 0.016901
0 0.269076 0.580393 0.015921 0.020821
0 0.364204 0.950738 0.014181 0.016766
0 0.696541 0.015392 0.014486 0.018800
0 0.448679 0.182371 0.011771 0.015726
0 0.981795 0.967277 0.013197 0.020539
0 0.063265 0.006601 0.014951 0.011519
0 0.184340 0.772412 0.012339 0.014987
0 0.852005 0.791526 0.011865 0.014716
0 0.515826 0.668999 0.016221 0.023492
0 0.612226 0.111594 0.015391 0.022054
0 0.239585 0.624676 0.012727 0.016138
0 0.418583 0.038229 0.017085 0.019722
0 0.737471 0.251133 0.013701 0.016234
0 0.872039 0.055320 0.012152 0.015705
0 0.494942 0.381285 0.014004 0.020009
