0 0.703511 0.272931 0.016744 0.021989
0 0.431221 0.862750 0.014190 0.018329
0 0.768108 0.662993 0.014063 0.017816
0 0.834905 0.880487 0.016577 0.020533
0 0.945778 0.328930 0.020401 0.025576
0 0.563874 0.524182 0.023036 0.030837
0 0.352489 0.316409 0.017440 0.021597
0 0.415834 0.854532 0.013510 0.018532
0 0.454457 0.890232 0.011926 0.014569
0 0.806055 0.558622 0.015475 0.019707
0 0.433451 0.247600 0.014331 0.018585
0 0.640729 0.576578 0.017107 0.021335
0 0.720800 0.252899 0.015176 0.020289
0 0.446665 0.224387 0.013237 0.016331
0 0.940376 0.850590 0.012503 0.015582
0 0.916524 0.751167 0.014426 0.017955
0 0.932443 0.878403 0.015261 0.019073
0 0.863697 0.499350 0.014386 0.022742
0 0.750754 0.963292 0.013532 0.018005
0 0.150062 0.538873 0.015256 0.018180
0 0.982649 0.649779 0.018202 0.023998
0 0.155348 0.212258 0.020142 0.026819
0 0.598112 0.182328 0.016268 0.023378
0 0.764456 0.812617 0.018813 0.022174
0 0.603281 0.084709 0.015789 0.021345
0 0.292271 0.805014 0.019417 0.021984
0 0.981786 0.554694 0.015949 0.020535
0 0.665572 0.603758 0.017322 0.021316
0 0.649701 0.990161 0.014508 0.015090
0 0.894547 0.689906 0.015254 0.018860
0 0.164771 0.022680 0.018817 0.021588
0 0.945286 0.457383 0.016069 0.020326
0 0.556868 0.701284 0.012367 0.014890
0 0.304384 0.579155 0.018119 0.019728
0 0.244802 0.518778 0.016156 0.020766
0 0.981333 0.986018 0.013530 0.016627
0 0.738258 0.979101 0.013209 0.017277
0 0.360104 0.827033 0.014779 0.018667
0 0.784119 0.034613 0.014380 0.017440
0 0.752171 0.868492 0.014944 0.019445
0 0.386678 0.842322 0.014309 0.019093
0 0.975955 0.956337 0.014162 0.017470
0 0.944023 0.742271 0.015482 0.018618
0 0.016529 0.854348 0.015662 0.020608
0 0.666753 0.361626 0.016020 0.018295
0 0.249816 0.387623 0.015171 0.019985
0 0.843577 0.569587 0.016176 0.021282
0 0.060137 0.145842 0.016214 0.019676
0 0.775326 0.570896 0.014968 0.018560
0 0.829466 0.828749 0.014144 0.019229
0 0.434729 0.754441 0.016561 0.020141
0 0.983438 0.487094 0.015061 0.017679
0 0.900786 0.778618 0.018691 0.022461
0 0.348090 0.544139 0.016164 0.018993
0 0.858920 0.876722 0.015357 0.023135
0 0.237683 0.669550 0.016210 0.019416
0 0.621770 0.059761 0.015564 0.018702
0 0.678751 0.961467 0.015392 0.019963
0 0.452721 0.598224 0.017016 0.022557
0 0.697672 0.682524 0.016372 0.021043
0 0.487433 0.459439 0.017584 0.021984
0 0.145723 0.754090 0.015782 0.019045
0 0.946882 0.115078 0.015772 0.018618
0 0.168582 0.513598 0.016375 0.021134
0 0.322168 0.551009 0.015793 0.019412
0 0.135875 0.359484 0.016922 0.020878
0 0.416459 0.551192 0.016434 0.020836
0 0.939565 0.811786 0.016348 0.020743
0 0.047531 0.850620 0.014501 0.019394
0 0.947011 0.294785 0.019339 0.021969
0 0.602946 0.860505 0.017999 0.021913
0 0.221904 0.877620 0.014788 0.018940
0 0.013542 0.747921 0.016299 0.021560
0 0.802062 0.232924 0.016782 0.019691
0 0.499527 0.554874 0.017980 0.022150
0 0.413159 0.092800 0.018352 0.021737
0 0.979092 0.178355 0.012944 0.019436
0 0.097429 0.385112 0.012997 0.017110
0 0.430867 0.431004 0.016858 0.021012
0 0.854618 0.970567 0.014225 0.017579
0 0.295444 0.126786 0.016243 0.019733
0 0.690554 0.713555 0.017141 0.020375
0 0.151126 0.444976 0.017493 0.022979
0 0.738457 0.896709 0.014930 0.016458
0 0.638359 0.962137 0.016334 0.019722
0 0.865066 0.987058 0.016582 0.017788
0 0.229185 0.367923 0.015383 0.019850
0 0.123030 0.935017 0.015471 0.018467
0 0.324077 0.093151 0.011752 0.012347
0 0.029111 0.181853 0.014178 0.017832
0 0.176721 0.758539 0.013702 0.017195
0 0.043937 0.384136 0.013621 0.019395
0 0.723752 0.880949 0.015193 0.019252
0 0.360418 0.469148 0.016561 0.019323
0 0.438487 0.618276 0.019272 0.021703
0 0.698969 0.763112 0.016560 0.022586
0 0.517793 0.743414 0.014421 0.018729
0 0.216963 0.452424 0.016294 0.019709
0 0.347882 0.810468 0.015017 0.018394
0 0.344362 0.573187 0.015768 0.020379
0 0.232459 0.314903 0.020149 0.023874
0 0.899147 0.466545 0.016673 0.019150
0 0.556134 0.319424 0.018527 0.023141
0 0.330979 0.291645 0.015406 0.019495
0 0.696890 0.055055 0.015919 0.020120
0 0.301552 0.052318 0.016370 0.020184
0 0.365978 0.007792 0.015680 0.014091
0 0.079438 0.251499 0.015631 0.020310
0 0.323014 0.908507 0.015762 0.017987
0 0.821014 0.208059 0.016853 0.020038
0 0.542840 0.232717 0.011825 0.015282
0 0.746312 0.280096 0.017576 0.020037
0 0.995653 0.779489 0.008694 0.020956
0 0.145077 0.114416 0.014858 0.018854
0 0.721484 0.986725 0.016432 0.019130
0 0.269341 0.334520 0.017057 0.022592
0 0.765184 0.302695 0.017192 0.019077
0 0.007060 0.296973 0.014056 0.020691
0 0.349713 0.135504 0.014832 0.018304
0 0.476301 0.307093 0.015068 0.018758
0 0.825192 0.362282 0.017540 0.019524
0 0.964907 0.972984 0.013646 0.018055
0 0.424528 0.152276 0.016208 0.018749
0 0.346650 0.730904 0.017054 0.020653
0 0.285643 0.218871 0.013714 0.017071
0 0.906863 0.731197 0.015490 0.018048
0 0.910225 0.103708 0.016752 0.019225
0 0.684328 0.287163 0.014228 0.020234
0 0.081889 0.395198 0.012001 0.015614
0 0.799255 0.824014 0.014554 0.018968
0 0.083586 0.525459 0.015255 0.018261
0 0.344824 0.261709 0.016766 0.019682
0 0.173748 0.202719 0.013005 0.016396
0 0.201015 0.491757 0.011350 0.015170
0 0.121887 0.607480 0.014867 0.018674
0 0.780269 0.460119 0.017718 0.022183
0 0.655604 0.383514 0.015054 0.017743
0 0.063826 0.487096 0.016644 0.020027
0 0.421774 0.468848 0.014899 0.020039
0 0.699504 0.249190 0.012118 0.014352
0 0.951943 0.429816 0.015356 0.018328
0 0.992693 0.505808 0.013728 0.019529
0 0.486450 0.330641 0.016462 0.018319
0 0.749213 0.654449 0.015944 0.019784
0 0.556230 0.981335 0.015165 0.017997
0 0.949151 0.292912 0.021821 0.022749
0 0.532896 0.534123 0.014592 0.017284
0 0.961195 0.181271 0.012650 0.015195
0 0.059278 0.421555 0.014130 0.017594
0 0.482476 0.330452 0.015797 0.018340
0 0.767049 0.815061 0.021759 0.027257
0 0.298356 0.792474 0.014433 0.018149
0 0.586459 0.220485 0.010792 0.013945
0 0.917172 0.454998 0.013683 0.017160
0 0.659015 0.856084 0.010299 0.012948
0 0.778255 0.457211 0.018882 0.025974
0 0.060214 0.480718 0.016680 0.021264
0 0.293864 0.801782 0.020500 0.028457
0 0.336574 0.968768 0.010489 0.014251
0 0.300354 0.285034 0.012664 0.015142
0 0.774251 0.823258 0.016625 0.023298
0 0.957335 0.960457 0.012226 0.016571
