0 0.937864 0.889541 0.019357 0.024106
0 0.144465 0.291367 0.020433 0.025163
0 0.256588 0.748964 0.015747 0.021896
0 0.889030 0.880099 0.019196 0.021553
0 0.201806 0.726478 0.027650 0.034761
0 0.102870 0.876391 0.024583 0.029584
0 0.092785 0.306382 0.019595 0.023795
0 0.918741 0.898332 0.015747 0.019619
0 0.815002 0.881209 0.021866 0.027162
0 0.329654 0.859689 0.022404 0.023362
0 0.016172 0.658751 0.019543 0.023322
0 0.116391 0.286952 0.018201 0.023681
0 0.078412 0.485231 0.020955 0.025761
0 0.014853 0.400277 0.018557 0.023878
0 0.873798 0.903218 0.018947 0.022715
0 0.255960 0.560446 0.018349 0.024701
0 0.316521 0.376925 0.029961 0.034857
0 0.086029 0.334141 0.019534 0.020977
0 0.583693 0.706669 0.017876 0.021871
0 0.903921 0.526604 0.022809 0.027853
0 0.125696 0.242124 0.017698 0.021874
0 0.953552 0.835917 0.018561 0.021942
0 0.279323 0.745319 0.018832 0.025831
0 0.608130 0.053276 0.018909 0.027182
0 0.294842 0.403651 0.019310 0.022322
0 0.905898 0.290828 0.020050 0.025647
0 0.855357 0.973229 0.020129 0.023383
0 0.628218 0.532109 0.021141 0.027033
0 0.616037 0.201726 0.019601 0.023136
0 0.343587 0.220164 0.017083 0.019845
0 0.321557 0.163713 0.018425 0.022086
0 0.207425 0.291960 0.020293 0.024694
0 0.141912 0.907271 0.017872 0.023644
0 0.723213 0.383748 0.020427 0.024128
0 0.552807 0.706705 0.018666 0.018988
0 0.781032 0.587197 0.020341 0.025475
0 0.921282 0.445951 0.017388 0.022697
0 0.148037 0.745489 0.019166 0.022946
0 0.328975 0.345439 0.018043 0.022218
0 0.060302 0.424508 0.017330 0.020476
0 0.076125 0.394462 0.017650 0.022891
0 0.236862 0.889767 0.020812 0.024666
0 0.175421 0.901887 0.018414 0.022364
0 0.477448 0.051493 0.017307 0.021815
0 0.974161 0.800524 0.018388 0.021155
0 0.333305 0.249371 0.018356 0.023682
0 0.115407 0.512942 0.018854 0.023846
0 0.500044 0.217997 0.020384 0.022595
0 0.194812 0.886867 0.016036 0.020620
0 0.817617 0.126275 0.017908 0.020872
0 0.348862 0.305191 0.016830 0.019614
0 0.461015 0.324796 0.019021 0.021265
0 0.792095 0.244154 0.020610 0.023506
0 0.381975 0.243240 0.019638 0.024532
0 0.887378 0.639639 0.019600 0.023685
0 0.167550 0.528737 0.021558 0.024832
0 0.626867 0.794067 0.017806 0.022308
0 0.282415 0.583657 0.015624 0.019008
0 0.951223 0.689075 0.018324 0.021624
0 0.473797 0.901424 0.019777 0.025905
0 0.145382 0.687329 0.020167 0.023832
0 0.322646 0.272376 0.020440 0.022362
0 0.786395 0.386471 0.020811 0.020591
0 0.900474 0.429008 0.019539 0.024333
0 0.498209 0.154689 0.017847 0.023521
0 0.046156 0.186598 0.019425 0.024120
0 0.684583 0.290001 0.020327 0.023889
0 0.916182 0.122603 0.020366 0.025428
0 0.701227 0.809904 0.022371 0.025320
0 0.217754 0.758285 0.015910 0.019527
0 0.306422 0.088068 0.016209 0.019666
0 0.218707 0.021693 0.018781 0.025190
0 0.115945 0.315756 0.015768 0.019900
0 0.617278 0.607536 0.019105 0.022828
0 0.412287 0.733631 0.018820 0.023643
0 0.248543 0.231944 0.018056 0.022582
0 0.867789 0.266338 0.017877 0.021453
0 0.536134 0.416170 0.019264 0.023304
0 0.566068 0.542977 0.019189 0.021896
0 0.176431 0.233758 0.017714 0.021599
0 0.449862 0.985331 0.019074 0.020805
0 0.431591 0.210359 0.015343 0.020469
0 0.821156 0.094304 0.018310 0.022693
0 0.487388 0.485092 0.018190 0.021129
0 0.565995 0.157402 0.017626 0.022090
0 0.574884 0.068626 0.023244 0.025666
0 0.469332 0.543647 0.020055 0.024058
0 0.539688 0.091307 0.015665 0.019874
0 0.648573 0.122817 0.017778 0.023620
0 0.069059 0.151976 0.017513 0.021708
0 0.818069 0.326478 0.018461 0.021728
0 0.382334 0.325189 0.020586 0.022395
0 0.837962 0.630633 0.017252 0.021782
0 0.151452 0.190783 0.016212 0.019931
0 0.788663 0.215086 0.016310 0.020769
0 0.448731 0.682106 0.018043 0.023953
0 0.619799 0.155975 0.017503 0.022455
0 0.742210 0.169655 0.017494 0.020578
0 0.201533 0.139784 0.017975 0.021964
0 0.963762 0.391607 0.018071 0.022136
0 0.287215 0.106803 0.018059 0.021853
0 0.278260 0.230660 0.018938 0.025322
0 0.637952 0.854764 0.017734 0.023360
0 0.664592 0.016291 0.016871 0.020894
0 0.493244 0.240277 0.015716 0.017758
0 0.364552 0.111368 0.018262 0.026278
0 0.410454 0.343152 0.014494 0.017963
0 0.484349 0.260870 0.015321 0.021093
0 0.143914 0.953817 0.015984 0.020383
0 0.958481 0.629239 0.016728 0.019118
0 0.996465 0.295771 0.007071 0.024486
0 0.146272 0.805214 0.015730 0.017600
0 0.947631 0.889682 0.015314 0.021855
0 0.662806 0.014062 0.017910 0.023712
0 0.900669 0.905892 0.014539 0.024579
0 0.997047 0.479288 0.005907 0.020694
