0 0.247027 0.271770 0.015221 0.019176
0 0.118068 0.489188 0.016381 0.021616
0 0.280738 0.385352 0.019096 0.024599
0 0.622094 0.946556 0.018499 0.022730
0 0.573026 0.110320 0.015006 0.019800
0 0.035095 0.933652 0.016708 0.020763
0 0.304109 0.824781 0.018296 0.021771
0 0.070963 0.593865 0.017354 0.022215
0 0.510444 0.962543 0.021836 0.027094
0 0.791985 0.616425 0.018210 0.021391
0 0.230603 0.939454 0.017083 0.019243
0 0.757645 0.808451 0.020299 0.023221
0 0.489025 0.167762 0.019084 0.024092
0 0.501479 0.854388 0.016417 0.020954
0 0.971953 0.235509 0.019022 0.022653
0 0.775256 0.202182 0.018148 0.021840
0 0.825762 0.523813 0.017383 0.021523
0 0.918540 0.989774 0.018082 0.017083
0 0.768816 0.948568 0.016722 0.020308
0 0.215867 0.227087 0.016359 0.020867
0 0.060660 0.420357 0.016712 0.019425
0 0.606988 0.619433 0.015746 0.020011
0 0.482131 0.878102 0.017172 0.022424
0 0.817215 0.276130 0.019139 0.020432
0 0.721340 0.527495 0.018584 0.022666
0 0.129903 0.233808 0.017184 0.022825
0 0.941252 0.971844 0.018662 0.022276
0 0.558142 0.565454 0.016190 0.020597
0 0.462394 0.044543 0.017607 0.021659
0 0.786161 0.654085 0.016019 0.019989
0 0.080108 0.924758 0.017542 0.022445
0 0.188059 0.950579 0.014338 0.017627
0 0.124798 0.168351 0.020373 0.024969
0 0.253720 0.959332 0.013892 0.018751
0 0.315394 0.495722 0.015565 0.019076
0 0.233064 0.009978 0.015268 0.015519
0 0.252039 0.469793 0.020592 0.024497
0 0.207736 0.928292 0.016354 0.020826
0 0.059597 0.154318 0.016011 0.020301
0 0.939927 0.890240 0.015432 0.018045
0 0.257056 0.507055 0.018375 0.023238
0 0.845656 0.556218 0.014556 0.018688
0 0.378786 0.653724 0.014488 0.019234
0 0.519466 0.294453 0.018029 0.021861
0 0.017350 0.072135 0.015126 0.021208
0 0.531789 0.437516 0.016080 0.020481
0 0.065839 0.340311 0.015208 0.018961
0 0.650459 0.678285 0.017764 0.020400
0 0.247229 0.890028 0.016973 0.023932
0 0.034312 0.636209 0.016799 0.020001
0 0.314012 0.053743 0.017750 0.021872
0 0.704704 0.139770 0.017751 0.024106
0 0.739925 0.083916 0.017570 0.022564
0 0.384712 0.085921 0.015454 0.020910
0 0.536309 0.582839 0.014556 0.018366
0 0.044346 0.071839 0.015868 0.019510
0 0.044366 0.817306 0.015592 0.019105
0 0.590122 0.648169 0.016129 0.019452
0 0.119405 0.547445 0.015972 0.021053
0 0.008414 0.662705 0.015954 0.020498
0 0.022867 0.211044 0.013533 0.017375
0 0.725177 0.897957 0.017590 0.021376
0 0.815665 0.866691 0.018056 0.023178
0 0.044446 0.327708 0.015088 0.020964
0 0.613826 0.067772 0.015194 0.019228
0 0.447880 0.159558 0.015151 0.020085
0 0.834062 0.498203 0.017496 0.019689
0 0.792435 0.748212 0.016333 0.022072
0 0.674727 0.337182 0.014467 0.018831
0 0.979522 0.663601 0.016739 0.022468
0 0.816837 0.971687 0.015350 0.022889
0 0.007572 0.979681 0.015129 0.018303
0 0.428105 0.009370 0.016036 0.017158
0 0.180594 0.176325 0.017432 0.022908
0 0.464149 0.675971 0.016322 0.020195
0 0.465496 0.504510 0.013480 0.015181
0 0.842304 0.860522 0.016546 0.019722
0 0.033197 0.187615 0.015295 0.019114
0 0.995287 0.625364 0.009425 0.021195
0 0.803134 0.054021 0.013649 0.018166
0 0.407460 0.764368 0.019715 0.023956
0 0.160244 0.690207 0.013760 0.019640
0 0.793506 0.895877 0.015215 0.021125
0 0.813567 0.671571 0.014620 0.019748
0 0.437563 0.800000 0.021009 0.024076
0 0.692179 0.661560 0.016285 0.018909
0 0.107999 0.470360 0.016944 0.022189
0 0.019544 0.048870 0.011687 0.014948
0 0.550532 0.935839 0.015980 0.020594
0 0.365752 0.640845 0.014654 0.018402
0 0.197662 0.879094 0.016115 0.020644
0 0.955759 0.508282 0.015824 0.019436
0 0.089201 0.463576 0.012285 0.016637
0 0.466141 0.337894 0.014200 0.018456
0 0.647161 0.100812 0.014623 0.018755
0 0.807230 0.404341 0.017585 0.021698
0 0.472855 0.416485 0.014269 0.016207
0 0.004055 0.488110 0.008110 0.025312
0 0.102490 0.044282 0.013962 0.015750
0 0.097733 0.501350 0.013873 0.019677
0 0.057731 0.699271 0.013560 0.016623
0 0.906517 0.137007 0.013209 0.017262
0 0.111792 0.128786 0.011005 0.015571
0 0.705863 0.578465 0.016210 0.018695
0 0.020229 0.132179 0.013967 0.020805
0 0.665772 0.604206 0.014287 0.015812
0 0.044402 0.286854 0.014852 0.017081
0 0.832211 0.089332 0.013236 0.020558
0 0.319946 0.991511 0.015061 0.016134
0 0.698746 0.895261 0.016084 0.019465
0 0.996848 0.381973 0.006304 0.019651
0 0.328510 0.812356 0.014751 0.019721
0 0.859682 0.590131 0.016119 0.021368
0 0.287865 0.021861 0.014452 0.015515
0 0.294962 0.607748 0.014883 0.019908
0 0.427748 0.640510 0.013922 0.016399
0 0.274951 0.882003 0.012098 0.013591
0 0.237082 0.103968 0.013143 0.015014
0 0.787838 0.284527 0.012571 0.017543
0 0.176062 0.435699 0.016247 0.019928
0 0.217373 0.963769 0.016874 0.023133
0 0.520151 0.532320 0.014708 0.017204
0 0.306113 0.030421 0.013775 0.016969
0 0.215847 0.008301 0.011162 0.013680
0 0.394371 0.015395 0.014491 0.021916
0 0.814920 0.028168 0.013212 0.020100
0 0.084810 0.095204 0.013467 0.017513
0 0.655278 0.963868 0.016164 0.019710
0 0.043189 0.897671 0.013486 0.019563
0 0.838174 0.058837 0.013320 0.018336
0 0.226909 0.690491 0.017340 0.019920
0 0.630764 0.729393 0.013512 0.018267
0 0.667149 0.771449 0.014123 0.017120
0 0.929115 0.824131 0.019163 0.022476
0 0.238006 0.747951 0.010855 0.016081
0 0.831791 0.924484 0.015479 0.019064
0 0.835563 0.027841 0.011493 0.015166
0 0.338906 0.978116 0.012005 0.014367
0 0.230834 0.990454 0.013431 0.014143
0 0.065923 0.041599 0.013953 0.019224
0 0.700077 0.923421 0.014457 0.017732
0 0.722530 0.094563 0.011727 0.016739
0 0.331344 0.043894 0.014464 0.016627
0 0.643616 0.341872 0.015148 0.019609
0 0.994989 0.335296 0.009977 0.018148
0 0.323627 0.094075 0.014511 0.023004
0 0.766217 0.744591 0.013902 0.021077
0 0.775222 0.089247 0.014979 0.019542
0 0.979540 0.207569 0.010795 0.013378
0 0.695003 0.023039 0.014610 0.017171
0 0.454989 0.260403 0.014249 0.018854
0 0.797910 0.967642 0.013873 0.018113
0 0.248620 0.862299 0.014127 0.018353
0 0.012960 0.894801 0.015195 0.018937
0 0.360896 0.951303 0.013669 0.016271
0 0.617403 0.970553 0.014666 0.016992
0 0.258778 0.007867 0.013473 0.014574
0 0.043477 0.900912 0.013020 0.016489
