0 0.157482 0.930214 0.016979 0.021355
0 0.123561 0.910530 0.018333 0.022508
0 0.236768 0.554818 0.018959 0.023968
0 0.718818 0.350148 0.018574 0.023255
0 0.771640 0.210545 0.017355 0.019001
0 0.914542 0.885216 0.017356 0.021750
0 0.238380 0.741619 0.015338 0.021451
0 0.797577 0.874704 0.018793 0.022843
0 0.098339 0.305895 0.017660 0.023393
0 0.898582 0.394730 0.020814 0.023219
0 0.871891 0.874719 0.017050 0.020098
0 0.532614 0.539546 0.017741 0.022724
0 0.043869 0.417041 0.016893 0.021338
0 0.508651 0.726604 0.024516 0.033758
0 0.638166 0.304196 0.016989 0.020503
0 0.442803 0.314551 0.016671 0.020240
0 0.772266 0.114656 0.018867 0.024012
0 0.263853 0.739191 0.015926 0.020596
0 0.747790 0.329804 0.016594 0.020615
0 0.209756 0.743798 0.016438 0.019897
0 0.804577 0.665576 0.019230 0.024638
0 0.060900 0.347395 0.017213 0.022706
0 0.217454 0.377821 0.020628 0.025752
0 0.531469 0.108567 0.016925 0.020707
0 0.134956 0.933242 0.016523 0.019994
0 0.500323 0.039687 0.017217 0.021143
0 0.405834 0.308659 0.019650 0.024848
0 0.539561 0.730691 0.018043 0.020804
0 0.125860 0.284773 0.020125 0.024890
0 0.984006 0.301945 0.017883 0.022887
0 0.913205 0.627665 0.020058 0.023939
0 0.403379 0.399353 0.018563 0.022722
0 0.155891 0.889963 0.018507 0.025058
0 0.803225 0.843668 0.017182 0.019661
0 0.830465 0.990171 0.018246 0.016386
0 0.087711 0.506712 0.019358 0.023290
0 0.023990 0.256888 0.018280 0.021381
0 0.775657 0.236371 0.018886 0.023045
0 0.470765 0.139463 0.017324 0.022675
0 0.355032 0.846901 0.016600 0.020993
0 0.560175 0.237249 0.017975 0.022889
0 0.690744 0.407187 0.018230 0.023188
0 0.398753 0.209979 0.019579 0.022668
0 0.996247 0.480167 0.007506 0.021651
0 0.788319 0.470720 0.018568 0.021875
0 0.371088 0.095431 0.019398 0.021653
0 0.034656 0.813698 0.017321 0.022831
0 0.322077 0.390095 0.019017 0.022572
0 0.320244 0.266807 0.015483 0.020196
0 0.330658 0.296824 0.015137 0.020177
0 0.255892 0.475091 0.018668 0.023977
0 0.865609 0.634630 0.019208 0.022838
0 0.304535 0.153597 0.017975 0.021072
0 0.317160 0.240576 0.015847 0.018017
0 0.117973 0.200260 0.017654 0.022008
0 0.268842 0.576872 0.014605 0.018742
0 0.544248 0.656176 0.016315 0.019638
0 0.691527 0.318749 0.017096 0.020493
0 0.934206 0.221891 0.018389 0.024068
0 0.472233 0.483459 0.016549 0.022121
0 0.074619 0.304587 0.017581 0.023952
0 0.260346 0.046488 0.019068 0.024922
0 0.745252 0.102950 0.017506 0.022777
0 0.635967 0.057301 0.018504 0.023549
0 0.314609 0.850590 0.017724 0.025068
0 0.061716 0.202665 0.020315 0.025784
0 0.639188 0.506290 0.018006 0.022402
0 0.383310 0.923459 0.018684 0.024169
0 0.146197 0.838460 0.015824 0.018739
0 0.395438 0.506609 0.015957 0.020426
0 0.183759 0.819808 0.016268 0.020723
0 0.261165 0.857150 0.018031 0.021153
0 0.520558 0.412687 0.018514 0.021692
0 0.020691 0.222706 0.017446 0.023160
0 0.316791 0.207282 0.016207 0.019110
0 0.525599 0.693945 0.017612 0.021289
0 0.798262 0.089130 0.017409 0.018150
0 0.031425 0.180862 0.017939 0.022479
0 0.994072 0.640071 0.011855 0.021169
0 0.266487 0.189463 0.018397 0.021731
0 0.090894 0.866486 0.017581 0.023329
0 0.206207 0.158652 0.016146 0.018856
0 0.213947 0.858814 0.015309 0.018544
0 0.933120 0.681297 0.019341 0.021821
0 0.415456 0.973329 0.017281 0.020982
0 0.884450 0.420743 0.020466 0.023875
0 0.558932 0.153546 0.014066 0.017992
0 0.606071 0.154320 0.015851 0.020761
0 0.052137 0.170237 0.014452 0.019723
0 0.422605 0.692266 0.017427 0.021710
0 0.887575 0.285716 0.018530 0.021440
0 0.991540 0.244095 0.016911 0.020417
0 0.016569 0.991800 0.029776 0.016400
0 0.434707 0.674636 0.014306 0.018818
0 0.996107 0.082358 0.007786 0.025265
0 0.300459 0.262086 0.015315 0.021944
0 0.897457 0.111876 0.020844 0.025174
0 0.176314 0.716897 0.017666 0.024689
0 0.900711 0.108504 0.017436 0.023462
0 0.888297 0.897287 0.016796 0.020369
0 0.994899 0.841253 0.010143 0.015944
0 0.004028 0.027011 0.008057 0.025215
0 0.183918 0.717393 0.024655 0.028103
0 0.475094 0.258400 0.014231 0.017999
0 0.396348 0.340305 0.011553 0.015134
0 0.182221 0.722557 0.019139 0.026595
0 0.179798 0.718506 0.021210 0.029419
0 0.189776 0.714785 0.017222 0.023353
0 0.016272 0.997546 0.030970 0.004908
