0 0.416792 0.491364 0.031501 0.033927
0 0.209670 0.727542 0.028191 0.033766
0 0.084703 0.787850 0.018530 0.023699
0 0.342604 0.302718 0.018713 0.023178
0 0.897125 0.884204 0.019806 0.023679
0 0.112012 0.879778 0.024351 0.031414
0 0.943728 0.897971 0.019587 0.024323
0 0.107340 0.780952 0.019450 0.027673
0 0.820902 0.886374 0.023003 0.028694
0 0.506601 0.161266 0.018905 0.023602
0 0.457332 0.686287 0.016916 0.021136
0 0.624922 0.847891 0.021353 0.026187
0 0.256364 0.048748 0.017720 0.021089
0 0.587114 0.081253 0.023102 0.028689
0 0.841549 0.486697 0.019941 0.022612
0 0.287348 0.639678 0.019914 0.028245
0 0.583096 0.336091 0.018615 0.023516
0 0.773248 0.849371 0.021806 0.026981
0 0.345831 0.247777 0.019760 0.022861
0 0.089155 0.488301 0.020683 0.026953
0 0.912605 0.434759 0.020014 0.023321
0 0.266243 0.570942 0.019208 0.022523
0 0.314672 0.552905 0.019279 0.023696
0 0.953746 0.265837 0.020532 0.025406
0 0.332568 0.276939 0.018323 0.021317
0 0.126139 0.293890 0.018946 0.023323
0 0.131953 0.484206 0.019812 0.021996
0 0.176991 0.941833 0.024447 0.028793
0 0.521662 0.729911 0.019054 0.022364
0 0.062177 0.196776 0.021015 0.028385
0 0.274237 0.664679 0.017951 0.021897
0 0.614837 0.492452 0.021779 0.023438
0 0.170716 0.344685 0.020604 0.026223
0 0.894092 0.647589 0.018253 0.022542
0 0.486930 0.087160 0.016837 0.022181
0 0.182170 0.906135 0.021403 0.024887
0 0.036530 0.652484 0.020291 0.025563
0 0.359535 0.199572 0.017957 0.022579
0 0.976369 0.039048 0.018959 0.025712
0 0.733128 0.927655 0.021155 0.025502
0 0.709904 0.331288 0.018724 0.022398
0 0.342499 0.923897 0.020778 0.025726
0 0.886511 0.472433 0.014143 0.018703
0 0.418720 0.150077 0.022036 0.023509
0 0.159918 0.287194 0.020453 0.023905
0 0.458062 0.414339 0.016674 0.020024
0 0.607922 0.458499 0.017165 0.021903
0 0.208611 0.893148 0.017172 0.024839
0 0.419461 0.314781 0.021431 0.027070
0 0.305215 0.732176 0.017890 0.020610
0 0.592315 0.729784 0.019318 0.024143
0 0.756703 0.714872 0.018626 0.021886
0 0.583338 0.444181 0.016382 0.019064
0 0.547589 0.425025 0.018215 0.021915
0 0.549494 0.736424 0.016336 0.021937
0 0.927200 0.123682 0.021892 0.026735
0 0.960154 0.414803 0.019174 0.021949
0 0.312800 0.095579 0.017814 0.021558
0 0.501623 0.683195 0.016347 0.020053
0 0.378969 0.911830 0.019862 0.022938
0 0.592449 0.661612 0.019533 0.022674
0 0.819894 0.380403 0.017022 0.021003
0 0.796510 0.223483 0.016394 0.019096
0 0.461389 0.494228 0.018042 0.021178
0 0.898353 0.454461 0.018424 0.017532
0 0.037444 0.697054 0.018770 0.020775
0 0.233702 0.879723 0.015965 0.019200
0 0.328105 0.167698 0.018131 0.021440
0 0.020474 0.276611 0.018022 0.021502
0 0.496915 0.490517 0.017769 0.020306
0 0.817885 0.823948 0.018023 0.021408
0 0.603800 0.195122 0.018812 0.022241
0 0.331804 0.866576 0.019777 0.024956
0 0.364339 0.281507 0.016585 0.025341
0 0.294027 0.589063 0.015422 0.018683
0 0.507876 0.112621 0.018649 0.022360
0 0.570049 0.595390 0.017616 0.020595
0 0.827693 0.099482 0.016838 0.021204
0 0.913192 0.909643 0.018187 0.023140
0 0.365630 0.120559 0.019239 0.023021
0 0.742781 0.382892 0.015308 0.020087
0 0.775124 0.373037 0.021372 0.023603
0 0.226745 0.586656 0.016564 0.028218
0 0.801662 0.250792 0.022413 0.024741
0 0.387402 0.624793 0.019778 0.023818
0 0.202434 0.185294 0.017564 0.020948
0 0.292300 0.754937 0.018743 0.024437
0 0.118494 0.446426 0.018169 0.020633
0 0.475581 0.434415 0.016643 0.019898
0 0.185391 0.428192 0.022449 0.024532
0 0.497902 0.398519 0.017385 0.021913
0 0.439066 0.695884 0.017315 0.022586
0 0.977350 0.211545 0.020284 0.024481
0 0.803267 0.532094 0.019949 0.025295
0 0.293128 0.402181 0.017517 0.021124
0 0.912947 0.663739 0.017116 0.021206
0 0.388602 0.795189 0.017956 0.021737
0 0.268803 0.447759 0.017485 0.020713
0 0.225307 0.902195 0.015413 0.018348
0 0.747143 0.986751 0.017390 0.019227
0 0.559669 0.710386 0.017562 0.020711
0 0.306057 0.705429 0.020891 0.021132
0 0.577634 0.159588 0.016725 0.023666
0 0.635316 0.161494 0.016423 0.022408
0 0.426164 0.743892 0.017726 0.022032
0 0.869645 0.467253 0.014991 0.020449
0 0.622548 0.333653 0.013746 0.016840
0 0.609392 0.318409 0.013179 0.017501
0 0.525402 0.177741 0.017546 0.022051
0 0.248448 0.802679 0.017322 0.024545
0 0.402367 0.994021 0.026630 0.011958
0 0.995997 0.041311 0.008005 0.027515
0 0.416507 0.113016 0.014568 0.017951
0 0.794376 0.001885 0.020809 0.003770
0 0.128938 0.415970 0.012694 0.015129
0 0.083404 0.005616 0.016236 0.011232
0 0.865565 0.678663 0.013534 0.014087
0 0.336995 0.364127 0.015386 0.017727
0 0.609342 0.316557 0.016027 0.020720
0 0.746715 0.984595 0.020662 0.021999
