0 0.233291 0.554074 0.018565 0.023350
0 0.911797 0.883777 0.017270 0.021643
0 0.976975 0.289073 0.018312 0.022518
0 0.008334 0.234907 0.016025 0.021224
0 0.154958 0.889735 0.018740 0.023650
0 0.780951 0.840251 0.022670 0.028069
0 0.852892 0.238293 0.018873 0.024762
0 0.085299 0.505420 0.019085 0.023166
0 0.254700 0.599887 0.016603 0.020679
0 0.658447 0.267929 0.016631 0.024369
0 0.155198 0.923511 0.018402 0.022905
0 0.888217 0.627602 0.018629 0.025230
0 0.793150 0.245133 0.017970 0.023700
0 0.858053 0.290881 0.016952 0.021736
0 0.914001 0.338836 0.018240 0.021670
0 0.213548 0.740611 0.015501 0.021288
0 0.770770 0.233414 0.015736 0.020983
0 0.370161 0.015575 0.018604 0.024236
0 0.482366 0.779087 0.018322 0.024833
0 0.424647 0.250695 0.017601 0.021633
0 0.405209 0.313670 0.018350 0.023459
0 0.151958 0.802149 0.020447 0.026226
0 0.124843 0.910042 0.018352 0.022763
0 0.729410 0.968230 0.019064 0.023678
0 0.792994 0.868641 0.018559 0.023260
0 0.801657 0.081340 0.014976 0.019177
0 0.319738 0.189378 0.020682 0.023147
0 0.870177 0.874047 0.016402 0.019869
0 0.681581 0.258854 0.014987 0.019986
0 0.705477 0.294288 0.018868 0.022862
0 0.293678 0.819838 0.017796 0.021889
0 0.576779 0.229160 0.016732 0.020493
0 0.287602 0.326832 0.018272 0.021680
0 0.653228 0.273761 0.018726 0.022573
0 0.547199 0.151535 0.013861 0.018123
0 0.308096 0.278821 0.013808 0.016812
0 0.064351 0.254186 0.019172 0.023440
0 0.108590 0.504798 0.014938 0.020284
0 0.279616 0.507946 0.017377 0.022617
0 0.259764 0.571870 0.013717 0.017698
0 0.575444 0.907572 0.016974 0.019892
0 0.519720 0.408691 0.017544 0.022332
0 0.057125 0.199378 0.016736 0.019028
0 0.367789 0.339051 0.017255 0.020363
0 0.024921 0.898612 0.018675 0.023427
0 0.613035 0.277882 0.019032 0.022493
0 0.321572 0.098486 0.019498 0.023118
0 0.051475 0.773545 0.016416 0.020699
0 0.122045 0.799709 0.016571 0.024036
0 0.433280 0.669162 0.015774 0.019096
0 0.315627 0.384156 0.015878 0.020812
0 0.281185 0.705234 0.017877 0.023545
0 0.328061 0.399906 0.013184 0.016795
0 0.146850 0.720103 0.015765 0.020454
0 0.083630 0.873827 0.015765 0.019258
0 0.236451 0.739696 0.015781 0.023835
0 0.300453 0.149659 0.017976 0.022033
0 0.771046 0.205722 0.015757 0.020074
0 0.290080 0.673925 0.016340 0.020530
0 0.244840 0.454562 0.015940 0.021186
0 0.131701 0.239717 0.016586 0.025288
0 0.113728 0.260896 0.017222 0.020852
0 0.043363 0.118356 0.017132 0.021100
0 0.657943 0.523630 0.015154 0.019117
0 0.425386 0.506697 0.017030 0.022938
0 0.508312 0.589924 0.017706 0.023280
0 0.323849 0.444754 0.015531 0.018422
0 0.654806 0.170178 0.015616 0.018840
0 0.923249 0.152081 0.017664 0.020921
0 0.043328 0.413329 0.016292 0.021434
0 0.937584 0.438066 0.016365 0.021171
0 0.129749 0.068689 0.014384 0.018891
0 0.863772 0.621654 0.017995 0.022431
0 0.432248 0.082604 0.016874 0.019633
0 0.826722 0.990478 0.019160 0.016119
0 0.600908 0.152184 0.015547 0.019038
0 0.331557 0.290678 0.016011 0.020307
0 0.213603 0.022804 0.014727 0.017410
0 0.880606 0.421572 0.017355 0.023511
0 0.165413 0.059527 0.016882 0.020691
0 0.539050 0.654321 0.016353 0.019612
0 0.527355 0.152564 0.015350 0.020783
0 0.984418 0.261533 0.015010 0.014630
0 0.005208 0.730474 0.010416 0.020804
0 0.640158 0.300788 0.015848 0.020135
0 0.937437 0.679496 0.015624 0.018215
0 0.909480 0.440207 0.017731 0.020503
0 0.927388 0.732476 0.013939 0.017663
0 0.618833 0.010975 0.017419 0.019398
0 0.634675 0.507631 0.015049 0.019972
0 0.655816 0.269633 0.020756 0.027663
0 0.990587 0.242179 0.016732 0.018249
0 0.877108 0.818282 0.018072 0.020753
0 0.080621 0.955154 0.017437 0.023415
0 0.829064 0.231816 0.016373 0.018979
0 0.315459 0.240179 0.012984 0.015090
0 0.047975 0.981686 0.016910 0.019544
0 0.294292 0.257915 0.018773 0.021244
0 0.366236 0.407530 0.017999 0.022693
