0 0.535334 0.461595 0.015561 0.018147
0 0.395774 0.091234 0.018143 0.022222
0 0.704412 0.269260 0.015844 0.022147
0 0.560977 0.522829 0.023165 0.029674
0 0.420543 0.545321 0.018278 0.022571
0 0.164170 0.014888 0.019453 0.021669
0 0.422320 0.086753 0.018310 0.020872
0 0.577476 0.479218 0.017191 0.020257
0 0.306079 0.575608 0.015368 0.020437
0 0.079773 0.409863 0.017085 0.022558
0 0.387230 0.013215 0.015514 0.019062
0 0.985641 0.648179 0.017070 0.022070
0 0.214156 0.318840 0.020747 0.024894
0 0.483689 0.302575 0.016539 0.020059
0 0.440020 0.396998 0.019838 0.022241
0 0.977459 0.850627 0.018736 0.022368
0 0.404925 0.834930 0.016940 0.019984
0 0.275421 0.666395 0.018711 0.021983
0 0.682562 0.279414 0.016131 0.021148
0 0.602173 0.067847 0.014326 0.017556
0 0.322119 0.557752 0.016246 0.021046
0 0.549026 0.439996 0.013289 0.017054
0 0.427328 0.821756 0.016490 0.020878
0 0.142940 0.361617 0.018009 0.021869
0 0.407440 0.227250 0.017190 0.021682
0 0.944431 0.328404 0.016829 0.020230
0 0.518727 0.028104 0.019713 0.021648
0 0.249590 0.385268 0.016092 0.020027
0 0.779433 0.449918 0.017761 0.023129
0 0.805463 0.795052 0.017068 0.020421
0 0.689154 0.709842 0.017102 0.021759
0 0.019738 0.555221 0.016269 0.021640
0 0.629568 0.063916 0.018116 0.022684
0 0.793099 0.821321 0.018635 0.022564
0 0.362161 0.476745 0.016755 0.021464
0 0.902967 0.775355 0.019719 0.023695
0 0.380321 0.660208 0.015804 0.018876
0 0.945984 0.449763 0.017749 0.023532
0 0.300915 0.092002 0.013726 0.017138
0 0.338670 0.284822 0.015045 0.018908
0 0.489453 0.973606 0.016746 0.018703
0 0.490760 0.457241 0.016402 0.021415
0 0.310865 0.784940 0.016209 0.020484
0 0.232570 0.364542 0.017092 0.021976
0 0.326917 0.132293 0.017599 0.022015
0 0.238924 0.317637 0.017323 0.023778
0 0.853652 0.568813 0.019116 0.022799
0 0.602600 0.856273 0.018611 0.023495
0 0.350873 0.801411 0.016278 0.019224
0 0.150669 0.443032 0.015061 0.019843
0 0.559207 0.305270 0.022763 0.024711
0 0.681032 0.956108 0.017365 0.021622
0 0.254681 0.523594 0.018242 0.021947
0 0.705720 0.242920 0.011907 0.015369
0 0.310662 0.611500 0.013775 0.017394
0 0.683891 0.118874 0.016205 0.020802
0 0.960210 0.961562 0.017925 0.025068
0 0.552268 0.062137 0.015164 0.018551
0 0.608158 0.178753 0.016683 0.020983
0 0.018491 0.679881 0.016983 0.021694
0 0.558020 0.977260 0.016099 0.018278
0 0.299356 0.286948 0.015305 0.021080
0 0.449787 0.486407 0.018498 0.023229
0 0.912154 0.169542 0.016931 0.022823
0 0.170466 0.289972 0.015237 0.017547
0 0.699842 0.761862 0.016168 0.019827
0 0.440770 0.746893 0.016502 0.020173
0 0.242625 0.646749 0.012134 0.014417
0 0.534134 0.529196 0.015758 0.020193
0 0.725041 0.252607 0.018333 0.023254
0 0.162571 0.333323 0.019566 0.017693
0 0.394518 0.551558 0.016585 0.020132
0 0.863824 0.921738 0.017318 0.019984
0 0.217186 0.449944 0.017593 0.020580
0 0.048460 0.383696 0.016659 0.021169
0 0.803255 0.766941 0.017398 0.019584
0 0.225778 0.783586 0.017369 0.019604
0 0.985561 0.332569 0.017379 0.022500
0 0.441202 0.615663 0.017075 0.021124
0 0.947694 0.218798 0.013105 0.014809
0 0.037090 0.554721 0.011833 0.015569
0 0.024997 0.823971 0.013173 0.015983
0 0.898199 0.852633 0.019539 0.020834
0 0.480742 0.831877 0.018086 0.021270
0 0.145375 0.108902 0.016942 0.020450
0 0.120120 0.212660 0.017732 0.020818
0 0.900900 0.683379 0.019017 0.022047
0 0.755400 0.642976 0.016957 0.022999
0 0.422788 0.149524 0.017164 0.022616
0 0.098420 0.287183 0.021046 0.025792
0 0.447609 0.860206 0.018499 0.022601
0 0.884687 0.598784 0.015427 0.021655
0 0.901412 0.725640 0.016762 0.020148
0 0.907552 0.862441 0.014371 0.016379
0 0.622665 0.441513 0.015424 0.018697
0 0.961897 0.176618 0.014115 0.018067
0 0.434091 0.244439 0.016065 0.017361
0 0.060156 0.422199 0.014731 0.019719
0 0.704059 0.055298 0.017772 0.021917
0 0.323854 0.104820 0.017278 0.022232
0 0.428289 0.458156 0.017402 0.020153
0 0.517420 0.738123 0.015053 0.020251
0 0.995144 0.774917 0.009712 0.023404
0 0.432982 0.235242 0.016662 0.031571
0 0.020607 0.117408 0.015960 0.017360
0 0.528678 0.482186 0.015710 0.018247
0 0.288986 0.575617 0.013066 0.017579
0 0.803352 0.590946 0.014309 0.020759
0 0.958338 0.063831 0.016322 0.022032
0 0.265882 0.115597 0.016590 0.020237
0 0.145662 0.557310 0.017691 0.020463
0 0.214334 0.420435 0.015941 0.019067
0 0.677948 0.622568 0.012602 0.015578
0 0.184696 0.190176 0.013778 0.015915
0 0.133514 0.764537 0.011182 0.013494
0 0.730064 0.259238 0.015394 0.018850
0 0.802521 0.587848 0.015536 0.023739
0 0.437372 0.983175 0.015867 0.019039
0 0.030256 0.534307 0.016464 0.018070
0 0.589805 0.015992 0.011204 0.016051
0 0.166321 0.334629 0.017696 0.017998
0 0.985179 0.186087 0.010863 0.013116
0 0.153646 0.567266 0.014491 0.017246
0 0.400000 0.864971 0.013475 0.017070
0 0.901534 0.856226 0.022918 0.025880
0 0.903846 0.053846 0.013491 0.018461
0 0.055895 0.740936 0.011050 0.014199
0 0.147447 0.559567 0.022173 0.023459
0 0.997144 0.126998 0.005713 0.019188
0 0.073597 0.185904 0.013229 0.014396
0 0.654388 0.695133 0.012295 0.014910
0 0.301118 0.091392 0.015799 0.021870
0 0.891826 0.044855 0.013428 0.016889
