0 0.558898 0.520933 0.022425 0.029504
0 0.702144 0.265957 0.017506 0.022498
0 0.213424 0.315937 0.020243 0.024492
0 0.140608 0.359181 0.017624 0.021307
0 0.550263 0.474959 0.016832 0.020390
0 0.410827 0.103151 0.019236 0.024504
0 0.498819 0.042450 0.016114 0.020851
0 0.905148 0.771059 0.020646 0.024025
0 0.522565 0.050723 0.015204 0.020267
0 0.165729 0.012991 0.018683 0.021142
0 0.420933 0.147231 0.018480 0.023927
0 0.252034 0.515526 0.019011 0.023744
0 0.437827 0.743627 0.016930 0.020399
0 0.850584 0.564329 0.021582 0.026293
0 0.424563 0.845126 0.017605 0.021495
0 0.433933 0.116340 0.019022 0.022408
0 0.825978 0.881770 0.019122 0.023889
0 0.307731 0.119121 0.015452 0.018491
0 0.686621 0.706850 0.018931 0.025162
0 0.249621 0.379694 0.016133 0.020359
0 0.942366 0.920094 0.019375 0.025245
0 0.409342 0.228720 0.017810 0.021111
0 0.581065 0.476808 0.016358 0.021906
0 0.041237 0.700812 0.017960 0.021640
0 0.478526 0.471981 0.017295 0.021491
0 0.433197 0.242767 0.017708 0.018840
0 0.901982 0.721156 0.020413 0.023839
0 0.428833 0.922608 0.018891 0.023490
0 0.986184 0.645976 0.018082 0.023390
0 0.028497 0.606628 0.020736 0.027081
0 0.681582 0.116397 0.016527 0.021464
0 0.474622 0.534165 0.019329 0.023212
0 0.422974 0.544836 0.018314 0.023014
0 0.320575 0.149534 0.018524 0.022291
0 0.945038 0.447770 0.020936 0.023741
0 0.321327 0.099310 0.016551 0.021127
0 0.958946 0.958818 0.019037 0.025168
0 0.793411 0.822210 0.022649 0.026130
0 0.606958 0.852321 0.018454 0.023067
0 0.297585 0.283658 0.016124 0.020913
0 0.513356 0.903454 0.018287 0.025186
0 0.360930 0.474270 0.015448 0.019457
0 0.778575 0.449702 0.018470 0.025582
0 0.942329 0.324598 0.018781 0.023004
0 0.272850 0.661995 0.019149 0.022370
0 0.475728 0.886559 0.019469 0.023457
0 0.336051 0.282089 0.016430 0.019662
0 0.911074 0.168282 0.017529 0.022242
0 0.319030 0.840374 0.018195 0.022616
0 0.214587 0.447048 0.017931 0.020171
0 0.105733 0.476102 0.018070 0.022101
0 0.609748 0.114759 0.015517 0.020279
0 0.438441 0.398926 0.018400 0.023301
0 0.116789 0.328311 0.019702 0.024595
0 0.688561 0.285541 0.016195 0.019635
0 0.417070 0.585624 0.016499 0.021102
0 0.607633 0.175055 0.018239 0.023817
0 0.980458 0.856332 0.018716 0.021771
0 0.179792 0.326474 0.013693 0.018635
0 0.701496 0.239082 0.015218 0.017569
0 0.696865 0.758455 0.019683 0.023386
0 0.701870 0.053960 0.017780 0.023367
0 0.347477 0.809104 0.017260 0.020714
0 0.142855 0.105940 0.016852 0.021653
0 0.532480 0.525060 0.015460 0.020428
0 0.729443 0.250789 0.019250 0.025143
0 0.801675 0.763961 0.018679 0.020755
0 0.036987 0.532449 0.017020 0.022273
0 0.447682 0.609936 0.017597 0.022186
0 0.128717 0.229405 0.017807 0.022202
0 0.626487 0.061409 0.017273 0.021375
0 0.493613 0.300219 0.017446 0.021266
0 0.238718 0.865676 0.016861 0.021572
0 0.147678 0.438417 0.015729 0.020138
0 0.891698 0.683362 0.019874 0.024823
0 0.685519 0.952735 0.019148 0.024093
0 0.549695 0.306482 0.018859 0.023712
0 0.230617 0.365325 0.015683 0.020413
0 0.385488 0.016552 0.016049 0.019973
0 0.169165 0.398466 0.022055 0.019390
0 0.992941 0.772572 0.014117 0.023995
0 0.323832 0.734715 0.015148 0.018373
0 0.049409 0.380555 0.017552 0.021188
0 0.377610 0.656635 0.016084 0.019791
0 0.546107 0.438124 0.016752 0.020035
0 0.237978 0.336443 0.018060 0.020698
0 0.324968 0.557522 0.018528 0.022820
0 0.958860 0.174108 0.015306 0.018144
0 0.820331 0.666760 0.017894 0.019685
0 0.974195 0.135894 0.015765 0.021205
0 0.892700 0.620120 0.017785 0.021073
0 0.230256 0.421397 0.017534 0.020784
0 0.759602 0.641543 0.019530 0.020581
0 0.396756 0.861983 0.015235 0.018513
0 0.514813 0.735903 0.016721 0.020149
0 0.059175 0.418606 0.016031 0.020434
0 0.646310 0.538155 0.016533 0.019967
0 0.423195 0.451640 0.015994 0.019722
0 0.309443 0.616708 0.019436 0.025522
0 0.559557 0.102878 0.015720 0.020573
0 0.488125 0.968879 0.018132 0.019954
0 0.247250 0.691581 0.014876 0.018889
0 0.654688 0.674797 0.015603 0.018524
0 0.996676 0.126475 0.006648 0.021534
0 0.815540 0.046331 0.016612 0.022015
0 0.962020 0.238033 0.015934 0.019421
0 0.159234 0.561925 0.017143 0.023054
0 0.003309 0.131324 0.006618 0.017558
0 0.021077 0.791839 0.012948 0.015772
0 0.308325 0.613560 0.022618 0.032230
0 0.438925 0.980430 0.016793 0.020423
0 0.917089 0.059209 0.018004 0.023250
0 0.152780 0.570364 0.013965 0.014318
0 0.268591 0.108313 0.017177 0.020307
0 0.436591 0.233633 0.018840 0.022143
0 0.535015 0.031923 0.014244 0.016942
0 0.644232 0.799278 0.012157 0.016245
0 0.583436 0.081282 0.011874 0.015230
0 0.435410 0.237591 0.021054 0.028426
0 0.074094 0.209698 0.013837 0.015605
0 0.701962 0.238338 0.018289 0.021425
0 0.564557 0.491829 0.014880 0.018213
0 0.266304 0.111000 0.020234 0.024601
0 0.348119 0.849321 0.014054 0.015467
