0 0.624986 0.789783 0.027727 0.027731
0 0.325459 0.269846 0.015101 0.018648
0 0.982225 0.807357 0.018600 0.024595
0 0.263670 0.740814 0.015802 0.020558
0 0.452489 0.357600 0.020335 0.024621
0 0.239375 0.742340 0.015741 0.019797
0 0.208582 0.748510 0.015566 0.019538
0 0.326584 0.967167 0.017765 0.021945
0 0.454543 0.227977 0.017654 0.022526
0 0.639579 0.306898 0.018329 0.021934
0 0.772492 0.379961 0.020949 0.021428
0 0.772217 0.209931 0.017730 0.019173
0 0.026339 0.438346 0.014246 0.018608
0 0.436555 0.565354 0.016508 0.019354
0 0.157368 0.889157 0.019525 0.024206
0 0.237700 0.554686 0.019299 0.024649
0 0.130016 0.388412 0.016854 0.019901
0 0.460467 0.117022 0.019308 0.022216
0 0.660466 0.294623 0.016965 0.021873
0 0.487529 0.461957 0.017330 0.022296
0 0.125552 0.281581 0.020015 0.023381
0 0.866253 0.632008 0.019461 0.024829
0 0.443192 0.317495 0.016142 0.021486
0 0.091721 0.504305 0.018506 0.024392
0 0.868872 0.881724 0.016762 0.021193
0 0.024125 0.263363 0.018243 0.021006
0 0.833768 0.104804 0.018721 0.022893
0 0.976498 0.295044 0.019004 0.025304
0 0.771550 0.101110 0.018784 0.023354
0 0.915617 0.885492 0.017014 0.022273
0 0.135061 0.229681 0.022181 0.023895
0 0.131973 0.917266 0.019744 0.025623
0 0.606117 0.054686 0.016990 0.021554
0 0.933583 0.149993 0.020547 0.024563
0 0.925223 0.551886 0.017952 0.021438
0 0.356404 0.068335 0.018932 0.025938
0 0.894960 0.922866 0.015947 0.019591
0 0.043935 0.419425 0.015984 0.019743
0 0.309208 0.990676 0.015168 0.015100
0 0.635274 0.841477 0.018204 0.022697
0 0.266609 0.572382 0.014681 0.019675
0 0.356191 0.550623 0.019694 0.022184
0 0.335165 0.225992 0.018104 0.022544
0 0.184492 0.258134 0.016605 0.021028
0 0.852843 0.380693 0.017565 0.021061
0 0.776450 0.466845 0.018969 0.023066
0 0.080798 0.931046 0.017887 0.021469
0 0.317548 0.244404 0.016292 0.019693
0 0.799329 0.868197 0.018795 0.024277
0 0.480928 0.149327 0.018086 0.022876
0 0.802651 0.086062 0.018196 0.019288
0 0.321420 0.432402 0.022574 0.028359
0 0.305707 0.155630 0.017677 0.021103
0 0.075076 0.307897 0.019031 0.025907
0 0.474438 0.712089 0.018170 0.022120
0 0.113090 0.315879 0.017472 0.021310
0 0.933397 0.219749 0.017743 0.022653
0 0.041515 0.456359 0.016536 0.019009
0 0.065150 0.467314 0.014969 0.019616
0 0.776262 0.237561 0.018535 0.023081
0 0.888292 0.286988 0.022514 0.021497
0 0.674643 0.653998 0.018368 0.023504
0 0.031617 0.180797 0.018229 0.021520
0 0.312438 0.855665 0.019273 0.025189
0 0.004669 0.030515 0.009339 0.024141
0 0.521332 0.410710 0.019817 0.024222
0 0.527157 0.698163 0.016404 0.021573
0 0.639062 0.502732 0.019762 0.024094
0 0.302924 0.265945 0.018390 0.022844
0 0.580754 0.095604 0.017178 0.021965
0 0.606498 0.153175 0.015883 0.020654
0 0.085540 0.240555 0.018784 0.024750
0 0.278056 0.187063 0.014934 0.018825
0 0.116686 0.208031 0.016605 0.019446
0 0.554443 0.159557 0.014581 0.017952
0 0.088981 0.282130 0.018439 0.021612
0 0.371341 0.403581 0.017576 0.019342
0 0.252130 0.949767 0.017259 0.022523
0 0.398091 0.268478 0.016859 0.019874
0 0.541244 0.657857 0.016275 0.019542
0 0.885551 0.419092 0.019189 0.024785
0 0.209336 0.929781 0.018270 0.021364
0 0.331723 0.297813 0.016970 0.022009
0 0.804570 0.354780 0.018185 0.022059
0 0.469615 0.477023 0.016683 0.021050
0 0.090126 0.875689 0.020616 0.022979
0 0.431503 0.669245 0.018452 0.020936
0 0.180558 0.720595 0.027046 0.037089
0 0.932207 0.677824 0.018578 0.020980
0 0.016995 0.409161 0.015704 0.019091
0 0.896028 0.111646 0.021262 0.024366
0 0.993908 0.246925 0.012184 0.020540
0 0.479779 0.260042 0.014501 0.017895
0 0.601109 0.640468 0.011386 0.014364
0 0.995454 0.842570 0.009092 0.015552
0 0.190177 0.721945 0.017445 0.027877
0 0.549764 0.078380 0.014338 0.017433
0 0.546915 0.086854 0.017140 0.023518
