0 0.952590 0.815246 0.016169 0.020184
0 0.704487 0.272696 0.015437 0.020828
0 0.681780 0.122575 0.015322 0.019957
0 0.699824 0.764794 0.015922 0.019605
0 0.701798 0.738443 0.016614 0.019648
0 0.556179 0.526957 0.026206 0.035440
0 0.374538 0.948207 0.019005 0.024287
0 0.982422 0.648957 0.017309 0.021875
0 0.249358 0.388052 0.016339 0.021254
0 0.720532 0.255190 0.015338 0.021274
0 0.212151 0.323348 0.021479 0.028123
0 0.719424 0.753650 0.014617 0.019561
0 0.842911 0.949318 0.013641 0.017069
0 0.477103 0.423621 0.018320 0.021355
0 0.732201 0.985709 0.016054 0.019526
0 0.943961 0.335998 0.018106 0.019722
0 0.927123 0.772719 0.014497 0.018611
0 0.379466 0.664239 0.017556 0.022105
0 0.348247 0.811168 0.015148 0.018948
0 0.490642 0.460916 0.017268 0.021032
0 0.433115 0.754273 0.016514 0.021758
0 0.923050 0.714096 0.014225 0.018015
0 0.091216 0.369110 0.020202 0.023648
0 0.341100 0.434572 0.019709 0.024133
0 0.903661 0.773258 0.018777 0.024592
0 0.901001 0.475443 0.020597 0.021892
0 0.314807 0.555439 0.016359 0.019354
0 0.166290 0.021748 0.017489 0.021984
0 0.618483 0.852755 0.011385 0.014970
0 0.244702 0.652270 0.017376 0.020488
0 0.867629 0.948296 0.015181 0.021035
0 0.795504 0.010043 0.017061 0.015977
0 0.414131 0.090743 0.018730 0.022240
0 0.796909 0.733897 0.019375 0.023447
0 0.683147 0.285960 0.015408 0.019930
0 0.603418 0.859943 0.016987 0.021418
0 0.075562 0.175270 0.016232 0.020394
0 0.076194 0.284245 0.014971 0.016785
0 0.838087 0.972803 0.015909 0.019006
0 0.796685 0.822611 0.019084 0.022967
0 0.662715 0.672017 0.017488 0.019578
0 0.149734 0.444872 0.017959 0.023703
0 0.244526 0.679579 0.016032 0.020020
0 0.292957 0.132423 0.016774 0.020502
0 0.286945 0.978776 0.016028 0.018773
0 0.360131 0.828176 0.015580 0.020096
0 0.238377 0.316325 0.017034 0.024136
0 0.335903 0.290734 0.018198 0.020893
0 0.678306 0.960497 0.017015 0.020884
0 0.134512 0.363800 0.019749 0.024597
0 0.231547 0.368420 0.016920 0.023321
0 0.808925 0.503255 0.014671 0.018095
0 0.420336 0.358778 0.016830 0.020373
0 0.900266 0.351636 0.017267 0.021878
0 0.944985 0.457418 0.014436 0.018854
0 0.434354 0.244818 0.015193 0.019065
0 0.688000 0.712384 0.018551 0.021076
0 0.438327 0.619868 0.017188 0.020498
0 0.305992 0.580070 0.017477 0.019614
0 0.415208 0.551040 0.018845 0.023355
0 0.933030 0.878183 0.014084 0.018189
0 0.057082 0.360036 0.019357 0.020754
0 0.960260 0.688821 0.014864 0.018241
0 0.421708 0.868896 0.016328 0.020742
0 0.780073 0.457709 0.017929 0.025660
0 0.970286 0.771626 0.015424 0.018788
0 0.403913 0.234000 0.017751 0.023852
0 0.211367 0.696076 0.017490 0.020298
0 0.752550 0.652868 0.014474 0.018665
0 0.081127 0.251179 0.016592 0.020887
0 0.591091 0.716796 0.017248 0.021566
0 0.962646 0.180465 0.014017 0.016609
0 0.597538 0.185783 0.017992 0.020327
0 0.979765 0.782755 0.013333 0.018034
0 0.904270 0.730877 0.015281 0.018690
0 0.619972 0.062619 0.018322 0.021398
0 0.460182 0.945375 0.016725 0.019690
0 0.589362 0.382170 0.014402 0.018006
0 0.784648 0.537964 0.015933 0.020659
0 0.049389 0.384803 0.014401 0.019707
0 0.258556 0.672652 0.013459 0.019080
0 0.665717 0.117646 0.013679 0.018727
0 0.384863 0.844086 0.016438 0.020026
0 0.902223 0.260293 0.016434 0.019836
0 0.921185 0.461257 0.013484 0.019702
0 0.911464 0.820146 0.013996 0.016758
0 0.349619 0.735057 0.022109 0.022244
0 0.349047 0.544048 0.015412 0.018525
0 0.556309 0.315793 0.018628 0.022876
0 0.433081 0.430774 0.016382 0.020006
0 0.693789 0.058609 0.017378 0.020111
0 0.254093 0.525250 0.017094 0.020586
0 0.728348 0.928787 0.012498 0.017351
0 0.089022 0.931070 0.017250 0.023178
0 0.850969 0.569809 0.017580 0.021957
0 0.347169 0.024656 0.013720 0.016500
0 0.880190 0.944123 0.015699 0.020885
0 0.368497 0.007436 0.015640 0.012516
0 0.946927 0.309639 0.017032 0.019023
0 0.196594 0.528887 0.013956 0.017827
0 0.846785 0.080727 0.012238 0.014819
0 0.960731 0.970402 0.017706 0.024230
0 0.217219 0.450746 0.016499 0.020388
0 0.477339 0.303013 0.016295 0.019876
0 0.994405 0.162326 0.011189 0.017176
0 0.399947 0.314517 0.013592 0.016746
0 0.614568 0.316849 0.012166 0.013116
0 0.300838 0.048337 0.016892 0.022233
0 0.518578 0.742036 0.014672 0.018661
0 0.689275 0.557458 0.020293 0.024600
0 0.558470 0.980655 0.015577 0.018336
0 0.145434 0.114017 0.016200 0.020421
0 0.271399 0.941631 0.014695 0.018592
0 0.995909 0.316472 0.008182 0.020663
0 0.037611 0.873974 0.018054 0.020763
0 0.228886 0.006913 0.012802 0.011271
0 0.424959 0.467751 0.015980 0.018107
0 0.904262 0.160037 0.015063 0.019301
0 0.702723 0.249408 0.011228 0.015150
0 0.965642 0.150661 0.017322 0.021378
0 0.559756 0.456965 0.015089 0.020603
0 0.325645 0.104364 0.017685 0.019840
0 0.914202 0.409906 0.015872 0.021098
0 0.962022 0.469338 0.015723 0.019080
0 0.996564 0.778304 0.006871 0.022554
0 0.992759 0.474454 0.014355 0.020390
0 0.122971 0.661833 0.016335 0.020956
0 0.547692 0.442464 0.014791 0.020875
0 0.990562 0.625155 0.016896 0.016893
0 0.132971 0.556786 0.016040 0.023105
0 0.247857 0.826936 0.017066 0.020553
0 0.607840 0.971901 0.013010 0.016080
0 0.941318 0.800660 0.014396 0.017992
0 0.424345 0.149976 0.017627 0.020280
0 0.060433 0.420385 0.015444 0.018719
0 0.361429 0.468779 0.016237 0.019098
0 0.113055 0.486215 0.017395 0.016373
0 0.352205 0.484213 0.013283 0.017165
0 0.417276 0.750752 0.011576 0.016883
0 0.056878 0.583510 0.010772 0.013643
0 0.876383 0.943870 0.022415 0.022603
0 0.139963 0.132389 0.011612 0.015577
0 0.298933 0.284263 0.015974 0.017971
0 0.203043 0.566916 0.011607 0.015294
0 0.066520 0.377695 0.011992 0.018279
0 0.267014 0.115112 0.015570 0.016220
0 0.292374 0.560300 0.014883 0.023004
0 0.243199 0.648004 0.019562 0.028398
0 0.978867 0.779721 0.014393 0.021683
0 0.358702 0.473833 0.019770 0.025948
0 0.533599 0.535171 0.014353 0.019011
0 0.415770 0.853469 0.015251 0.016042
0 0.318237 0.561160 0.019129 0.024167
0 0.882225 0.942518 0.012886 0.018872
0 0.877909 0.998249 0.018991 0.003502
0 0.872029 0.945909 0.023761 0.023424
0 0.961189 0.965797 0.019236 0.030973
0 0.413472 0.086556 0.020718 0.027816
0 0.240392 0.641952 0.017927 0.021336
0 0.149889 0.018187 0.012702 0.020799
