0 0.559172 0.520824 0.022483 0.029665
0 0.530093 0.044813 0.016875 0.019365
0 0.522558 0.018880 0.016209 0.019340
0 0.702544 0.266506 0.018348 0.022669
0 0.421093 0.572721 0.015050 0.018979
0 0.214153 0.315983 0.020896 0.025220
0 0.436461 0.102850 0.017468 0.025615
0 0.726829 0.250019 0.018189 0.025706
0 0.421249 0.843865 0.017887 0.020051
0 0.553278 0.465384 0.016937 0.017872
0 0.413135 0.105808 0.018724 0.024352
0 0.438380 0.743582 0.016523 0.019352
0 0.580702 0.477159 0.016815 0.022288
0 0.931730 0.908573 0.021270 0.024118
0 0.252609 0.515403 0.018858 0.023693
0 0.317626 0.594601 0.017615 0.023438
0 0.803894 0.760720 0.018486 0.020698
0 0.905175 0.771580 0.019872 0.023675
0 0.423698 0.542881 0.018360 0.021916
0 0.851883 0.565913 0.019220 0.022567
0 0.979950 0.855315 0.016811 0.020591
0 0.437364 0.878791 0.018109 0.021493
0 0.985705 0.645730 0.017044 0.022951
0 0.141513 0.358473 0.017515 0.021261
0 0.386004 0.014352 0.015369 0.018910
0 0.507805 0.862518 0.017329 0.023861
0 0.422181 0.146542 0.018096 0.022444
0 0.682287 0.116452 0.016251 0.020340
0 0.166343 0.013192 0.020416 0.022503
0 0.410507 0.228489 0.017036 0.021254
0 0.320196 0.816852 0.016108 0.020717
0 0.310279 0.121786 0.014515 0.019604
0 0.901492 0.721822 0.019404 0.022743
0 0.686983 0.707495 0.018571 0.023516
0 0.827044 0.841771 0.017487 0.022126
0 0.298044 0.283982 0.015711 0.020729
0 0.791673 0.820734 0.020049 0.025701
0 0.346449 0.803995 0.015685 0.019192
0 0.826365 0.011397 0.015440 0.018714
0 0.533579 0.528181 0.014990 0.019128
0 0.433672 0.242844 0.015086 0.015166
0 0.361551 0.474441 0.015226 0.019609
0 0.946156 0.448258 0.019076 0.023113
0 0.041720 0.584499 0.024296 0.027661
0 0.149394 0.438815 0.016749 0.020572
0 0.894348 0.681632 0.018799 0.023381
0 0.942733 0.325163 0.017724 0.021805
0 0.757428 0.640370 0.017253 0.019682
0 0.249684 0.381857 0.016076 0.020209
0 0.563516 0.093967 0.013982 0.017614
0 0.700869 0.050519 0.017320 0.021066
0 0.475212 0.887910 0.018369 0.021682
0 0.336845 0.281393 0.015011 0.018672
0 0.142889 0.106332 0.017128 0.021574
0 0.337797 0.142296 0.018676 0.023688
0 0.559316 0.486164 0.015177 0.018198
0 0.246369 0.326812 0.019084 0.022453
0 0.130079 0.224540 0.016466 0.020451
0 0.048467 0.701853 0.016477 0.022221
0 0.778515 0.447884 0.018782 0.022988
0 0.959145 0.958616 0.018065 0.024749
0 0.230710 0.421887 0.015041 0.018559
0 0.911054 0.167602 0.016736 0.020166
0 0.215579 0.446809 0.017717 0.020518
0 0.273948 0.662520 0.017789 0.021313
0 0.048927 0.379282 0.016342 0.019931
0 0.183792 0.311041 0.013825 0.017137
0 0.492721 0.297771 0.016390 0.020453
0 0.323588 0.555269 0.019724 0.023205
0 0.378569 0.656321 0.015397 0.018601
0 0.627764 0.060283 0.017078 0.020551
0 0.547307 0.436629 0.015555 0.017972
0 0.489259 0.455931 0.016600 0.021160
0 0.425140 0.451931 0.016082 0.020072
0 0.515513 0.736125 0.014930 0.019059
0 0.441639 0.609054 0.018921 0.021794
0 0.973622 0.113493 0.015906 0.021599
0 0.480004 0.520109 0.019575 0.023370
0 0.624541 0.097578 0.014352 0.017154
0 0.959853 0.237676 0.012474 0.015964
0 0.331809 0.698881 0.013470 0.017203
0 0.604328 0.850917 0.019245 0.025699
0 0.684074 0.284364 0.016295 0.019406
0 0.117705 0.327958 0.019876 0.022420
0 0.909960 0.978307 0.015974 0.017915
0 0.697824 0.758684 0.018116 0.021547
0 0.106088 0.465078 0.017925 0.021166
0 0.607815 0.175414 0.016967 0.021905
0 0.245624 0.836172 0.015834 0.018260
0 0.487634 0.969086 0.016790 0.019020
0 0.438931 0.398538 0.017115 0.022049
0 0.681469 0.952254 0.019581 0.022925
0 0.026278 0.890999 0.013526 0.015525
0 0.960007 0.173951 0.015054 0.017634
0 0.037734 0.532430 0.016380 0.022566
0 0.230891 0.364306 0.016858 0.021767
0 0.911150 0.048857 0.017839 0.028315
0 0.993917 0.770665 0.012166 0.024399
0 0.551651 0.305818 0.020324 0.024163
0 0.654257 0.497328 0.015344 0.018309
0 0.015306 0.129743 0.014765 0.018082
0 0.058798 0.418472 0.016215 0.020475
0 0.816596 0.640614 0.016675 0.019844
0 0.322454 0.101927 0.017420 0.022064
0 0.888843 0.612855 0.015321 0.019593
0 0.437193 0.227777 0.014796 0.016435
0 0.253297 0.684424 0.011417 0.015621
0 0.158041 0.560315 0.016879 0.025459
0 0.702212 0.238957 0.011539 0.014739
0 0.665856 0.645267 0.013107 0.014717
0 0.996546 0.125304 0.006909 0.020350
0 0.175484 0.384831 0.016069 0.016790
0 0.587378 0.020474 0.013524 0.015119
0 0.301696 0.593229 0.012772 0.018298
0 0.438772 0.977565 0.015695 0.019732
0 0.584263 0.081243 0.011418 0.015034
0 0.398640 0.862071 0.014190 0.017933
0 0.155742 0.569434 0.017214 0.018259
0 0.266170 0.111912 0.018202 0.021503
0 0.084294 0.196376 0.013887 0.017282
0 0.049833 0.769741 0.012503 0.015632
0 0.183515 0.383832 0.013841 0.016179
0 0.050274 0.572212 0.012012 0.014087
0 0.231257 0.421734 0.017521 0.022885
0 0.670346 0.522150 0.012269 0.013534
0 0.435866 0.230505 0.016588 0.021532
0 0.310616 0.594040 0.027124 0.023037
0 0.435205 0.234834 0.017193 0.029042
