0 0.913263 0.883546 0.017309 0.021915
0 0.122642 0.910506 0.016926 0.022893
0 0.234888 0.553503 0.019640 0.024448
0 0.513678 0.721609 0.016987 0.022071
0 0.236901 0.741180 0.015482 0.020857
0 0.844664 0.328712 0.020480 0.026847
0 0.224384 0.013812 0.019203 0.023045
0 0.145926 0.921477 0.017190 0.021408
0 0.035741 0.325238 0.017522 0.022280
0 0.637320 0.300721 0.017974 0.021128
0 0.443202 0.311802 0.017767 0.021403
0 0.976769 0.296461 0.020846 0.022867
0 0.848555 0.546956 0.019733 0.023385
0 0.005214 0.735380 0.010423 0.021986
0 0.713578 0.078114 0.020727 0.023431
0 0.316566 0.270822 0.014018 0.019208
0 0.735949 0.549378 0.020208 0.025641
0 0.156106 0.889277 0.019495 0.025247
0 0.234396 0.141403 0.018297 0.022087
0 0.354591 0.264322 0.021765 0.026004
0 0.714623 0.278454 0.015478 0.019885
0 0.226414 0.792827 0.019386 0.023062
0 0.647927 0.367526 0.017977 0.021943
0 0.206878 0.740360 0.015697 0.018583
0 0.096129 0.164701 0.015861 0.020055
0 0.340771 0.828660 0.018073 0.022146
0 0.366876 0.359288 0.019701 0.023441
0 0.686587 0.076333 0.017811 0.023705
0 0.485975 0.477870 0.019776 0.024050
0 0.948692 0.418871 0.016653 0.020614
0 0.642084 0.259298 0.017289 0.022005
0 0.731958 0.396768 0.017306 0.021941
0 0.769721 0.209136 0.018075 0.019444
0 0.372091 0.173907 0.019006 0.023570
0 0.427026 0.675008 0.016001 0.019859
0 0.503772 0.085808 0.016754 0.022045
0 0.386707 0.633790 0.016734 0.021312
0 0.824913 0.989914 0.019408 0.017265
0 0.088243 0.502680 0.020179 0.022686
0 0.543320 0.659275 0.016433 0.020321
0 0.426169 0.096641 0.017630 0.022601
0 0.079275 0.272992 0.016831 0.020949
0 0.440699 0.456680 0.017017 0.021627
0 0.339971 0.059686 0.018519 0.021864
0 0.318737 0.395982 0.018667 0.021292
0 0.797625 0.867888 0.019418 0.023539
0 0.315813 0.240355 0.017050 0.018876
0 0.072417 0.304958 0.019746 0.026396
0 0.464078 0.006923 0.016209 0.013046
0 0.126086 0.807259 0.017486 0.022155
0 0.774905 0.234030 0.017716 0.021911
0 0.029212 0.177214 0.017100 0.021436
0 0.263221 0.738265 0.015344 0.020491
0 0.301516 0.152096 0.017500 0.020740
0 0.366279 0.898974 0.017266 0.019872
0 0.520319 0.408903 0.017175 0.023483
0 0.323726 0.767740 0.016302 0.020872
0 0.868938 0.876475 0.017220 0.021052
0 0.275207 0.162258 0.014879 0.018062
0 0.758502 0.768954 0.017020 0.020452
0 0.247999 0.456338 0.018569 0.022560
0 0.124779 0.281558 0.018812 0.023602
0 0.692128 0.319887 0.021023 0.030642
0 0.031494 0.961777 0.016672 0.021523
0 0.091244 0.919130 0.017410 0.022282
0 0.370553 0.464116 0.015271 0.018229
0 0.865887 0.249982 0.019945 0.022050
0 0.286457 0.824467 0.018525 0.022148
0 0.996123 0.413512 0.007755 0.021272
0 0.509463 0.199370 0.016697 0.021306
0 0.884320 0.417507 0.019135 0.022149
0 0.555182 0.147180 0.015153 0.018759
0 0.798228 0.083592 0.018323 0.021157
0 0.128651 0.765169 0.016666 0.019044
0 0.331496 0.294173 0.015176 0.020486
0 0.042974 0.415311 0.018345 0.022739
0 0.995609 0.078846 0.008781 0.023932
0 0.004242 0.218140 0.008484 0.023920
0 0.870275 0.631186 0.018078 0.025148
0 0.933476 0.219912 0.018815 0.022024
0 0.296982 0.258753 0.017049 0.022589
0 0.179300 0.323708 0.021997 0.027069
0 0.175865 0.121747 0.015415 0.018380
0 0.460370 0.676331 0.020163 0.039441
0 0.640418 0.505621 0.018046 0.022704
0 0.268986 0.574826 0.015340 0.019653
0 0.017440 0.146095 0.014313 0.017386
0 0.086390 0.864552 0.018593 0.023640
0 0.157677 0.787985 0.013883 0.017216
0 0.602205 0.152616 0.016544 0.020061
0 0.522024 0.692964 0.018269 0.022164
0 0.933295 0.678592 0.017854 0.019686
0 0.577677 0.010359 0.018500 0.020024
0 0.996802 0.610415 0.006395 0.018833
0 0.473141 0.257830 0.013903 0.019038
0 0.991536 0.242425 0.016312 0.017427
0 0.459017 0.687402 0.015757 0.017914
0 0.622060 0.989121 0.014953 0.016354
0 0.177674 0.711452 0.018009 0.019328
0 0.003556 0.027441 0.007075 0.026576
0 0.896040 0.109205 0.019155 0.021410
0 0.181263 0.718516 0.020401 0.029819
0 0.047920 0.196919 0.017563 0.025238
0 0.996152 0.839338 0.007696 0.014495
0 0.180623 0.713286 0.019366 0.022776
