0 0.644553 0.084890 0.025519 0.028933
0 0.521794 0.968972 0.022325 0.027051
0 0.402618 0.011122 0.014081 0.017138
0 0.159024 0.042173 0.021115 0.026047
0 0.802984 0.894191 0.019065 0.025255
0 0.654065 0.657592 0.018100 0.022641
0 0.876008 0.199978 0.022395 0.026018
0 0.255581 0.471553 0.018864 0.025831
0 0.488253 0.127760 0.018882 0.022981
0 0.499730 0.086674 0.017108 0.021516
0 0.794395 0.659615 0.017599 0.022763
0 0.885689 0.532916 0.020494 0.023396
0 0.317180 0.017333 0.015403 0.020749
0 0.288568 0.390159 0.019137 0.023007
0 0.073996 0.028418 0.016290 0.022368
0 0.522369 0.627462 0.019103 0.025478
0 0.126182 0.682798 0.017376 0.022669
0 0.858578 0.515276 0.018294 0.023005
0 0.024730 0.897554 0.016777 0.021503
0 0.943879 0.900258 0.019662 0.022098
0 0.649304 0.848125 0.020528 0.027302
0 0.922077 0.988546 0.015689 0.017859
0 0.044734 0.938183 0.017852 0.023295
0 0.741793 0.223680 0.020461 0.025073
0 0.478042 0.051926 0.017334 0.023111
0 0.820746 0.335081 0.021269 0.025760
0 0.035196 0.415513 0.015922 0.020366
0 0.137832 0.079983 0.017913 0.021035
0 0.731015 0.573763 0.017054 0.021561
0 0.278882 0.460518 0.018483 0.024144
0 0.763364 0.055540 0.019804 0.024538
0 0.925457 0.123407 0.018956 0.024709
0 0.684772 0.710523 0.018980 0.024160
0 0.141315 0.237309 0.016680 0.021193
0 0.334820 0.107428 0.018433 0.021932
0 0.846914 0.989943 0.014663 0.015741
0 0.489937 0.599976 0.016632 0.021734
0 0.392385 0.653793 0.015311 0.020919
0 0.093147 0.476080 0.019141 0.023660
0 0.103790 0.033122 0.016844 0.021864
0 0.126141 0.494469 0.016996 0.022920
0 0.874777 0.718866 0.018284 0.023589
0 0.469364 0.586710 0.017404 0.023196
0 0.318021 0.042219 0.015212 0.019831
0 0.357351 0.043446 0.016349 0.020385
0 0.805962 0.042011 0.017858 0.028295
0 0.825696 0.991422 0.015839 0.014670
0 0.059635 0.088993 0.016762 0.021258
0 0.053413 0.537562 0.018638 0.023139
0 0.853774 0.811356 0.020112 0.022969
0 0.044346 0.120164 0.018365 0.022726
0 0.365992 0.890241 0.019490 0.025019
0 0.795822 0.799024 0.018899 0.022790
0 0.046349 0.904355 0.014429 0.017386
0 0.201113 0.474887 0.018552 0.024094
0 0.296092 0.027011 0.016743 0.022127
0 0.299181 0.099445 0.016517 0.019972
0 0.756659 0.568611 0.018626 0.025103
0 0.720677 0.533002 0.019462 0.024452
0 0.657996 0.705606 0.016476 0.020103
0 0.460531 0.263315 0.019619 0.023781
0 0.238956 0.914502 0.017736 0.021051
0 0.011122 0.411833 0.017130 0.020224
0 0.684765 0.587560 0.018182 0.026794
0 0.815993 0.650594 0.017421 0.021440
0 0.540359 0.439093 0.018040 0.022778
0 0.374810 0.645615 0.013904 0.020453
0 0.691388 0.864832 0.016099 0.022696
0 0.491128 0.520582 0.018661 0.023167
0 0.723345 0.100031 0.018057 0.022770
0 0.824188 0.912727 0.016990 0.020441
0 0.396574 0.086877 0.016668 0.019777
0 0.078243 0.859461 0.019185 0.022336
0 0.398353 0.937477 0.017454 0.021282
0 0.553936 0.157912 0.020792 0.024081
0 0.979739 0.466003 0.018512 0.022175
0 0.553329 0.814598 0.018461 0.021966
0 0.229708 0.590966 0.016521 0.023627
0 0.894914 0.506007 0.020220 0.024450
0 0.787769 0.082355 0.020247 0.026838
0 0.659058 0.318496 0.018103 0.021856
0 0.088427 0.261601 0.019535 0.022350
0 0.225819 0.233184 0.018699 0.024086
0 0.535881 0.219714 0.018520 0.022601
0 0.582768 0.325263 0.019937 0.024634
0 0.858816 0.673451 0.017825 0.021628
0 0.446907 0.663402 0.019984 0.023926
0 0.878222 0.966684 0.015113 0.020184
0 0.219003 0.334907 0.018118 0.022036
0 0.312920 0.837229 0.017407 0.021223
0 0.134826 0.644091 0.013471 0.016053
0 0.714148 0.591849 0.015811 0.021767
0 0.199061 0.514578 0.018477 0.024562
0 0.276063 0.871728 0.015804 0.020026
0 0.334756 0.052062 0.014191 0.020641
0 0.095853 0.005741 0.016217 0.011482
0 0.897276 0.959885 0.015950 0.020382
0 0.502387 0.390346 0.017809 0.024467
0 0.821795 0.968864 0.017107 0.022015
0 0.423083 0.011200 0.014203 0.018395
0 0.471551 0.145317 0.017546 0.021647
0 0.682586 0.993373 0.019920 0.012826
0 0.666970 0.682741 0.016868 0.020414
0 0.610411 0.116519 0.018081 0.022920
0 0.789443 0.289180 0.017141 0.022571
0 0.383367 0.007079 0.016646 0.013262
0 0.333405 0.670847 0.016704 0.019427
0 0.339206 0.025027 0.016396 0.019773
0 0.896224 0.988555 0.016617 0.018588
0 0.239051 0.805602 0.018802 0.022532
0 0.477401 0.240094 0.015509 0.018759
0 0.547961 0.875536 0.014882 0.018925
0 0.877714 0.692319 0.015587 0.019495
0 0.202057 0.664295 0.017053 0.020262
0 0.039856 0.877833 0.014103 0.016400
0 0.426738 0.038205 0.020711 0.023634
0 0.443213 0.351310 0.016245 0.022350
0 0.530465 0.693900 0.019312 0.024364
0 0.669996 0.869068 0.015164 0.019795
0 0.528204 0.043195 0.013867 0.016033
0 0.283786 0.668562 0.013259 0.016602
0 0.076600 0.079781 0.013590 0.020117
0 0.003010 0.782410 0.006020 0.019639
0 0.332962 0.006089 0.012917 0.012177
0 0.393436 0.146624 0.012320 0.014222
0 0.374065 0.976921 0.015063 0.019584
0 0.981483 0.099732 0.014996 0.016688
0 0.008703 0.534646 0.013234 0.016624
0 0.187051 0.254258 0.014615 0.017640
0 0.225133 0.010707 0.013467 0.018556
0 0.494384 0.436408 0.014597 0.017805
0 0.388602 0.811169 0.014462 0.018826
0 0.369236 0.956309 0.013717 0.016210
