0 0.983851 0.292790 0.018168 0.021976
0 0.246407 0.744350 0.014402 0.018460
0 0.077691 0.307015 0.021385 0.027368
0 0.405021 0.687020 0.017269 0.022499
0 0.555564 0.119377 0.020464 0.026035
0 0.298445 0.441542 0.017250 0.023285
0 0.893133 0.288867 0.019546 0.023236
0 0.922264 0.886878 0.016552 0.020621
0 0.685887 0.639201 0.020646 0.028315
0 0.223578 0.753770 0.015709 0.020552
0 0.654788 0.316314 0.018155 0.021177
0 0.094838 0.871070 0.022933 0.027142
0 0.327173 0.457963 0.018443 0.023078
0 0.357294 0.303150 0.016483 0.020820
0 0.421502 0.599587 0.017043 0.021089
0 0.894060 0.704492 0.019324 0.025946
0 0.215954 0.874282 0.020861 0.020788
0 0.512218 0.372104 0.020914 0.024555
0 0.438044 0.506619 0.017849 0.024787
0 0.270223 0.740884 0.015416 0.020586
0 0.468624 0.795958 0.017653 0.023685
0 0.132850 0.554754 0.020093 0.024374
0 0.875968 0.880888 0.017783 0.022087
0 0.778591 0.212344 0.015871 0.018413
0 0.783401 0.240453 0.017663 0.021481
0 0.530379 0.696798 0.018405 0.021685
0 0.874684 0.637794 0.019151 0.023857
0 0.312579 0.267140 0.018760 0.023762
0 0.313270 0.160979 0.018728 0.021558
0 0.318696 0.856283 0.020807 0.027486
0 0.049638 0.419928 0.017256 0.022508
0 0.928684 0.309691 0.019128 0.023721
0 0.970363 0.848942 0.018927 0.024253
0 0.008835 0.108107 0.016790 0.022046
0 0.325491 0.244472 0.018795 0.023686
0 0.038668 0.182542 0.019871 0.025423
0 0.980014 0.175065 0.018452 0.022568
0 0.244555 0.556955 0.018404 0.024211
0 0.776177 0.382510 0.020179 0.021785
0 0.622747 0.350118 0.017853 0.023532
0 0.438848 0.398191 0.016687 0.020342
0 0.131937 0.289011 0.020797 0.025677
0 0.514775 0.295945 0.019145 0.022406
0 0.757470 0.858786 0.019577 0.027053
0 0.163841 0.898398 0.021196 0.027250
0 0.271413 0.708603 0.017826 0.021860
0 0.333225 0.100057 0.020612 0.021172
0 0.551621 0.660299 0.016571 0.021388
0 0.135941 0.741645 0.016972 0.022185
0 0.667083 0.626209 0.015967 0.023109
0 0.486135 0.149075 0.017310 0.022912
0 0.450072 0.317257 0.016165 0.021104
0 0.245557 0.363616 0.021650 0.027523
0 0.764022 0.610959 0.018107 0.023169
0 0.097832 0.506940 0.018842 0.023384
0 0.888412 0.422813 0.019689 0.025828
0 0.232323 0.895527 0.020420 0.022472
0 0.691645 0.760948 0.018202 0.021489
0 0.938747 0.686840 0.016823 0.022048
0 0.804062 0.877059 0.020635 0.024340
0 0.579986 0.014614 0.017165 0.021701
0 0.337864 0.296061 0.016544 0.021387
0 0.189151 0.716828 0.026222 0.033554
0 0.523468 0.412150 0.022035 0.024871
0 0.176973 0.789809 0.018240 0.021978
0 0.737022 0.317398 0.017087 0.022888
0 0.005028 0.030908 0.010056 0.023594
0 0.693579 0.281328 0.018826 0.025105
0 0.905330 0.118973 0.020344 0.026938
0 0.216853 0.263849 0.018291 0.022695
0 0.479334 0.480771 0.017144 0.020517
0 0.022729 0.423823 0.018773 0.023021
0 0.791189 0.599346 0.015027 0.019161
0 0.060052 0.248957 0.017541 0.022049
0 0.384593 0.154481 0.018745 0.022691
0 0.139744 0.495177 0.017248 0.021968
0 0.425865 0.194038 0.016872 0.019382
0 0.808156 0.089296 0.016645 0.021615
0 0.932481 0.907191 0.015793 0.020119
0 0.613312 0.156649 0.014985 0.019725
0 0.382570 0.680350 0.016757 0.024643
0 0.407527 0.364807 0.020171 0.027742
0 0.435497 0.674595 0.018585 0.022508
0 0.108369 0.635231 0.017813 0.022119
0 0.995165 0.327118 0.009671 0.021420
0 0.556651 0.159814 0.016662 0.018014
0 0.273093 0.580138 0.014908 0.018520
0 0.330106 0.674088 0.018055 0.021465
0 0.582147 0.116217 0.018186 0.021549
0 0.628371 0.138706 0.016306 0.020089
0 0.483718 0.260176 0.016363 0.019776
0 0.046298 0.083647 0.019043 0.021760
0 0.247655 0.307944 0.016332 0.019841
0 0.299379 0.368412 0.028305 0.032835
0 0.377652 0.207361 0.017098 0.020145
0 0.376900 0.413517 0.015421 0.018038
0 0.460214 0.098179 0.017149 0.019273
0 0.997031 0.246857 0.005939 0.028544
0 0.996856 0.543356 0.006288 0.020859
0 0.889554 0.903592 0.017358 0.022218
0 0.403857 0.340707 0.013136 0.015664
0 0.675395 0.096596 0.012150 0.014630
0 0.567602 0.078776 0.021007 0.024210
0 0.015220 0.415797 0.013809 0.018063
0 0.197429 0.721931 0.014309 0.025029
0 0.020580 0.421013 0.021679 0.026010
