0 0.952221 0.679013 0.018244 0.025962
0 0.236795 0.554385 0.019392 0.024677
0 0.237300 0.742208 0.016186 0.020596
0 0.639557 0.305040 0.018365 0.021816
0 0.049173 0.270586 0.018770 0.024292
0 0.771658 0.211818 0.017134 0.018568
0 0.100825 0.308575 0.018206 0.023560
0 0.758264 0.369028 0.019708 0.023862
0 0.796990 0.874054 0.019203 0.024600
0 0.885135 0.750735 0.019885 0.024813
0 0.740589 0.343343 0.017319 0.021265
0 0.541540 0.741805 0.029202 0.029559
0 0.412735 0.348363 0.019042 0.023223
0 0.007204 0.400130 0.014408 0.019141
0 0.549663 0.043149 0.016522 0.020592
0 0.976279 0.294093 0.018438 0.023453
0 0.282777 0.925624 0.017845 0.021571
0 0.297879 0.215609 0.019260 0.024880
0 0.133280 0.918168 0.019853 0.022840
0 0.443054 0.316261 0.016501 0.020891
0 0.209714 0.743938 0.016279 0.019877
0 0.157048 0.890453 0.018585 0.024194
0 0.915401 0.885390 0.017322 0.022578
0 0.312245 0.854070 0.019398 0.027221
0 0.790168 0.112431 0.019264 0.022965
0 0.263818 0.738712 0.016112 0.020754
0 0.480872 0.148534 0.018153 0.022436
0 0.958324 0.445420 0.019569 0.023901
0 0.075798 0.303013 0.017302 0.023579
0 0.572419 0.789632 0.017260 0.020871
0 0.421942 0.228085 0.017718 0.022707
0 0.257698 0.413193 0.021369 0.026143
0 0.093894 0.503440 0.019911 0.025406
0 0.847961 0.897313 0.015426 0.019663
0 0.405642 0.109022 0.018601 0.022842
0 0.184972 0.885559 0.016240 0.022181
0 0.423020 0.553699 0.014986 0.019301
0 0.606598 0.155398 0.016416 0.021422
0 0.083235 0.362783 0.019474 0.024140
0 0.605720 0.266583 0.017883 0.022614
0 0.304922 0.154151 0.017937 0.022233
0 0.439188 0.441326 0.019419 0.024868
0 0.294749 0.518894 0.018900 0.023356
0 0.995660 0.088553 0.008681 0.023974
0 0.297298 0.060078 0.018889 0.024009
0 0.015813 0.436577 0.015777 0.019446
0 0.866710 0.880126 0.016734 0.020670
0 0.726523 0.441597 0.018348 0.022867
0 0.337298 0.253236 0.014696 0.017997
0 0.320936 0.267767 0.013753 0.019492
0 0.854814 0.522540 0.018383 0.022213
0 0.842914 0.130877 0.019310 0.024517
0 0.127601 0.285374 0.020433 0.023845
0 0.043203 0.417497 0.016689 0.020840
0 0.586485 0.596944 0.018731 0.023192
0 0.470505 0.481110 0.016363 0.020913
0 0.795457 0.362894 0.017374 0.022622
0 0.866034 0.630712 0.019351 0.022570
0 0.694792 0.082498 0.018348 0.023818
0 0.888054 0.421016 0.020766 0.024363
0 0.396198 0.936237 0.017581 0.021041
0 0.148527 0.234234 0.018349 0.022016
0 0.541012 0.114509 0.020727 0.024623
0 0.930483 0.225414 0.019143 0.023150
0 0.888860 0.287487 0.023026 0.020946
0 0.336438 0.402314 0.020050 0.022270
0 0.086511 0.218653 0.018760 0.023484
0 0.253917 0.930112 0.014606 0.019673
0 0.829978 0.992916 0.020154 0.014168
0 0.055508 0.893248 0.018386 0.022378
0 0.317440 0.241916 0.015503 0.019688
0 0.776888 0.236730 0.018118 0.022197
0 0.519909 0.411362 0.019314 0.021965
0 0.047743 0.233132 0.018309 0.025079
0 0.240016 0.179570 0.016719 0.018954
0 0.181377 0.718816 0.024237 0.031591
0 0.478962 0.257989 0.014962 0.018911
0 0.439684 0.691998 0.016995 0.022577
0 0.430709 0.671024 0.016611 0.017563
0 0.029683 0.181981 0.018186 0.022609
0 0.264995 0.576689 0.014809 0.018929
0 0.992454 0.247459 0.015091 0.019962
0 0.544412 0.657567 0.016396 0.021173
0 0.160671 0.977890 0.017099 0.018835
0 0.524427 0.694036 0.018061 0.022707
0 0.897011 0.112803 0.021509 0.024199
0 0.069328 0.202744 0.014431 0.017251
0 0.640166 0.505910 0.018531 0.022555
0 0.556484 0.159600 0.015371 0.017709
0 0.216049 0.898023 0.016263 0.020929
0 0.331136 0.298436 0.016877 0.020758
0 0.299649 0.264259 0.018279 0.022223
0 0.800717 0.086243 0.018961 0.018794
0 0.090078 0.870300 0.018757 0.020339
0 0.930044 0.680566 0.016690 0.022062
0 0.899395 0.110695 0.019796 0.023792
0 0.994082 0.840674 0.011637 0.015092
0 0.002986 0.031934 0.005957 0.023511
0 0.196872 0.720051 0.013344 0.020244
0 0.190853 0.719360 0.021023 0.027307
