0 0.153099 0.890966 0.019304 0.024822
0 0.911760 0.883713 0.016686 0.020819
0 0.789009 0.250759 0.018471 0.025620
0 0.778467 0.845026 0.023320 0.029128
0 0.232702 0.554464 0.018697 0.023807
0 0.126006 0.908908 0.016646 0.022039
0 0.150576 0.922730 0.019580 0.022731
0 0.234816 0.740085 0.015996 0.022652
0 0.010489 0.257630 0.018419 0.023165
0 0.850853 0.255719 0.018826 0.025186
0 0.625218 0.321919 0.018943 0.023615
0 0.923618 0.380901 0.017009 0.022110
0 0.157809 0.834897 0.020371 0.026883
0 0.211203 0.741826 0.015968 0.020706
0 0.863964 0.319400 0.016379 0.021237
0 0.326091 0.111782 0.017438 0.021575
0 0.683448 0.278720 0.015062 0.019730
0 0.892490 0.688089 0.020506 0.026026
0 0.790952 0.871607 0.020036 0.024731
0 0.771427 0.233823 0.016088 0.020548
0 0.030447 0.940599 0.017827 0.024769
0 0.328796 0.208973 0.020900 0.023635
0 0.429628 0.282395 0.018936 0.021580
0 0.282485 0.547271 0.016431 0.021061
0 0.164564 0.742366 0.016548 0.022342
0 0.085587 0.504628 0.019042 0.022665
0 0.974933 0.290186 0.017926 0.023714
0 0.867357 0.876006 0.017401 0.020232
0 0.044789 0.412762 0.017190 0.020354
0 0.549581 0.148270 0.014025 0.015603
0 0.274871 0.010102 0.016919 0.018771
0 0.054522 0.816147 0.017195 0.021116
0 0.916729 0.469646 0.016792 0.020193
0 0.653434 0.274543 0.021151 0.022986
0 0.302065 0.151264 0.016748 0.021136
0 0.265034 0.632536 0.018400 0.022588
0 0.429274 0.540175 0.017086 0.020757
0 0.140322 0.257089 0.017227 0.024579
0 0.941730 0.477270 0.015408 0.020321
0 0.432490 0.669144 0.014142 0.018812
0 0.311102 0.273740 0.015898 0.019149
0 0.057404 0.207351 0.017824 0.020736
0 0.413464 0.337686 0.019010 0.021373
0 0.823533 0.983029 0.019342 0.021161
0 0.102174 0.542610 0.018867 0.022672
0 0.305474 0.705434 0.016175 0.020837
0 0.370864 0.038311 0.016929 0.022742
0 0.940543 0.942617 0.012911 0.018160
0 0.286113 0.731898 0.015097 0.020091
0 0.522455 0.406674 0.018386 0.021909
0 0.299372 0.335363 0.016996 0.021268
0 0.263008 0.575269 0.015806 0.018177
0 0.297392 0.870186 0.018137 0.022221
0 0.006097 0.730299 0.012194 0.020380
0 0.550866 0.007909 0.016749 0.014267
0 0.717002 0.335770 0.019066 0.023256
0 0.083992 0.948651 0.017289 0.023147
0 0.055404 0.166527 0.019020 0.024385
0 0.880641 0.420072 0.019409 0.024569
0 0.488495 0.818770 0.018090 0.022968
0 0.606899 0.013357 0.017273 0.023178
0 0.582582 0.256859 0.018088 0.021263
0 0.799876 0.080702 0.016470 0.019121
0 0.961745 0.016536 0.020466 0.024715
0 0.866480 0.623198 0.019534 0.022612
0 0.929318 0.202331 0.017231 0.021168
0 0.125507 0.794854 0.016986 0.020929
0 0.328177 0.292479 0.015487 0.020422
0 0.660618 0.554505 0.015838 0.020743
0 0.633243 0.028520 0.019785 0.023831
0 0.327824 0.407826 0.014347 0.017960
0 0.543240 0.169641 0.014711 0.018764
0 0.312376 0.390154 0.016968 0.021259
0 0.439379 0.106197 0.016091 0.019412
0 0.659404 0.170058 0.015378 0.019950
0 0.599746 0.152297 0.015396 0.019878
0 0.657582 0.274612 0.021719 0.022018
0 0.541559 0.656217 0.015255 0.019245
0 0.990358 0.243811 0.016765 0.016784
0 0.219486 0.045188 0.014208 0.017430
0 0.768402 0.206038 0.017097 0.021872
0 0.026268 0.180414 0.017185 0.020523
0 0.576202 0.973509 0.016201 0.020739
0 0.123064 0.279707 0.016984 0.022537
0 0.508241 0.631988 0.017762 0.021772
0 0.083522 0.873302 0.015207 0.019314
0 0.454023 0.018920 0.018226 0.023993
0 0.245298 0.455595 0.016420 0.019874
0 0.263344 0.737820 0.013151 0.017686
0 0.935098 0.676036 0.014436 0.016717
0 0.332247 0.467484 0.014690 0.019106
0 0.540687 0.832024 0.013173 0.017131
0 0.137293 0.087092 0.013836 0.016351
0 0.069715 0.282754 0.019020 0.023019
0 0.298273 0.256727 0.014771 0.019369
0 0.049424 0.131232 0.015555 0.019601
0 0.315084 0.240877 0.015074 0.018503
0 0.633645 0.503028 0.015745 0.020180
0 0.528876 0.845636 0.013978 0.017604
0 0.375226 0.355497 0.016676 0.021365
0 0.828553 0.234370 0.017065 0.021245
0 0.173370 0.074864 0.016423 0.020959
0 0.890124 0.868256 0.015058 0.020665
0 0.892975 0.868216 0.014370 0.019562
0 0.638797 0.297970 0.014654 0.016551
0 0.381580 0.455987 0.019029 0.030841
0 0.122390 0.576988 0.013340 0.016787
0 0.996021 0.267641 0.007959 0.015846
0 0.380577 0.451646 0.018597 0.028021
0 0.902891 0.103126 0.015490 0.019392
