0 0.819945 0.271354 0.019858 0.020400
0 0.485612 0.134085 0.019156 0.025208
0 0.516875 0.967348 0.023719 0.025553
0 0.818113 0.873966 0.017261 0.020980
0 0.789034 0.654926 0.018384 0.021792
0 0.757924 0.910285 0.019234 0.023471
0 0.635684 0.950043 0.020580 0.025505
0 0.849369 0.012331 0.016943 0.019524
0 0.515384 0.087938 0.015973 0.020874
0 0.425266 0.037980 0.018732 0.022533
0 0.284464 0.387474 0.019318 0.023314
0 0.759133 0.050230 0.017912 0.022286
0 0.656321 0.675642 0.016017 0.020713
0 0.049288 0.902549 0.014716 0.018292
0 0.445846 0.947339 0.018461 0.022117
0 0.292385 0.022309 0.015903 0.021114
0 0.313980 0.038558 0.014866 0.021542
0 0.810076 0.643751 0.017451 0.023869
0 0.279271 0.451257 0.017744 0.022155
0 0.857133 0.674502 0.018666 0.021129
0 0.127960 0.168927 0.020038 0.023327
0 0.394190 0.084301 0.015779 0.019688
0 0.621356 0.704429 0.016896 0.021740
0 0.670306 0.554442 0.019110 0.023274
0 0.453345 0.992217 0.017622 0.015086
0 0.070880 0.043429 0.019296 0.024031
0 0.746810 0.222443 0.018578 0.022443
0 0.104290 0.144435 0.016685 0.021137
0 0.810002 0.989168 0.015785 0.018350
0 0.385181 0.652493 0.014268 0.018837
0 0.720893 0.545936 0.016286 0.020764
0 0.819511 0.966587 0.016144 0.019308
0 0.313072 0.012405 0.015488 0.021410
0 0.536827 0.436035 0.018037 0.021166
0 0.470982 0.678018 0.017506 0.021440
0 0.679092 0.698242 0.018768 0.023408
0 0.869184 0.572070 0.018127 0.022177
0 0.509439 0.297331 0.019225 0.024794
0 0.840302 0.985579 0.013950 0.018488
0 0.429277 0.147846 0.017721 0.021653
0 0.513362 0.653038 0.016304 0.020892
0 0.121190 0.492169 0.016503 0.021935
0 0.016691 0.477348 0.017149 0.021582
0 0.661167 0.051961 0.018159 0.020515
0 0.220496 0.231341 0.017758 0.021902
0 0.654071 0.156794 0.019474 0.030585
0 0.044731 0.074772 0.016387 0.022170
0 0.393687 0.038879 0.015233 0.019722
0 0.040106 0.935275 0.016063 0.023531
0 0.370838 0.643635 0.015153 0.021692
0 0.045273 0.973726 0.016501 0.020717
0 0.816731 0.062938 0.012953 0.019830
0 0.799927 0.770116 0.018062 0.022550
0 0.012826 0.070038 0.019764 0.021231
0 0.006524 0.648977 0.013020 0.020148
0 0.364777 0.868755 0.020723 0.026482
0 0.182874 0.984494 0.014408 0.019371
0 0.635202 0.401518 0.016184 0.021609
0 0.254718 0.470761 0.019573 0.023879
0 0.129681 0.965666 0.017397 0.021768
0 0.626321 0.833053 0.019378 0.025639
0 0.136817 0.235157 0.016738 0.021182
0 0.309603 0.829649 0.016972 0.019848
0 0.710455 0.585789 0.018192 0.020745
0 0.632398 0.680820 0.015797 0.019140
0 0.381557 0.692271 0.016401 0.019486
0 0.838257 0.741979 0.016376 0.019316
0 0.912152 0.139300 0.016294 0.020848
0 0.160688 0.275593 0.015964 0.019832
0 0.108286 0.542425 0.017133 0.021199
0 0.848701 0.037916 0.015487 0.020077
0 0.330322 0.048597 0.015343 0.020875
0 0.499446 0.386212 0.017713 0.022635
0 0.069070 0.078701 0.016745 0.025076
0 0.025259 0.895234 0.015172 0.018402
0 0.675804 0.605155 0.015609 0.026910
0 0.066018 0.530606 0.018670 0.023657
0 0.053493 0.108022 0.017924 0.021164
0 0.938840 0.890359 0.016094 0.018883
0 0.483263 0.563419 0.016788 0.020744
0 0.307769 0.857348 0.015242 0.019808
0 0.213461 0.322366 0.016426 0.021914
0 0.655839 0.864991 0.016820 0.020410
0 0.842331 0.931773 0.017224 0.020835
0 0.300292 0.913157 0.018595 0.020319
0 0.329737 0.101593 0.016947 0.023893
0 0.399561 0.007372 0.011828 0.014311
0 0.575562 0.745307 0.017408 0.021951
0 0.092575 0.847905 0.018607 0.024527
0 0.464591 0.633499 0.016273 0.018838
0 0.519690 0.718381 0.016527 0.024388
0 0.613594 0.111253 0.018459 0.020131
0 0.751688 0.567969 0.019355 0.022149
0 0.232928 0.542574 0.016984 0.020807
0 0.676460 0.847194 0.015024 0.019298
0 0.550805 0.079443 0.014601 0.018130
0 0.900105 0.102584 0.017886 0.023278
0 0.739939 0.589611 0.016098 0.020903
0 0.799909 0.428775 0.016485 0.021432
0 0.429831 0.678672 0.017116 0.022245
0 0.821615 0.577642 0.015955 0.020347
0 0.962948 0.531068 0.017636 0.020620
0 0.007262 0.794837 0.014330 0.020988
0 0.995474 0.749267 0.009052 0.020232
0 0.739205 0.524826 0.014574 0.018519
0 0.375522 0.540509 0.013156 0.016734
0 0.870747 0.544028 0.019552 0.022439
0 0.711604 0.284984 0.016661 0.021165
0 0.521647 0.346124 0.016890 0.020658
0 0.849959 0.066097 0.015566 0.020350
0 0.576244 0.376739 0.017746 0.022635
0 0.457183 0.263121 0.017408 0.021290
0 0.677265 0.991936 0.018558 0.015397
0 0.681593 0.028302 0.015723 0.019583
0 0.464946 0.141812 0.015396 0.021638
0 0.886473 0.937388 0.016773 0.020933
0 0.190602 0.291145 0.012791 0.015803
0 0.020148 0.030215 0.014545 0.018865
0 0.013217 0.504214 0.016701 0.020599
0 0.379057 0.008086 0.016879 0.013776
0 0.144845 0.356715 0.017336 0.021039
0 0.162408 0.682815 0.017022 0.024262
0 0.795714 0.885640 0.016625 0.021954
0 0.219686 0.514175 0.018604 0.022635
0 0.995781 0.267179 0.008437 0.023011
0 0.042404 0.826422 0.017362 0.022216
0 0.298365 0.102635 0.016042 0.020905
0 0.449582 0.879976 0.014928 0.018557
0 0.894117 0.991240 0.015275 0.015546
0 0.036744 0.132311 0.013566 0.015771
0 0.768566 0.987329 0.014403 0.018031
0 0.795794 0.274416 0.014421 0.019919
0 0.884217 0.690809 0.019183 0.022558
0 0.950446 0.213798 0.013987 0.017166
0 0.233363 0.804947 0.019543 0.024634
0 0.450807 0.006856 0.014869 0.013713
0 0.534562 0.992750 0.014000 0.013017
0 0.038784 0.877541 0.014453 0.019110
0 0.222470 0.637837 0.016582 0.020684
0 0.714031 0.982352 0.011913 0.015355
0 0.174502 0.636703 0.013228 0.015470
0 0.644221 0.208527 0.012286 0.016586
0 0.642771 0.071408 0.015409 0.019722
0 0.211935 0.988079 0.016040 0.019190
0 0.093040 0.089538 0.015652 0.021646
0 0.519573 0.373708 0.011814 0.016712
0 0.364987 0.951442 0.014172 0.016288
0 0.285648 0.692352 0.012808 0.016893
0 0.040289 0.539384 0.014708 0.016293
0 0.265399 0.595373 0.016638 0.020277
0 0.784431 0.077759 0.016843 0.021407
0 0.372279 0.971400 0.016464 0.022116
0 0.995732 0.677395 0.008536 0.015767
0 0.340253 0.014024 0.017787 0.022946
0 0.221313 0.009061 0.013432 0.016956
0 0.506802 0.700016 0.013247 0.014724
0 0.418709 0.206154 0.012327 0.015077
0 0.415291 0.933321 0.011784 0.017451
0 0.237901 0.267017 0.011355 0.017042
0 0.150306 0.123248 0.013895 0.016362
0 0.353097 0.040111 0.017163 0.019170
0 0.820371 0.251501 0.014113 0.013059
0 0.453925 0.362106 0.015443 0.017680
0 0.739969 0.471652 0.013310 0.018276
0 0.996862 0.918971 0.006276 0.017481
0 0.446308 0.062044 0.011750 0.016448
0 0.178143 0.690300 0.011229 0.015514
0 0.615690 0.497107 0.011544 0.014691
0 0.881065 0.059141 0.013961 0.017098
0 0.101619 0.958900 0.011292 0.016748
0 0.519633 0.126478 0.011666 0.015161
0 0.085025 0.990237 0.015079 0.015614
0 0.996104 0.328913 0.007791 0.017726
0 0.497634 0.464412 0.012452 0.015452
0 0.488251 0.538952 0.011903 0.014740
