0 0.703786 0.273300 0.015930 0.021303
0 0.946026 0.329623 0.020741 0.024300
0 0.719980 0.254390 0.015557 0.020474
0 0.769441 0.893040 0.014568 0.018311
0 0.304560 0.579632 0.018077 0.020724
0 0.711841 0.723920 0.015884 0.020084
0 0.437807 0.439589 0.016603 0.022034
0 0.062730 0.155140 0.016300 0.020387
0 0.434759 0.754143 0.016259 0.020086
0 0.559781 0.520412 0.027346 0.034011
0 0.821180 0.582492 0.015566 0.018815
0 0.165818 0.022940 0.016967 0.021136
0 0.983164 0.650157 0.018224 0.022889
0 0.840077 0.853437 0.013859 0.017147
0 0.786255 0.847146 0.020556 0.022044
0 0.938992 0.813069 0.016430 0.020634
0 0.363050 0.821800 0.013950 0.018980
0 0.518780 0.566334 0.017607 0.021606
0 0.564087 0.720135 0.011156 0.015444
0 0.341058 0.939804 0.015521 0.020524
0 0.463896 0.613192 0.015971 0.020456
0 0.900561 0.777270 0.019562 0.023818
0 0.354833 0.321102 0.018378 0.021850
0 0.462858 0.920695 0.012653 0.015280
0 0.644824 0.581586 0.017504 0.022639
0 0.944625 0.457268 0.015865 0.019956
0 0.318855 0.550768 0.016062 0.020179
0 0.601368 0.095709 0.017992 0.021551
0 0.945050 0.758814 0.015076 0.018555
0 0.902657 0.701330 0.014259 0.017898
0 0.881028 0.521224 0.016102 0.021538
0 0.945396 0.294328 0.019710 0.021084
0 0.169346 0.244097 0.021345 0.025712
0 0.458955 0.249448 0.013266 0.017086
0 0.931993 0.877565 0.015294 0.019563
0 0.965654 0.451412 0.014321 0.017554
0 0.989985 0.977255 0.013173 0.015814
0 0.228931 0.367500 0.014980 0.018486
0 0.356777 0.273667 0.015653 0.019780
0 0.672342 0.637745 0.017887 0.021946
0 0.699209 0.764948 0.016607 0.021042
0 0.387930 0.841371 0.014594 0.018572
0 0.950920 0.876405 0.013555 0.015486
0 0.433509 0.246539 0.015159 0.020100
0 0.754956 0.978793 0.012100 0.017030
0 0.145731 0.552106 0.014958 0.019070
0 0.007310 0.301882 0.014620 0.022428
0 0.350021 0.543160 0.015934 0.019558
0 0.785651 0.590704 0.014177 0.018937
0 0.301808 0.052400 0.016082 0.021331
0 0.835409 0.261647 0.018029 0.021023
0 0.915274 0.753077 0.015011 0.019386
0 0.150537 0.445212 0.016378 0.021844
0 0.731205 0.882719 0.015660 0.020662
0 0.360446 0.469702 0.015793 0.019880
0 0.684571 0.288082 0.014548 0.019524
0 0.027497 0.881067 0.014569 0.019266
0 0.849166 0.568500 0.015003 0.020817
0 0.679457 0.961613 0.016260 0.020233
0 0.414524 0.092535 0.017478 0.021602
0 0.041119 0.201785 0.015409 0.018616
0 0.597706 0.184223 0.017376 0.022457
0 0.915520 0.455270 0.014233 0.018885
0 0.995864 0.778472 0.008273 0.021567
0 0.790488 0.046751 0.014051 0.018950
0 0.478150 0.309178 0.015831 0.021799
0 0.348103 0.811893 0.014460 0.020573
0 0.237517 0.670277 0.016861 0.020609
0 0.362761 0.165405 0.013712 0.016697
0 0.683630 0.863705 0.012710 0.017342
0 0.249998 0.388642 0.015751 0.020247
0 0.295956 0.808638 0.018891 0.024317
0 0.331236 0.292325 0.015341 0.020675
0 0.555673 0.317823 0.019888 0.023450
0 0.958697 0.128874 0.015054 0.018450
0 0.173940 0.536003 0.016469 0.019935
0 0.799265 0.823064 0.014953 0.018436
0 0.770444 0.668500 0.013602 0.018457
0 0.877884 0.916365 0.016537 0.023319
0 0.897227 0.469681 0.015949 0.018907
0 0.604789 0.859856 0.017240 0.021551
0 0.244352 0.518561 0.016605 0.021525
0 0.427863 0.867989 0.015784 0.018885
0 0.043920 0.384039 0.014888 0.018875
0 0.743022 0.901772 0.014115 0.017629
0 0.648134 0.983978 0.015486 0.018765
0 0.059030 0.887848 0.015243 0.019250
0 0.004231 0.241949 0.008463 0.018428
0 0.438636 0.619619 0.017701 0.022211
0 0.415754 0.550925 0.017788 0.022253
0 0.495378 0.355256 0.017422 0.019919
0 0.233654 0.312867 0.021723 0.023821
0 0.033426 0.773051 0.016862 0.020890
0 0.341337 0.576776 0.015122 0.017192
0 0.079389 0.251150 0.016170 0.021476
0 0.620750 0.060880 0.016978 0.020102
0 0.684498 0.391656 0.015512 0.018073
0 0.231259 0.911684 0.014564 0.018457
0 0.209763 0.491983 0.013089 0.015726
0 0.964724 0.971613 0.016619 0.021147
0 0.120614 0.952041 0.014038 0.019093
0 0.828461 0.226004 0.017506 0.020630
0 0.144264 0.114934 0.016271 0.019763
0 0.689532 0.713904 0.016163 0.021310
0 0.136232 0.359340 0.017192 0.021684
0 0.087879 0.555402 0.013864 0.016983
0 0.346772 0.731021 0.017165 0.021580
0 0.188406 0.797938 0.013703 0.016666
0 0.162559 0.793708 0.016042 0.019350
0 0.975009 0.191098 0.014860 0.019499
0 0.517934 0.743549 0.014053 0.016829
0 0.415293 0.854717 0.014198 0.018068
0 0.798039 0.850453 0.017472 0.023765
0 0.961420 0.180975 0.013549 0.017875
0 0.783999 0.321438 0.015857 0.020488
0 0.285489 0.366773 0.017487 0.023087
0 0.846881 0.906526 0.016673 0.020218
0 0.746771 0.282007 0.017024 0.021367
0 0.908179 0.731615 0.015956 0.018131
0 0.752174 0.656459 0.013525 0.016428
0 0.217751 0.453777 0.016577 0.019245
0 0.780794 0.458644 0.018182 0.021582
0 0.421864 0.468916 0.014691 0.019255
0 0.106676 0.417291 0.013913 0.016872
0 0.694199 0.058003 0.016940 0.020655
0 0.313429 0.110969 0.015034 0.019825
0 0.925180 0.120560 0.015413 0.020331
0 0.424995 0.150604 0.017029 0.019268
0 0.294644 0.129008 0.015280 0.018920
0 0.699412 0.249540 0.012115 0.015228
0 0.666949 0.413927 0.014224 0.016254
0 0.086490 0.409151 0.012633 0.017198
0 0.734145 0.980924 0.013387 0.016617
0 0.365370 0.007964 0.016237 0.014870
0 0.533451 0.533378 0.013805 0.018030
0 0.444846 0.487898 0.011343 0.014188
0 0.790656 0.849524 0.028939 0.026613
0 0.297477 0.284387 0.016064 0.019304
0 0.488096 0.459419 0.017501 0.022383
0 0.556231 0.982325 0.015435 0.018473
0 0.302567 0.232379 0.013965 0.018195
0 0.014833 0.320038 0.015294 0.020778
0 0.137233 0.638515 0.016280 0.018840
0 0.845801 0.381113 0.016313 0.021626
0 0.577089 0.232209 0.011310 0.012816
0 0.060032 0.424480 0.014295 0.017194
0 0.334833 0.093724 0.011109 0.013809
0 0.361319 0.164047 0.015516 0.020146
0 0.419298 0.270501 0.013028 0.015790
0 0.061144 0.479752 0.016443 0.021688
0 0.062808 0.487128 0.016911 0.020750
0 0.560349 0.249507 0.010694 0.014269
0 0.418243 0.748425 0.011567 0.016772
0 0.949561 0.874961 0.015528 0.020802
0 0.267716 0.116622 0.012677 0.017360
0 0.948847 0.292683 0.021495 0.024027
0 0.497228 0.352043 0.017933 0.021674
0 0.267317 0.506855 0.009722 0.012141
0 0.360297 0.305858 0.013405 0.014115
0 0.962492 0.966691 0.020111 0.026114
0 0.388200 0.842117 0.017865 0.023464
0 0.662956 0.865375 0.011854 0.015533
