0 0.261924 0.474560 0.019187 0.024661
0 0.903249 0.967579 0.014322 0.018095
0 0.765871 0.192008 0.019158 0.024212
0 0.282412 0.460727 0.016523 0.022488
0 0.874067 0.948607 0.015736 0.020550
0 0.685966 0.675317 0.017918 0.023371
0 0.291563 0.950472 0.020125 0.022664
0 0.061437 0.817732 0.016565 0.021682
0 0.821345 0.657194 0.016999 0.021697
0 0.099112 0.007899 0.017386 0.014434
0 0.546381 0.623419 0.018873 0.023418
0 0.266546 0.369065 0.017426 0.021091
0 0.623244 0.080341 0.018857 0.027034
0 0.821604 0.885626 0.020452 0.024801
0 0.673556 0.649155 0.015729 0.017895
0 0.492329 0.129094 0.019544 0.023321
0 0.252226 0.944250 0.017779 0.022691
0 0.797645 0.659964 0.017870 0.022520
0 0.466920 0.268137 0.017810 0.023131
0 0.424443 0.022752 0.014414 0.018164
0 0.504986 0.392677 0.019030 0.022972
0 0.764753 0.474852 0.020013 0.025109
0 0.526709 0.971932 0.021369 0.028269
0 0.373410 0.978192 0.015444 0.017669
0 0.795383 0.288943 0.013490 0.017249
0 0.947311 0.896287 0.019071 0.021957
0 0.237808 0.734534 0.019143 0.022961
0 0.143856 0.238171 0.015561 0.019953
0 0.762989 0.574558 0.018233 0.022992
0 0.612504 0.905847 0.015575 0.020906
0 0.065654 0.958402 0.017054 0.020334
0 0.498724 0.092936 0.017164 0.021309
0 0.250834 0.089540 0.016936 0.019802
0 0.865846 0.798466 0.017760 0.021773
0 0.245161 0.808910 0.020353 0.024302
0 0.012823 0.201550 0.019606 0.022673
0 0.717730 0.592376 0.017590 0.020989
0 0.176539 0.192563 0.016641 0.022463
0 0.068804 0.018133 0.019145 0.021395
0 0.048220 0.940050 0.015845 0.021172
0 0.129969 0.494949 0.017313 0.022576
0 0.199431 0.075105 0.021672 0.024534
0 0.818080 0.270773 0.018798 0.024783
0 0.241095 0.862156 0.019438 0.021356
0 0.294409 0.390240 0.018008 0.022768
0 0.042701 0.119149 0.018350 0.022909
0 0.686175 0.993074 0.016566 0.013853
0 0.130489 0.595634 0.018118 0.021925
0 0.480695 0.008000 0.017216 0.014861
0 0.069428 0.503939 0.016842 0.020264
0 0.820168 0.991302 0.017651 0.016232
0 0.307316 0.922729 0.017213 0.020380
0 0.555230 0.373008 0.015828 0.020067
0 0.904039 0.370078 0.017215 0.021217
0 0.397936 0.659040 0.016019 0.019314
0 0.292636 0.494594 0.015487 0.019905
0 0.627732 0.317752 0.019644 0.025357
0 0.395176 0.093000 0.016143 0.020363
0 0.878630 0.557324 0.018952 0.022339
0 0.300615 0.029700 0.016574 0.020122
0 0.579392 0.895908 0.015885 0.020416
0 0.774480 0.603267 0.017912 0.022331
0 0.785948 0.085547 0.020494 0.025760
0 0.312960 0.108962 0.015565 0.019257
0 0.330753 0.971864 0.016755 0.021260
0 0.028679 0.307065 0.019145 0.022808
0 0.810439 0.304228 0.017082 0.021413
0 0.741520 0.781605 0.017813 0.020459
0 0.888728 0.605424 0.018192 0.023650
0 0.540871 0.929023 0.016897 0.021329
0 0.768958 0.057531 0.019400 0.023103
0 0.616115 0.608989 0.016837 0.019420
0 0.882863 0.973674 0.016385 0.019783
0 0.340078 0.022241 0.016964 0.020069
0 0.164327 0.884134 0.017160 0.020082
0 0.941824 0.486412 0.017358 0.022118
0 0.398573 0.859229 0.020877 0.023361
0 0.915101 0.524474 0.017252 0.021395
0 0.651924 0.413332 0.022011 0.023447
0 0.894687 0.935978 0.016348 0.020226
0 0.502267 0.350785 0.015638 0.018975
0 0.015742 0.402031 0.015890 0.021414
0 0.357550 0.042300 0.015370 0.019591
0 0.331769 0.299692 0.017295 0.021854
0 0.668462 0.059917 0.020399 0.024674
0 0.310363 0.297510 0.016856 0.022328
0 0.544121 0.439892 0.016572 0.020296
0 0.079517 0.080760 0.014747 0.022570
0 0.148939 0.065964 0.017639 0.020927
0 0.796157 0.620381 0.015758 0.020246
0 0.829066 0.971017 0.018038 0.021025
0 0.612937 0.197993 0.016962 0.020888
0 0.322549 0.034790 0.014730 0.019244
0 0.584410 0.335100 0.017270 0.022873
0 0.338528 0.111457 0.016316 0.020761
0 0.480831 0.876372 0.018136 0.022893
0 0.359332 0.598810 0.016057 0.021227
0 0.668525 0.978177 0.016351 0.020523
0 0.283655 0.805596 0.016829 0.019554
0 0.861792 0.678679 0.017912 0.021605
0 0.805255 0.850639 0.017941 0.023520
0 0.925276 0.989622 0.015371 0.017319
0 0.310303 0.971749 0.015269 0.021115
0 0.231678 0.234487 0.017937 0.022739
0 0.749652 0.592467 0.014475 0.017735
0 0.271554 0.891485 0.016134 0.020225
0 0.665774 0.685835 0.016692 0.020945
0 0.316759 0.840314 0.015068 0.019669
0 0.369773 0.238516 0.018109 0.021685
0 0.087875 0.790285 0.015493 0.018051
0 0.432132 0.043771 0.023443 0.023269
0 0.378398 0.650508 0.013747 0.019546
0 0.941539 0.670398 0.016534 0.020880
0 0.021549 0.842815 0.019255 0.023930
0 0.475243 0.145435 0.016624 0.021101
0 0.852724 0.958351 0.017772 0.021866
0 0.443038 0.009264 0.012945 0.013732
0 0.406880 0.016872 0.013769 0.017546
0 0.339052 0.048571 0.013865 0.016851
0 0.428699 0.512330 0.016955 0.020564
0 0.726908 0.570014 0.016892 0.020725
0 0.220768 0.327768 0.015652 0.020368
0 0.899879 0.992337 0.020763 0.015326
0 0.534275 0.362048 0.015802 0.019493
0 0.332138 0.729742 0.018531 0.022069
0 0.156659 0.205777 0.016404 0.020094
0 0.965297 0.381950 0.017350 0.021635
0 0.063356 0.095933 0.016836 0.023836
0 0.022166 0.990698 0.016839 0.017306
0 0.754595 0.849332 0.017478 0.021866
0 0.159072 0.610056 0.015930 0.019844
0 0.811814 0.760691 0.014331 0.016674
0 0.595574 0.906453 0.013790 0.020308
0 0.004754 0.733119 0.009508 0.021194
0 0.933469 0.954958 0.011460 0.015154
0 0.086849 0.831164 0.019709 0.024547
0 0.142392 0.839315 0.016832 0.021584
0 0.901049 0.859704 0.017601 0.021634
0 0.325070 0.005813 0.017341 0.011625
0 0.449957 0.217307 0.012816 0.017730
0 0.637596 0.385186 0.013195 0.017506
0 0.676017 0.871911 0.015319 0.020801
0 0.091246 0.037155 0.014916 0.015749
0 0.028506 0.148529 0.012997 0.014468
0 0.389458 0.007975 0.015920 0.015498
0 0.598211 0.460973 0.014085 0.016255
0 0.376201 0.956751 0.015385 0.016488
0 0.513217 0.420764 0.014271 0.017528
0 0.523869 0.373684 0.012139 0.015715
0 0.107853 0.278475 0.014861 0.018619
0 0.050903 0.512248 0.012145 0.017438
0 0.441997 0.978966 0.012203 0.015847
0 0.532763 0.364158 0.019019 0.024495
0 0.799843 0.169269 0.010440 0.013532
0 0.230142 0.012111 0.013083 0.018065
0 0.153275 0.763756 0.014121 0.017092
0 0.304763 0.901278 0.014218 0.015224
0 0.846823 0.142601 0.011193 0.014432
0 0.461657 0.865509 0.013736 0.018019
0 0.798173 0.217744 0.012189 0.015152
0 0.604152 0.522600 0.013588 0.019175
0 0.059711 0.536542 0.013671 0.015740
0 0.115578 0.370146 0.014030 0.016224
0 0.678751 0.615460 0.012191 0.014862
0 0.246558 0.757901 0.012662 0.016425
0 0.006301 0.080092 0.012596 0.018184
0 0.374426 0.937541 0.013355 0.015723
0 0.671938 0.647499 0.017961 0.022961
0 0.392532 0.635731 0.013259 0.016240
0 0.789832 0.865100 0.012786 0.013206
0 0.502612 0.487667 0.015005 0.016323
0 0.569852 0.169763 0.013329 0.017786
0 0.695034 0.967988 0.013183 0.014280
0 0.715973 0.213053 0.011709 0.014965
0 0.143114 0.237013 0.017994 0.024762
0 0.075679 0.809611 0.011162 0.017910
0 0.917055 0.952208 0.010421 0.014839
0 0.066324 0.981472 0.012013 0.013558
0 0.820965 0.167288 0.012438 0.014241
0 0.921697 0.171277 0.011866 0.015771
0 0.387201 0.996382 0.016790 0.007235
0 0.818997 0.165808 0.013402 0.015963
0 0.153003 0.007450 0.010429 0.012400
0 0.416140 0.639141 0.014142 0.017540
