0 0.631314 0.947131 0.020272 0.024738
0 0.124145 0.163319 0.019329 0.022811
0 0.281999 0.385764 0.019289 0.024785
0 0.724423 0.960667 0.015801 0.020516
0 0.251514 0.468607 0.019723 0.023698
0 0.286738 0.019375 0.017106 0.020581
0 0.536755 0.585690 0.016572 0.020213
0 0.747712 0.937111 0.016696 0.019875
0 0.482831 0.133164 0.019268 0.023565
0 0.238498 0.500921 0.021121 0.023577
0 0.513424 0.968026 0.020514 0.030646
0 0.018959 0.289805 0.011084 0.013535
0 0.118424 0.489909 0.016482 0.021602
0 0.210597 0.961142 0.015576 0.020437
0 0.445083 0.028507 0.018567 0.020793
0 0.843397 0.885996 0.015547 0.018202
0 0.035929 0.934108 0.015755 0.022494
0 0.615220 0.651713 0.015754 0.019165
0 0.817072 0.867637 0.018557 0.021884
0 0.380956 0.836601 0.020083 0.022750
0 0.075970 0.425975 0.018276 0.025908
0 0.832760 0.528731 0.016756 0.022071
0 0.196258 0.254072 0.016345 0.020490
0 0.400545 0.011061 0.013938 0.017873
0 0.186136 0.960168 0.016999 0.025553
0 0.009325 0.654368 0.017146 0.021899
0 0.971959 0.234751 0.018811 0.023442
0 0.386559 0.086031 0.014821 0.021120
0 0.067118 0.041402 0.016788 0.019733
0 0.807814 0.677108 0.016375 0.020868
0 0.579898 0.058624 0.013818 0.017106
0 0.067025 0.074529 0.014838 0.021255
0 0.945735 0.505306 0.017503 0.022183
0 0.826734 0.566932 0.014712 0.017665
0 0.477237 0.889906 0.017889 0.021938
0 0.979562 0.558275 0.012126 0.013010
0 0.816691 0.895833 0.016688 0.019692
0 0.946539 0.854753 0.018486 0.021487
0 0.752207 0.046691 0.015895 0.020977
0 0.435163 0.121656 0.016579 0.021112
0 0.636414 0.092947 0.014104 0.016822
0 0.044886 0.071960 0.016881 0.022954
0 0.268108 0.501124 0.016568 0.022379
0 0.148820 0.141842 0.016571 0.020947
0 0.079890 0.923624 0.017051 0.021579
0 0.719776 0.520608 0.019881 0.025398
0 0.369351 0.639807 0.014290 0.020669
0 0.623841 0.340223 0.017633 0.022100
0 0.644807 0.065395 0.015278 0.021724
0 0.835059 0.927266 0.017973 0.022682
0 0.464839 0.674463 0.015758 0.020598
0 0.811738 0.259999 0.019062 0.020289
0 0.566715 0.325870 0.016421 0.020879
0 0.682094 0.134021 0.019477 0.022867
0 0.007358 0.730927 0.014164 0.019107
0 0.276473 0.460609 0.015445 0.020840
0 0.516400 0.291144 0.018454 0.023625
0 0.981669 0.692940 0.017176 0.021323
0 0.130898 0.232746 0.017251 0.021494
0 0.251662 0.958941 0.016175 0.022216
0 0.309713 0.044502 0.017244 0.020129
0 0.933721 0.892386 0.014791 0.018572
0 0.907746 0.135695 0.015428 0.020027
0 0.786491 0.654079 0.015913 0.021184
0 0.760429 0.186051 0.018705 0.022723
0 0.704462 0.581954 0.017284 0.020884
0 0.222425 0.886412 0.016584 0.021243
0 0.651399 0.349388 0.014811 0.019219
0 0.652619 0.681997 0.016818 0.021699
0 0.098766 0.685238 0.017191 0.021351
0 0.005876 0.328871 0.011751 0.018794
0 0.318771 0.107446 0.017348 0.019459
0 0.382422 0.788972 0.019831 0.023507
0 0.175485 0.982780 0.013341 0.016995
0 0.850038 0.510397 0.019751 0.020692
0 0.423228 0.008131 0.016144 0.014522
0 0.018266 0.065664 0.016174 0.021310
0 0.513614 0.578496 0.015544 0.019884
0 0.668838 0.768748 0.014390 0.017366
0 0.805395 0.402713 0.017566 0.022761
0 0.745686 0.836040 0.020121 0.023567
0 0.674287 0.990185 0.015384 0.016440
0 0.307923 0.826971 0.015948 0.020301
0 0.635893 0.255698 0.014307 0.017223
0 0.737246 0.087499 0.012448 0.017094
0 0.560451 0.084663 0.016202 0.021844
0 0.818108 0.967337 0.015795 0.020877
0 0.061580 0.495790 0.016832 0.020526
0 0.005797 0.091174 0.011594 0.021076
0 0.564978 0.642112 0.014739 0.018103
0 0.658688 0.811835 0.015172 0.019560
0 0.216682 0.226750 0.016749 0.022163
0 0.803909 0.986236 0.015292 0.019980
0 0.584015 0.657156 0.016490 0.021922
0 0.738649 0.458191 0.011531 0.014319
0 0.724825 0.916017 0.016874 0.020490
0 0.235034 0.633088 0.016396 0.020996
0 0.819922 0.015752 0.015884 0.019641
0 0.493672 0.855332 0.017632 0.019983
0 0.329111 0.809338 0.014446 0.018109
0 0.749956 0.566361 0.017152 0.020431
0 0.799318 0.616361 0.016900 0.021132
0 0.777481 0.980577 0.014916 0.018797
0 0.217370 0.917755 0.017652 0.021177
0 0.433255 0.503553 0.012718 0.016300
0 0.103202 0.469651 0.017033 0.021810
0 0.872745 0.099691 0.016575 0.018856
0 0.540008 0.956234 0.015465 0.018338
0 0.841339 0.044539 0.013366 0.016769
0 0.401844 0.676709 0.013256 0.017765
0 0.806618 0.748469 0.017399 0.021228
0 0.080014 0.464085 0.013400 0.017495
0 0.660631 0.601243 0.015819 0.022813
0 0.110223 0.542389 0.017495 0.024000
0 0.153591 0.735805 0.019171 0.024301
0 0.049345 0.106179 0.014682 0.018172
0 0.330324 0.045492 0.013633 0.017158
0 0.783266 0.764376 0.016076 0.019020
0 0.652322 0.990990 0.015973 0.014442
0 0.383082 0.649799 0.015701 0.021266
0 0.421522 0.649938 0.015053 0.019095
0 0.532873 0.436163 0.016517 0.021267
0 0.295403 0.097270 0.016437 0.021035
0 0.692966 0.017956 0.015661 0.018295
0 0.688746 0.669300 0.017102 0.020595
0 0.810150 0.045947 0.015115 0.019263
0 0.189158 0.872224 0.016380 0.019071
0 0.038615 0.904006 0.016009 0.018506
0 0.509488 0.551046 0.015216 0.016677
0 0.786862 0.270693 0.013781 0.017351
0 0.370050 0.970951 0.013901 0.018593
0 0.029508 0.131300 0.017614 0.021045
0 0.088657 0.659897 0.015456 0.017955
0 0.311337 0.020233 0.015511 0.020098
0 0.452797 0.260086 0.017773 0.022187
0 0.051112 0.466466 0.015914 0.020579
0 0.377584 0.039061 0.014596 0.018966
0 0.996538 0.369823 0.006924 0.019805
0 0.566533 0.139346 0.011318 0.014235
0 0.764496 0.955516 0.015505 0.018450
0 0.732030 0.269717 0.012709 0.016524
0 0.827140 0.586992 0.012695 0.015737
0 0.738596 0.249911 0.013071 0.017479
0 0.027810 0.209387 0.012798 0.015915
0 0.758153 0.809268 0.011316 0.014529
0 0.853293 0.670933 0.017098 0.021243
0 0.830318 0.080492 0.013277 0.016120
0 0.465318 0.336669 0.013151 0.019439
0 0.864570 0.610632 0.017636 0.021247
0 0.083638 0.586844 0.011998 0.016505
0 0.169114 0.076696 0.014262 0.019626
0 0.643646 0.526836 0.015824 0.018752
0 0.822617 0.081111 0.012100 0.015718
0 0.254956 0.922955 0.012888 0.014414
0 0.088594 0.847585 0.015961 0.020652
0 0.406764 0.221694 0.011888 0.015286
0 0.886298 0.989729 0.016554 0.016522
0 0.822210 0.045775 0.009571 0.013926
0 0.015177 0.893681 0.015016 0.018649
0 0.690217 0.125708 0.014205 0.021662
0 0.102103 0.020742 0.014526 0.018264
0 0.995057 0.329191 0.009791 0.016247
0 0.352215 0.039441 0.016559 0.018429
0 0.609730 0.110566 0.015283 0.020212
0 0.816461 0.045540 0.016647 0.018179
0 0.625743 0.753586 0.016490 0.020350
0 0.829683 0.239580 0.013242 0.013517
0 0.990577 0.960410 0.017201 0.021736
0 0.830842 0.482467 0.010916 0.014558
0 0.035573 0.875281 0.013060 0.016276
0 0.736605 0.087004 0.016143 0.021830
0 0.776726 0.069600 0.016472 0.019125
0 0.514426 0.665141 0.016068 0.020892
0 0.897381 0.025231 0.013603 0.016938
0 0.496649 0.381726 0.014953 0.021222
0 0.464999 0.864707 0.012736 0.016000
0 0.694233 0.409528 0.012521 0.014387
0 0.426708 0.321653 0.012846 0.016885
0 0.066157 0.129109 0.011893 0.017801
0 0.818505 0.046303 0.013497 0.016828
0 0.487945 0.526961 0.013202 0.016461
0 0.958859 0.660584 0.012295 0.016657
0 0.558940 0.448325 0.012027 0.015239
0 0.636817 0.090770 0.016020 0.020332
0 0.461995 0.135238 0.014831 0.020126
0 0.494960 0.803615 0.012044 0.015066
0 0.238588 0.117698 0.013715 0.016193
0 0.210725 0.989886 0.020018 0.016584
0 0.704520 0.976108 0.012916 0.016492
0 0.446296 0.492904 0.011672 0.014620
0 0.739646 0.585421 0.012850 0.015893
0 0.279076 0.573073 0.015140 0.020259
0 0.581113 0.057751 0.015793 0.020862
0 0.059627 0.006548 0.013708 0.011670
0 0.345284 0.530907 0.014627 0.018022
0 0.419454 0.038425 0.018149 0.022899
0 0.281850 0.462815 0.016976 0.021235
0 0.470063 0.662651 0.012344 0.014018
