0 0.788934 0.653863 0.018647 0.023204
0 0.126738 0.175202 0.021462 0.025694
0 0.518694 0.966395 0.023273 0.026852
0 0.813243 0.647311 0.017212 0.022934
0 0.450170 0.010470 0.015786 0.017176
0 0.487322 0.132460 0.018486 0.024881
0 0.474370 0.678847 0.017443 0.020826
0 0.281413 0.453579 0.019401 0.023037
0 0.754624 0.926143 0.018903 0.025270
0 0.309933 0.834232 0.016392 0.019830
0 0.427463 0.978191 0.017458 0.019676
0 0.068363 0.047392 0.020190 0.023807
0 0.252972 0.469729 0.020951 0.026530
0 0.820793 0.871745 0.017683 0.021007
0 0.560426 0.406195 0.017341 0.021739
0 0.662695 0.051516 0.016680 0.020280
0 0.826813 0.277204 0.020073 0.021797
0 0.050268 0.903678 0.014463 0.018018
0 0.659385 0.676142 0.016430 0.021103
0 0.502595 0.665664 0.015861 0.019828
0 0.019858 0.895328 0.016478 0.020310
0 0.139056 0.702942 0.018511 0.021609
0 0.741527 0.231431 0.018676 0.023041
0 0.637760 0.955511 0.019857 0.024105
0 0.302069 0.867819 0.015888 0.019828
0 0.724764 0.551734 0.017295 0.021003
0 0.291525 0.026344 0.017837 0.021049
0 0.762443 0.051526 0.019066 0.023244
0 0.122591 0.491022 0.017180 0.022753
0 0.130639 0.287462 0.017373 0.020852
0 0.560751 0.780210 0.016636 0.021020
0 0.285109 0.387507 0.019011 0.022414
0 0.643538 0.692695 0.014357 0.018135
0 0.044499 0.072332 0.018343 0.023270
0 0.429258 0.155622 0.018897 0.020825
0 0.537837 0.437330 0.018097 0.021276
0 0.394079 0.035855 0.015111 0.018825
0 0.545657 0.086919 0.015441 0.018042
0 0.315237 0.040987 0.016673 0.021028
0 0.665340 0.566512 0.022026 0.024072
0 0.466020 0.139801 0.016006 0.021420
0 0.221078 0.232371 0.016907 0.021011
0 0.951326 0.547956 0.017831 0.021848
0 0.912221 0.138023 0.017198 0.021319
0 0.853202 0.071576 0.015798 0.019438
0 0.715271 0.583247 0.017142 0.020936
0 0.889030 0.949436 0.017079 0.021006
0 0.793555 0.436292 0.017704 0.021080
0 0.842382 0.006683 0.016922 0.013366
0 0.912112 0.108857 0.017151 0.022073
0 0.640216 0.169794 0.020902 0.030337
0 0.090598 0.167682 0.016551 0.020495
0 0.869791 0.580268 0.018203 0.021697
0 0.510532 0.300773 0.017934 0.023870
0 0.792737 0.789680 0.017653 0.022247
0 0.854807 0.039779 0.017131 0.020413
0 0.314049 0.012734 0.015398 0.022301
0 0.217496 0.322010 0.017314 0.023217
0 0.209633 0.556918 0.018311 0.022118
0 0.473693 0.572761 0.016722 0.022708
0 0.457761 0.262770 0.018428 0.022548
0 0.940462 0.890107 0.014553 0.019199
0 0.083576 0.104599 0.016776 0.021627
0 0.821892 0.968257 0.019201 0.022427
0 0.856037 0.676902 0.018675 0.022250
0 0.820106 0.581293 0.018410 0.019457
0 0.423695 0.039259 0.019273 0.023666
0 0.449618 0.649079 0.016532 0.020142
0 0.378969 0.007922 0.015744 0.013817
0 0.302659 0.102110 0.016498 0.020165
0 0.394560 0.087879 0.016287 0.019984
0 0.680982 0.698550 0.018647 0.022417
0 0.680100 0.991244 0.017089 0.015145
0 0.350230 0.041043 0.016831 0.021029
0 0.512516 0.740866 0.016439 0.022855
0 0.626958 0.419726 0.016019 0.021959
0 0.505086 0.094900 0.015900 0.020305
0 0.651823 0.080560 0.015296 0.020054
0 0.810294 0.989107 0.015678 0.017348
0 0.208848 0.520124 0.017887 0.022824
0 0.385881 0.653821 0.014271 0.018971
0 0.790441 0.287935 0.015744 0.019084
0 0.863382 0.551019 0.018825 0.022406
0 0.690385 0.030435 0.014446 0.018735
0 0.329849 0.101688 0.016162 0.022159
0 0.026200 0.990445 0.017421 0.015688
0 0.653510 0.875661 0.016062 0.021617
0 0.752551 0.570801 0.018070 0.023149
0 0.624555 0.708137 0.018298 0.022520
0 0.091458 0.851731 0.018612 0.025120
0 0.799168 0.904946 0.015672 0.019315
0 0.137111 0.235073 0.017929 0.022675
0 0.843933 0.941272 0.017351 0.021105
0 0.042317 0.875361 0.015051 0.019863
0 0.619241 0.864585 0.018757 0.024679
0 0.103478 0.548144 0.017949 0.022049
0 0.373091 0.641705 0.015182 0.019219
0 0.041656 0.935427 0.017220 0.022839
0 0.355655 0.886127 0.020910 0.025194
0 0.676215 0.607428 0.015584 0.023532
0 0.843386 0.754344 0.017180 0.020640
0 0.022636 0.841200 0.018393 0.022930
0 0.070726 0.076463 0.015812 0.022157
0 0.507107 0.357042 0.018153 0.020445
0 0.500246 0.389831 0.017657 0.023187
0 0.239703 0.629110 0.015593 0.020774
0 0.814932 0.063211 0.014887 0.029037
0 0.016229 0.074909 0.018430 0.020608
0 0.111559 0.368320 0.016995 0.021718
0 0.882879 0.713599 0.018959 0.023358
0 0.232399 0.272234 0.012801 0.018542
0 0.641735 0.174461 0.019076 0.024391
0 0.892848 0.989254 0.016413 0.018356
0 0.350272 0.556498 0.013963 0.018337
0 0.353848 0.692746 0.017267 0.020333
0 0.881030 0.067802 0.012982 0.017119
0 0.053819 0.109962 0.018620 0.020008
0 0.011488 0.505213 0.016885 0.020217
0 0.008931 0.035866 0.017234 0.019181
0 0.415970 0.914583 0.015295 0.019321
0 0.610477 0.110063 0.017668 0.023291
0 0.430050 0.696099 0.017671 0.021901
0 0.994708 0.766446 0.010583 0.023628
0 0.269120 0.942832 0.016693 0.021392
0 0.445803 0.373746 0.015145 0.016225
0 0.996002 0.285536 0.007996 0.022492
0 0.028188 0.558065 0.013628 0.015277
0 0.784243 0.077857 0.018983 0.023396
0 0.057247 0.562868 0.017472 0.021755
0 0.209446 0.648038 0.016227 0.019642
0 0.238394 0.805391 0.017906 0.021701
0 0.701177 0.284377 0.017068 0.020366
0 0.398517 0.009003 0.013426 0.014644
0 0.408454 0.353532 0.012898 0.014468
0 0.160524 0.647900 0.013943 0.016420
0 0.674012 0.861998 0.015671 0.018461
0 0.995649 0.936805 0.008703 0.020712
0 0.962725 0.223665 0.013785 0.016958
0 0.519817 0.139215 0.013289 0.015734
0 0.186273 0.303839 0.014306 0.019358
0 0.407718 0.222683 0.010867 0.014544
0 0.371282 0.973054 0.015067 0.020219
0 0.546132 0.087075 0.018192 0.022163
0 0.944359 0.224946 0.013160 0.017421
0 0.768400 0.974364 0.010804 0.012632
0 0.412238 0.964201 0.012141 0.015822
0 0.365071 0.950324 0.013935 0.016984
0 0.600278 0.513121 0.012708 0.015367
0 0.401625 0.805301 0.012627 0.017600
0 0.500837 0.950634 0.012303 0.017030
0 0.332083 0.048743 0.013918 0.022992
0 0.495747 0.726261 0.012854 0.016324
0 0.363711 0.324752 0.011597 0.014394
0 0.996981 0.343142 0.006038 0.022124
0 0.407579 0.652951 0.012264 0.015054
0 0.003453 0.728486 0.006907 0.014330
0 0.222657 0.008817 0.013588 0.015180
0 0.741330 0.592445 0.015170 0.020362
0 0.487807 0.463766 0.010848 0.016624
0 0.421497 0.005965 0.015511 0.011929
0 0.824252 0.035158 0.011276 0.013119
0 0.135054 0.117634 0.011545 0.015435
0 0.331635 0.074314 0.011431 0.013541
0 0.446018 0.711125 0.011309 0.013788
0 0.480456 0.542206 0.012035 0.014569
0 0.240594 0.753591 0.012112 0.015865
0 0.758110 0.874998 0.013318 0.016871
0 0.020394 0.168089 0.012171 0.014503
0 0.636924 0.227471 0.012595 0.015195
0 0.137167 0.826345 0.012501 0.015990
0 0.332620 0.047005 0.017452 0.024654
