0 0.257459 0.471192 0.020297 0.024797
0 0.489489 0.126722 0.019484 0.023429
0 0.522285 0.970308 0.022316 0.026311
0 0.498585 0.088002 0.017374 0.021091
0 0.538128 0.589514 0.019435 0.025155
0 0.877527 0.160983 0.023187 0.027125
0 0.654075 0.054381 0.025683 0.030823
0 0.045000 0.938269 0.017527 0.022870
0 0.943460 0.900453 0.018760 0.022483
0 0.280355 0.460251 0.019014 0.024668
0 0.289447 0.390712 0.019585 0.023079
0 0.025311 0.898958 0.016020 0.020477
0 0.035373 0.359026 0.017056 0.022113
0 0.497973 0.020365 0.016723 0.022074
0 0.505711 0.561066 0.017869 0.022295
0 0.504719 0.481444 0.017973 0.022162
0 0.794890 0.657852 0.018219 0.023645
0 0.764523 0.056961 0.018855 0.024448
0 0.840033 0.287371 0.020303 0.024666
0 0.540883 0.991761 0.015274 0.014246
0 0.461021 0.263819 0.019775 0.022151
0 0.301752 0.100213 0.016620 0.019902
0 0.318680 0.040167 0.014521 0.019955
0 0.126311 0.494809 0.018160 0.024528
0 0.866212 0.769215 0.020463 0.023881
0 0.429722 0.988009 0.018530 0.018728
0 0.394117 0.088018 0.015736 0.021062
0 0.741322 0.225006 0.019169 0.024147
0 0.809711 0.886944 0.020351 0.025267
0 0.684315 0.709213 0.019416 0.024397
0 0.141545 0.237007 0.016683 0.021129
0 0.756132 0.567034 0.017954 0.024248
0 0.392516 0.654770 0.015321 0.020347
0 0.315433 0.013785 0.015104 0.020408
0 0.057952 0.367901 0.015720 0.020967
0 0.656071 0.707584 0.017417 0.020594
0 0.897362 0.485074 0.019571 0.023227
0 0.666399 0.649837 0.018921 0.022302
0 0.142796 0.066155 0.018142 0.021801
0 0.672195 0.269463 0.017918 0.022217
0 0.335021 0.107045 0.019080 0.021974
0 0.402222 0.012291 0.014918 0.019947
0 0.933034 0.073277 0.020443 0.025361
0 0.554505 0.849232 0.014674 0.016850
0 0.139563 0.645092 0.017845 0.023139
0 0.248036 0.881509 0.017874 0.020934
0 0.571154 0.111935 0.020471 0.023883
0 0.058626 0.087315 0.015943 0.021209
0 0.357499 0.042732 0.015781 0.018858
0 0.428944 0.039587 0.019737 0.021685
0 0.046711 0.905684 0.014695 0.018725
0 0.833072 0.895230 0.016210 0.022361
0 0.105564 0.204827 0.019864 0.024143
0 0.886454 0.668486 0.017090 0.021877
0 0.875311 0.707011 0.018828 0.022925
0 0.786555 0.083127 0.020068 0.025911
0 0.003653 0.845090 0.007306 0.020550
0 0.693405 0.556618 0.019101 0.029605
0 0.802932 0.785069 0.020056 0.022960
0 0.036160 0.875919 0.014239 0.016646
0 0.423758 0.014219 0.013953 0.020603
0 0.862972 0.510652 0.018629 0.022326
0 0.466044 0.622538 0.018516 0.023933
0 0.226789 0.233529 0.019313 0.023442
0 0.815158 0.644801 0.016299 0.021422
0 0.541167 0.438408 0.018150 0.023244
0 0.045223 0.119661 0.018653 0.025407
0 0.483832 0.541867 0.018574 0.022022
0 0.076358 0.079723 0.014550 0.023381
0 0.553494 0.813524 0.018641 0.024529
0 0.060408 0.484690 0.020459 0.023702
0 0.670984 0.871855 0.015975 0.019669
0 0.878913 0.969509 0.015958 0.020354
0 0.215181 0.334653 0.017148 0.021725
0 0.078490 0.017154 0.017428 0.020539
0 0.296507 0.028555 0.017426 0.021796
0 0.910266 0.459244 0.019915 0.022613
0 0.112266 0.429816 0.017102 0.022373
0 0.313351 0.837127 0.015996 0.020346
0 0.733176 0.049266 0.017724 0.023713
0 0.584631 0.325434 0.020747 0.025846
0 0.729038 0.572078 0.016681 0.021617
0 0.004192 0.772453 0.008384 0.022289
0 0.019761 0.511302 0.012107 0.016339
0 0.618621 0.116553 0.018090 0.022422
0 0.826180 0.992479 0.015852 0.014378
0 0.897359 0.957299 0.016559 0.021273
0 0.858427 0.676192 0.017290 0.020720
0 0.210312 0.497010 0.018824 0.021222
0 0.846243 0.975084 0.014486 0.018081
0 0.340304 0.652241 0.017207 0.021140
0 0.481847 0.226407 0.015543 0.018319
0 0.989388 0.425334 0.017957 0.022185
0 0.699934 0.833731 0.015770 0.020830
0 0.545974 0.657235 0.018771 0.021400
0 0.552667 0.158197 0.018934 0.024798
0 0.374083 0.645937 0.014513 0.020686
0 0.896776 0.988401 0.016573 0.019410
0 0.335107 0.051244 0.014427 0.021206
0 0.372823 0.976999 0.013761 0.016645
0 0.736237 0.532705 0.019656 0.023700
0 0.668731 0.814683 0.019569 0.022025
0 0.787399 0.993202 0.017604 0.013596
0 0.335719 0.021250 0.016753 0.024706
0 0.409212 0.902299 0.016999 0.020122
0 0.078492 0.859809 0.019782 0.027220
0 0.371731 0.879024 0.020457 0.026881
0 0.291282 0.830633 0.015877 0.020684
0 0.666563 0.684625 0.016730 0.019948
0 0.791605 0.289155 0.017986 0.021613
0 0.200446 0.664531 0.017270 0.022309
0 0.716403 0.591988 0.016518 0.021122
0 0.923108 0.985856 0.015994 0.021515
0 0.240471 0.806254 0.021240 0.024383
0 0.472324 0.145590 0.018414 0.021850
0 0.250312 0.546268 0.018019 0.024081
0 0.440363 0.588413 0.014921 0.016494
0 0.823438 0.969929 0.015486 0.019092
0 0.205263 0.470708 0.016624 0.020452
0 0.535659 0.014770 0.012118 0.018652
0 0.503862 0.391052 0.018963 0.025673
0 0.187483 0.230886 0.014369 0.017947
0 0.451576 0.335656 0.017213 0.021790
0 0.383414 0.007224 0.015476 0.013288
0 0.761308 0.843075 0.014201 0.017220
0 0.294578 0.637044 0.013657 0.016787
0 0.367046 0.956857 0.017353 0.019294
0 0.004822 0.844271 0.009644 0.021424
0 0.003184 0.647688 0.006368 0.017653
0 0.137482 0.685456 0.013660 0.017629
0 0.597851 0.894793 0.012882 0.016524
0 0.210640 0.993719 0.018170 0.012563
0 0.726498 0.389897 0.012364 0.015951
0 0.498048 0.433058 0.014516 0.016822
0 0.681533 0.993181 0.020161 0.013147
0 0.622438 0.019578 0.012829 0.017232
0 0.482338 0.004014 0.016000 0.008027
0 0.403754 0.123414 0.011914 0.016473
