0 0.702491 0.266064 0.018072 0.022227
0 0.559486 0.520393 0.024055 0.029431
0 0.512146 0.033704 0.015656 0.018608
0 0.165696 0.012933 0.020593 0.021778
0 0.213351 0.316094 0.020763 0.024883
0 0.437954 0.110550 0.017138 0.025320
0 0.422842 0.844369 0.018022 0.020697
0 0.904955 0.770596 0.019611 0.022996
0 0.826584 0.861382 0.017744 0.023134
0 0.937869 0.917254 0.020344 0.026575
0 0.851248 0.565737 0.019995 0.023949
0 0.514959 0.881054 0.017918 0.024854
0 0.141368 0.358711 0.018017 0.021828
0 0.413272 0.105891 0.018966 0.023759
0 0.421424 0.146890 0.018028 0.023474
0 0.438196 0.743562 0.016293 0.019463
0 0.316739 0.607996 0.017579 0.023582
0 0.900449 0.721175 0.019345 0.023347
0 0.552682 0.470187 0.017165 0.019950
0 0.481596 0.526806 0.018456 0.022860
0 0.581197 0.477197 0.016535 0.022073
0 0.607831 0.174733 0.016746 0.020813
0 0.314231 0.122715 0.014199 0.017957
0 0.702025 0.051819 0.017853 0.021812
0 0.979253 0.855740 0.016819 0.020471
0 0.687002 0.706847 0.018417 0.023590
0 0.251969 0.514639 0.018735 0.024318
0 0.945687 0.447939 0.019567 0.023275
0 0.409465 0.229115 0.017378 0.021565
0 0.563922 0.098511 0.014565 0.018021
0 0.487063 0.458758 0.017153 0.022368
0 0.249311 0.380645 0.016238 0.020775
0 0.941256 0.325395 0.017804 0.021976
0 0.424070 0.545532 0.018363 0.022886
0 0.010025 0.129241 0.015519 0.016994
0 0.793103 0.822346 0.021147 0.025024
0 0.048967 0.701092 0.017749 0.023020
0 0.243358 0.333031 0.018922 0.021934
0 0.475323 0.886608 0.018402 0.022393
0 0.626330 0.061919 0.017174 0.021919
0 0.446581 0.611095 0.017688 0.021698
0 0.174073 0.399309 0.018922 0.017162
0 0.273577 0.662488 0.018936 0.022399
0 0.892856 0.681863 0.018549 0.024893
0 0.297770 0.283895 0.016051 0.020951
0 0.129898 0.224556 0.017241 0.021747
0 0.993191 0.772099 0.013619 0.023860
0 0.681902 0.116388 0.016155 0.020641
0 0.910978 0.167520 0.017055 0.020690
0 0.756805 0.639926 0.017474 0.020421
0 0.105243 0.475755 0.018829 0.022639
0 0.038791 0.594565 0.023342 0.028996
0 0.324973 0.826477 0.016034 0.021274
0 0.336042 0.281345 0.016782 0.020333
0 0.037621 0.534513 0.017275 0.022749
0 0.605627 0.851965 0.020216 0.023904
0 0.360756 0.474412 0.015519 0.020179
0 0.528952 0.050893 0.016065 0.019388
0 0.347844 0.807787 0.016677 0.019584
0 0.181174 0.320319 0.013333 0.017186
0 0.142791 0.106287 0.017878 0.021938
0 0.729118 0.250918 0.018861 0.025315
0 0.986653 0.645277 0.017316 0.023286
0 0.691260 0.286634 0.016227 0.019302
0 0.433351 0.242910 0.015595 0.015877
0 0.801915 0.763407 0.017571 0.019945
0 0.958806 0.958853 0.018869 0.025818
0 0.778288 0.448434 0.019266 0.023858
0 0.620634 0.109857 0.013921 0.017586
0 0.996316 0.125301 0.007369 0.020279
0 0.385657 0.017296 0.016655 0.019342
0 0.333707 0.145364 0.017758 0.021730
0 0.684300 0.952657 0.019876 0.023369
0 0.550741 0.307285 0.019582 0.023113
0 0.321033 0.099976 0.017636 0.021304
0 0.215039 0.446794 0.017904 0.020510
0 0.492945 0.300497 0.016724 0.020267
0 0.697572 0.758771 0.018661 0.021843
0 0.432568 0.896298 0.019661 0.023093
0 0.422762 0.581148 0.015790 0.020532
0 0.820586 0.656714 0.018674 0.018373
0 0.423684 0.450870 0.015739 0.019956
0 0.514302 0.735414 0.015721 0.019649
0 0.230978 0.421603 0.016820 0.020052
0 0.050645 0.379008 0.017153 0.019810
0 0.533225 0.527780 0.015254 0.018761
0 0.230654 0.364748 0.017611 0.021481
0 0.378111 0.656503 0.015524 0.019223
0 0.243592 0.853487 0.015967 0.018497
0 0.653389 0.519997 0.015122 0.018741
0 0.959320 0.236909 0.013096 0.015326
0 0.913320 0.991794 0.018199 0.015806
0 0.119020 0.327174 0.020348 0.021392
0 0.330261 0.719367 0.014128 0.017780
0 0.148237 0.438339 0.017400 0.021803
0 0.974651 0.126086 0.016166 0.021924
0 0.253605 0.685640 0.012047 0.016112
0 0.439884 0.398822 0.017934 0.024618
0 0.546694 0.436978 0.016736 0.019003
0 0.324678 0.557971 0.019469 0.022748
0 0.487617 0.968700 0.017262 0.019361
0 0.959224 0.173448 0.014540 0.017451
0 0.160389 0.562768 0.017866 0.022795
0 0.913745 0.051851 0.018583 0.027902
0 0.058630 0.418595 0.015744 0.020884
0 0.398718 0.860863 0.014821 0.017204
0 0.439381 0.978093 0.016580 0.019428
0 0.825567 0.029492 0.015464 0.019799
0 0.436962 0.227540 0.014774 0.016243
0 0.889424 0.615568 0.015760 0.021282
0 0.657484 0.656944 0.012819 0.015322
0 0.700395 0.239818 0.013125 0.016411
0 0.582378 0.021971 0.013391 0.016602
0 0.035286 0.778562 0.012095 0.014608
0 0.080404 0.202387 0.012710 0.014441
0 0.302180 0.601210 0.011809 0.015991
0 0.583894 0.080864 0.012320 0.016096
0 0.303299 0.603043 0.012491 0.020403
0 0.562970 0.491132 0.015895 0.018325
0 0.265093 0.112447 0.020842 0.022174
0 0.177186 0.398909 0.020169 0.017886
0 0.156628 0.572400 0.016943 0.014547
0 0.435072 0.234462 0.017557 0.029164
0 0.668478 0.532614 0.010304 0.012359
0 0.641816 0.787488 0.011182 0.014184
0 0.098329 0.077139 0.012563 0.015494
0 0.700113 0.238418 0.017400 0.021048
