0 0.553250 0.513657 0.021705 0.027713
0 0.406950 0.007363 0.014097 0.014726
0 0.207832 0.308726 0.021608 0.025957
0 0.990061 0.819012 0.018547 0.021345
0 0.975047 0.871729 0.021165 0.024984
0 0.693721 0.258636 0.022666 0.026710
0 0.990533 0.765403 0.018818 0.025283
0 0.722113 0.255280 0.019283 0.024127
0 0.267198 0.652586 0.015748 0.020818
0 0.007774 0.407818 0.015205 0.025162
0 0.155169 0.571038 0.018634 0.020546
0 0.391186 0.535830 0.016138 0.021584
0 0.536272 0.486453 0.018015 0.023254
0 0.246651 0.508960 0.020325 0.023948
0 0.134858 0.352301 0.016910 0.021215
0 0.440256 0.607286 0.018292 0.024236
0 0.343782 0.796757 0.017496 0.022159
0 0.415649 0.537553 0.017094 0.021676
0 0.546952 0.306560 0.020472 0.023688
0 0.187782 0.128003 0.018980 0.022423
0 0.977114 0.640888 0.019597 0.022370
0 0.828736 0.820378 0.022601 0.026144
0 0.098392 0.473700 0.018432 0.024102
0 0.199508 0.348384 0.017647 0.021836
0 0.224352 0.359752 0.015935 0.020302
0 0.320235 0.243570 0.020306 0.022951
0 0.379978 0.014459 0.016028 0.019244
0 0.689272 0.051348 0.017219 0.023814
0 0.415615 0.261659 0.017966 0.021990
0 0.681346 0.699947 0.022240 0.026774
0 0.603167 0.859674 0.023574 0.024817
0 0.787659 0.814565 0.022612 0.026143
0 0.845201 0.557865 0.023225 0.029824
0 0.711752 0.841900 0.020863 0.025171
0 0.329999 0.274492 0.016072 0.020663
0 0.431805 0.747329 0.019912 0.023741
0 0.444222 0.645418 0.017677 0.020723
0 0.617973 0.056175 0.018195 0.022438
0 0.208332 0.438231 0.019198 0.023430
0 0.311102 0.094999 0.016785 0.020478
0 0.416992 0.139661 0.017573 0.022888
0 0.689972 0.751552 0.019025 0.023007
0 0.904117 0.163502 0.018033 0.023618
0 0.222513 0.037631 0.015690 0.019747
0 0.246919 0.667451 0.019178 0.022867
0 0.782618 0.337692 0.020146 0.024445
0 0.887467 0.355204 0.019972 0.023168
0 0.417869 0.847237 0.019017 0.023599
0 0.043498 0.372490 0.018615 0.020696
0 0.701319 0.781781 0.017831 0.021289
0 0.649060 0.097524 0.018943 0.022845
0 0.350908 0.944557 0.021339 0.025420
0 0.021824 0.523923 0.019968 0.022570
0 0.186913 0.894079 0.020064 0.023706
0 0.326549 0.420623 0.018530 0.023898
0 0.575025 0.473090 0.018311 0.023802
0 0.322735 0.596886 0.018037 0.021756
0 0.389338 0.049046 0.015712 0.020649
0 0.073867 0.372972 0.018575 0.023250
0 0.952750 0.951967 0.022139 0.027320
0 0.322635 0.059291 0.018508 0.026736
0 0.141940 0.432944 0.017410 0.020827
0 0.352765 0.898781 0.019401 0.023839
0 0.441116 0.045741 0.016448 0.020783
0 0.926761 0.151031 0.015398 0.020486
0 0.246014 0.371780 0.016077 0.021217
0 0.161300 0.007821 0.018043 0.015104
0 0.123858 0.222687 0.018086 0.024161
0 0.544168 0.278195 0.016561 0.019819
0 0.993013 0.118845 0.013973 0.024108
0 0.554322 0.482414 0.013229 0.020909
0 0.404583 0.579112 0.018813 0.023136
0 0.319109 0.559054 0.019847 0.025855
0 0.901575 0.730924 0.019410 0.023484
0 0.417264 0.450449 0.017700 0.022085
0 0.598088 0.172411 0.018667 0.023060
0 0.355167 0.468361 0.016071 0.020845
0 0.754873 0.641918 0.019409 0.025257
0 0.097239 0.715429 0.015494 0.019172
0 0.137440 0.099222 0.017150 0.021606
0 0.043392 0.286706 0.016364 0.020899
0 0.937441 0.440835 0.019562 0.024449
0 0.902846 0.064967 0.021409 0.024317
0 0.744655 0.419406 0.021637 0.026444
0 0.643678 0.939122 0.020138 0.024831
0 0.509151 0.729273 0.018290 0.021979
0 0.052913 0.410518 0.015388 0.019947
0 0.390755 0.854444 0.016037 0.019686
0 0.621364 0.225207 0.018338 0.021784
0 0.261484 0.080093 0.018125 0.020432
0 0.424703 0.233650 0.018649 0.024456
0 0.532898 0.530019 0.016271 0.021112
0 0.370489 0.650253 0.017062 0.020708
0 0.487597 0.965100 0.019518 0.026493
0 0.785689 0.723554 0.018450 0.021544
0 0.863234 0.706192 0.019661 0.022468
0 0.543081 0.433667 0.017706 0.021133
0 0.065566 0.828243 0.015511 0.019144
0 0.153812 0.568836 0.022678 0.024814
0 0.953140 0.166646 0.015555 0.019592
0 0.075442 0.931311 0.018403 0.021829
0 0.291766 0.274891 0.018674 0.024545
0 0.205698 0.086155 0.014431 0.019411
0 0.158706 0.363496 0.015358 0.020122
0 0.635336 0.041084 0.015488 0.019756
0 0.577434 0.075794 0.014051 0.017341
0 0.555937 0.599462 0.014161 0.017909
0 0.260740 0.104137 0.018166 0.019406
0 0.257937 0.105460 0.017324 0.019052
0 0.952851 0.166143 0.018209 0.024029
0 0.580942 0.805888 0.013321 0.017146
0 0.150517 0.567888 0.018821 0.023799
