0 0.912711 0.883252 0.017041 0.021272
0 0.228525 0.838037 0.027177 0.030962
0 0.827115 0.069339 0.017685 0.023138
0 0.035385 0.044864 0.017355 0.020767
0 0.219413 0.806832 0.018359 0.021669
0 0.248390 0.757147 0.016825 0.020896
0 0.959704 0.617310 0.017631 0.020783
0 0.075457 0.873489 0.018886 0.025844
0 0.778755 0.847405 0.018952 0.021681
0 0.967396 0.711501 0.017189 0.020932
0 0.489440 0.021645 0.017846 0.021199
0 0.073806 0.090992 0.018336 0.022019
0 0.129787 0.551256 0.017065 0.020999
0 0.152601 0.043307 0.018733 0.022889
0 0.983561 0.293114 0.019082 0.022481
0 0.123106 0.795693 0.016325 0.021753
0 0.255678 0.050922 0.016893 0.022565
0 0.155631 0.897655 0.019203 0.023874
0 0.797651 0.811289 0.017085 0.022195
0 0.125074 0.036851 0.016989 0.021772
0 0.450883 0.596199 0.016490 0.019408
0 0.671636 0.160140 0.018817 0.021557
0 0.128120 0.910930 0.015962 0.021480
0 0.231899 0.552041 0.019021 0.023092
0 0.062403 0.788505 0.016665 0.020469
0 0.087238 0.502331 0.019040 0.022770
0 0.434905 0.661442 0.014446 0.017211
0 0.213665 0.732882 0.015588 0.021454
0 0.626978 0.405664 0.015603 0.020384
0 0.387549 0.355643 0.014010 0.018928
0 0.236117 0.741855 0.014453 0.017999
0 0.406994 0.008992 0.016423 0.016230
0 0.236665 0.429769 0.019567 0.026464
0 0.424968 0.679845 0.015812 0.019215
0 0.816289 0.285207 0.018165 0.024599
0 0.883817 0.870787 0.016443 0.021273
0 0.258153 0.783736 0.016010 0.018916
0 0.826397 0.974856 0.018787 0.021618
0 0.317148 0.283670 0.016387 0.020663
0 0.031757 0.818309 0.018493 0.022918
0 0.245470 0.024696 0.017194 0.018967
0 0.048604 0.009931 0.013668 0.016143
0 0.113620 0.297707 0.015936 0.020670
0 0.377437 0.417364 0.017170 0.020266
0 0.004089 0.247328 0.008155 0.022938
0 0.800776 0.779952 0.023650 0.024866
0 0.035461 0.301502 0.015770 0.019467
0 0.162793 0.595021 0.016047 0.018817
0 0.518464 0.679110 0.015454 0.019998
0 0.776699 0.204907 0.016634 0.021743
0 0.888820 0.422606 0.017631 0.021873
0 0.775213 0.232754 0.013907 0.018475
0 0.071294 0.581678 0.018277 0.020401
0 0.393691 0.265725 0.015948 0.020418
0 0.420135 0.036357 0.014334 0.016396
0 0.846337 0.278553 0.014231 0.018850
0 0.049065 0.415450 0.019264 0.022372
0 0.284866 0.329258 0.014753 0.018966
0 0.519340 0.205939 0.014646 0.020438
0 0.729104 0.567832 0.018131 0.017308
0 0.730671 0.009509 0.015579 0.016314
0 0.261202 0.431791 0.012631 0.017003
0 0.419882 0.333016 0.015303 0.019848
0 0.047809 0.668660 0.016023 0.020050
0 0.301324 0.314361 0.012538 0.016427
0 0.302086 0.148709 0.015524 0.020426
0 0.610049 0.065788 0.015491 0.017702
0 0.781035 0.638310 0.016846 0.020807
0 0.733094 0.566819 0.015426 0.016472
0 0.552663 0.147627 0.012829 0.016528
0 0.005068 0.245814 0.010136 0.021867
0 0.521217 0.408457 0.016003 0.017858
0 0.303007 0.263519 0.015431 0.017366
0 0.576460 0.231227 0.015438 0.020222
0 0.105502 0.694397 0.018189 0.023483
0 0.241838 0.200728 0.015120 0.020001
0 0.872223 0.624780 0.015946 0.021471
0 0.673278 0.158158 0.021194 0.026467
0 0.651917 0.131143 0.014804 0.017476
0 0.343409 0.307101 0.014438 0.019126
0 0.308763 0.419389 0.012927 0.015903
0 0.144717 0.988127 0.014390 0.016919
0 0.076298 0.330240 0.014348 0.018924
