0 0.992627 0.800136 0.013734 0.018333
0 0.705478 0.272715 0.015482 0.020666
0 0.216831 0.324211 0.020800 0.028433
0 0.558832 0.529434 0.024569 0.033307
0 0.709818 0.706817 0.016176 0.018841
0 0.510364 0.460115 0.015928 0.020774
0 0.318641 0.555124 0.017037 0.021759
0 0.945142 0.332912 0.017937 0.021225
0 0.700078 0.764752 0.015007 0.019870
0 0.971988 0.813129 0.014807 0.019930
0 0.404153 0.237433 0.017961 0.022987
0 0.902493 0.774068 0.018185 0.021932
0 0.960189 0.690536 0.016915 0.020474
0 0.249818 0.388481 0.017666 0.020547
0 0.722795 0.255154 0.015394 0.021179
0 0.007516 0.525195 0.015033 0.022625
0 0.963097 0.315709 0.015369 0.020711
0 0.310843 0.893245 0.017355 0.020591
0 0.982854 0.647864 0.017851 0.021866
0 0.404799 0.977128 0.018553 0.020835
0 0.066816 0.383707 0.019346 0.024933
0 0.239817 0.315923 0.018291 0.024826
0 0.232701 0.368237 0.017339 0.024672
0 0.460953 0.470698 0.016022 0.019998
0 0.978324 0.859784 0.013678 0.017474
0 0.682748 0.124131 0.016327 0.020721
0 0.127042 0.387865 0.016718 0.019595
0 0.150614 0.444976 0.016192 0.022552
0 0.433304 0.753835 0.017235 0.020807
0 0.357360 0.829979 0.016015 0.019727
0 0.931654 0.482158 0.023423 0.022858
0 0.166575 0.021747 0.017469 0.022140
0 0.389767 0.841889 0.016784 0.020840
0 0.084701 0.183040 0.016177 0.020725
0 0.380893 0.664913 0.016941 0.019450
0 0.559558 0.321424 0.019850 0.024055
0 0.338492 0.289977 0.017084 0.020424
0 0.855843 0.571657 0.019643 0.022065
0 0.981965 0.463599 0.016651 0.019936
0 0.349526 0.736696 0.021270 0.021438
0 0.369434 0.007389 0.015219 0.012436
0 0.719247 0.759731 0.015673 0.021179
0 0.598752 0.185936 0.017887 0.020588
0 0.254950 0.525094 0.018083 0.022266
0 0.060175 0.423371 0.015383 0.018914
0 0.702927 0.738352 0.015717 0.021177
0 0.676657 0.965643 0.015835 0.020327
0 0.379207 0.457016 0.017978 0.024283
0 0.622237 0.062140 0.018247 0.023087
0 0.490667 0.461430 0.014229 0.019381
0 0.413929 0.090374 0.021500 0.026807
0 0.434570 0.244667 0.015080 0.018864
0 0.442467 0.397785 0.017529 0.021336
0 0.045267 0.383385 0.014036 0.019874
0 0.904436 0.735536 0.016028 0.020393
0 0.349048 0.546025 0.016130 0.019598
0 0.090843 0.278015 0.013937 0.016477
0 0.416939 0.549901 0.019556 0.023567
0 0.444903 0.016285 0.015933 0.017970
0 0.425978 0.151064 0.017928 0.021391
0 0.474025 0.304161 0.017316 0.021901
0 0.296046 0.128506 0.016483 0.022069
0 0.846871 0.028159 0.017073 0.019381
0 0.298365 0.287287 0.017870 0.022624
0 0.646596 0.425474 0.015013 0.019787
0 0.550082 0.444445 0.015305 0.019063
0 0.302882 0.052068 0.018241 0.022614
0 0.791829 0.558347 0.015708 0.020491
0 0.395337 0.051268 0.014350 0.017865
0 0.780599 0.454937 0.019710 0.024675
0 0.328036 0.108661 0.018338 0.021845
0 0.244964 0.036653 0.014225 0.016179
0 0.956583 0.472587 0.014134 0.022193
0 0.261732 0.666986 0.016892 0.019679
0 0.519933 0.743082 0.015324 0.019257
0 0.926448 0.772861 0.015415 0.019845
0 0.146017 0.114041 0.016590 0.020604
0 0.669854 0.112011 0.013393 0.015876
0 0.604636 0.860734 0.017384 0.023854
0 0.099657 0.258901 0.015669 0.017863
0 0.797057 0.822181 0.020489 0.024563
0 0.084256 0.928403 0.019253 0.024096
0 0.147340 0.697697 0.017722 0.020754
0 0.221197 0.720490 0.016844 0.021563
0 0.685285 0.286465 0.015449 0.021114
0 0.217905 0.449242 0.018471 0.021146
0 0.692962 0.058564 0.016526 0.019660
0 0.905063 0.168796 0.015580 0.019154
0 0.948398 0.283821 0.017777 0.019318
0 0.209401 0.590887 0.012544 0.016118
0 0.413226 0.886997 0.017898 0.022875
0 0.145541 0.139384 0.013873 0.017063
0 0.283034 0.721716 0.015204 0.019516
0 0.985304 0.359749 0.018089 0.022279
0 0.307101 0.579994 0.017753 0.020674
0 0.966333 0.894803 0.014069 0.017851
0 0.881766 0.530592 0.016440 0.018596
0 0.962961 0.180555 0.014286 0.017756
0 0.438471 0.624316 0.017674 0.024044
0 0.975500 0.705029 0.014220 0.019118
0 0.135981 0.364712 0.018637 0.022218
0 0.426563 0.336044 0.015660 0.018916
0 0.961920 0.439249 0.015292 0.019479
0 0.754505 0.652251 0.016620 0.022194
0 0.351153 0.808379 0.015708 0.018333
0 0.755374 0.605104 0.020868 0.025665
0 0.423501 0.469297 0.014937 0.018089
0 0.559628 0.980871 0.015517 0.018860
0 0.654374 0.794316 0.015410 0.020291
0 0.855447 0.798170 0.018024 0.021411
0 0.945894 0.457646 0.014793 0.017538
0 0.734842 0.988826 0.019734 0.018751
0 0.534988 0.535684 0.014896 0.018225
0 0.295328 0.711191 0.013219 0.017555
0 0.689023 0.713930 0.017394 0.020650
0 0.200863 0.558485 0.014573 0.017315
0 0.962917 0.964019 0.018485 0.026067
0 0.361444 0.469708 0.015622 0.019313
0 0.957621 0.822566 0.013638 0.019624
0 0.996708 0.777270 0.006584 0.021991
0 0.574155 0.613469 0.010855 0.013972
0 0.148816 0.986436 0.016056 0.018544
0 0.886751 0.123950 0.011857 0.014486
0 0.144464 0.566132 0.016025 0.020813
0 0.267967 0.116392 0.015081 0.020170
0 0.354398 0.484203 0.014503 0.016197
0 0.259432 0.656782 0.017366 0.025052
0 0.750925 0.961283 0.014910 0.014828
0 0.644859 0.342407 0.012251 0.014595
0 0.418238 0.749484 0.010736 0.016167
0 0.799492 0.284825 0.014067 0.020204
0 0.632825 0.892206 0.012334 0.014552
0 0.295679 0.559706 0.016598 0.022520
0 0.968294 0.151114 0.017672 0.020713
0 0.703583 0.249175 0.012398 0.015939
0 0.937979 0.442176 0.014053 0.016951
0 0.260678 0.661804 0.019358 0.028880
0 0.947316 0.991857 0.025964 0.015350
0 0.150574 0.017863 0.011972 0.020421
0 0.733489 0.267230 0.015282 0.020519
0 0.150837 0.576423 0.012775 0.014748
0 0.613448 0.543352 0.010177 0.013054
0 0.941309 0.447912 0.017581 0.023109
0 0.997079 0.655903 0.005842 0.021951
0 0.217556 0.722585 0.021539 0.023258
0 0.443349 0.463847 0.013054 0.018591
0 0.358520 0.475663 0.019105 0.029316
0 0.045632 0.383333 0.017551 0.023264
0 0.732029 0.264986 0.016135 0.022767
