0 0.236556 0.553783 0.019685 0.024278
0 0.914833 0.884679 0.017110 0.022160
0 0.061743 0.348840 0.018196 0.022199
0 0.140199 0.938322 0.016086 0.021361
0 0.771591 0.210132 0.017492 0.018797
0 0.545910 0.558471 0.018787 0.024129
0 0.443178 0.314616 0.017202 0.020230
0 0.915021 0.409741 0.019652 0.026653
0 0.700910 0.417455 0.017941 0.023020
0 0.792803 0.124650 0.019746 0.025421
0 0.727686 0.355545 0.020011 0.022863
0 0.478202 0.145844 0.016918 0.021639
0 0.414004 0.331578 0.019934 0.026109
0 0.638405 0.303422 0.017667 0.020877
0 0.099233 0.310616 0.017639 0.023978
0 0.364071 0.874733 0.017122 0.021328
0 0.161278 0.956067 0.017810 0.021419
0 0.238730 0.741589 0.016472 0.022287
0 0.512040 0.723442 0.027811 0.028239
0 0.270565 0.049857 0.020240 0.025627
0 0.035245 0.264277 0.017988 0.022361
0 0.760733 0.106829 0.017708 0.023177
0 0.705956 0.333884 0.016374 0.018633
0 0.414452 0.413193 0.019736 0.022728
0 0.799632 0.873734 0.018776 0.022089
0 0.378205 0.098207 0.018389 0.021320
0 0.982792 0.300913 0.017418 0.023347
0 0.059129 0.179705 0.014260 0.017090
0 0.519974 0.043953 0.017652 0.021400
0 0.126278 0.211169 0.017239 0.021227
0 0.761991 0.344573 0.015651 0.019371
0 0.264554 0.492625 0.018974 0.024056
0 0.127020 0.283999 0.020112 0.024369
0 0.044301 0.415740 0.017700 0.022504
0 0.126259 0.914147 0.017761 0.023046
0 0.321584 0.266355 0.014173 0.019694
0 0.226013 0.388988 0.019590 0.024446
0 0.810226 0.493772 0.016852 0.020244
0 0.437921 0.695170 0.017804 0.024463
0 0.209063 0.743560 0.016878 0.019379
0 0.930763 0.682109 0.019689 0.022247
0 0.074548 0.303856 0.016209 0.023138
0 0.264032 0.738973 0.016724 0.022329
0 0.523923 0.694571 0.017572 0.021793
0 0.776697 0.235544 0.017260 0.021780
0 0.278618 0.198333 0.017602 0.023429
0 0.820976 0.700317 0.019675 0.024494
0 0.826179 0.857122 0.014887 0.019396
0 0.039158 0.846964 0.019137 0.023423
0 0.650990 0.062764 0.018671 0.023209
0 0.605484 0.153196 0.016025 0.019804
0 0.558185 0.157382 0.014549 0.018115
0 0.090060 0.504369 0.019952 0.024421
0 0.263161 0.880539 0.017005 0.020062
0 0.315377 0.849881 0.017752 0.025284
0 0.864861 0.631341 0.018189 0.023479
0 0.319322 0.393860 0.018490 0.022022
0 0.159524 0.855085 0.016289 0.021443
0 0.401073 0.522601 0.016709 0.019838
0 0.881321 0.416870 0.019438 0.025443
0 0.155989 0.890281 0.019492 0.027093
0 0.870493 0.875559 0.017087 0.020968
0 0.408373 0.221185 0.018377 0.024327
0 0.519650 0.411520 0.019143 0.022549
0 0.931354 0.644625 0.020323 0.023744
0 0.394013 0.958607 0.018054 0.021947
0 0.548754 0.747783 0.016826 0.022158
0 0.470939 0.482418 0.017577 0.022154
0 0.932476 0.222469 0.018817 0.022825
0 0.823860 0.983096 0.018606 0.022011
0 0.191781 0.842166 0.016357 0.020547
0 0.532014 0.113383 0.018789 0.022338
0 0.317281 0.241282 0.015662 0.020016
0 0.639650 0.507052 0.018287 0.021645
0 0.798861 0.087268 0.019136 0.018878
0 0.304618 0.154295 0.018613 0.022837
0 0.889196 0.287556 0.021164 0.022771
0 0.544311 0.655051 0.016182 0.020441
0 0.897524 0.111908 0.020537 0.022375
0 0.031618 0.227149 0.018748 0.021760
0 0.331681 0.222559 0.015750 0.018533
0 0.269527 0.576088 0.015148 0.019399
0 0.433834 0.669127 0.015738 0.016947
0 0.226976 0.883850 0.016247 0.019261
0 0.993887 0.075780 0.012226 0.023188
0 0.576122 0.251670 0.018578 0.022848
0 0.213110 0.171462 0.016921 0.018948
0 0.091767 0.864802 0.017899 0.022035
0 0.991094 0.245967 0.017353 0.020126
0 0.030157 0.178096 0.016872 0.022805
0 0.177728 0.718108 0.020764 0.028083
0 0.068514 0.208566 0.020558 0.023088
0 0.331309 0.299021 0.016557 0.020273
0 0.475336 0.254670 0.016185 0.020749
0 0.889501 0.895956 0.015363 0.018292
0 0.996504 0.655160 0.006991 0.022586
0 0.182487 0.725391 0.017765 0.022158
0 0.299908 0.263465 0.017239 0.023192
0 0.004103 0.025010 0.008191 0.027683
