0 0.913192 0.883832 0.016956 0.021284
0 0.952178 0.378317 0.019847 0.023318
0 0.146746 0.913784 0.017684 0.020755
0 0.208341 0.741499 0.016278 0.019741
0 0.233971 0.553163 0.018711 0.025110
0 0.796029 0.871757 0.018596 0.021965
0 0.201102 0.960475 0.021446 0.027699
0 0.443353 0.313016 0.016757 0.020559
0 0.847804 0.965891 0.023155 0.027123
0 0.804858 0.291209 0.020294 0.025895
0 0.008829 0.734448 0.017393 0.023939
0 0.693118 0.488256 0.018908 0.024234
0 0.086068 0.506701 0.018856 0.023773
0 0.335080 0.250860 0.019738 0.026917
0 0.622153 0.341054 0.017232 0.023042
0 0.975657 0.294303 0.019196 0.024423
0 0.343400 0.440536 0.014987 0.018519
0 0.480855 0.075771 0.016495 0.021669
0 0.462264 0.438200 0.018487 0.022348
0 0.206991 0.770852 0.017790 0.020023
0 0.981776 0.579978 0.017160 0.020251
0 0.689198 0.079602 0.020019 0.023914
0 0.076733 0.157508 0.016463 0.019589
0 0.710160 0.367804 0.016998 0.020946
0 0.154229 0.311584 0.020602 0.025738
0 0.869733 0.873616 0.016453 0.020481
0 0.199723 0.013148 0.019028 0.022557
0 0.318454 0.770076 0.018142 0.024699
0 0.915101 0.380874 0.016727 0.020159
0 0.331630 0.351852 0.019123 0.021873
0 0.237003 0.739672 0.015796 0.023351
0 0.026933 0.307764 0.018470 0.022386
0 0.416948 0.423074 0.015932 0.020313
0 0.263976 0.737573 0.014637 0.018940
0 0.311830 0.047515 0.018319 0.023124
0 0.080704 0.896588 0.015786 0.019731
0 0.933288 0.677447 0.017861 0.019660
0 0.318625 0.391964 0.018018 0.021910
0 0.481072 0.181962 0.017225 0.021428
0 0.709397 0.261581 0.017145 0.019721
0 0.069490 0.262794 0.018927 0.021871
0 0.029629 0.928603 0.018639 0.025923
0 0.721548 0.713710 0.015689 0.019753
0 0.671102 0.312029 0.020316 0.028579
0 0.254342 0.140932 0.013925 0.018318
0 0.769059 0.210079 0.017586 0.018515
0 0.636796 0.299975 0.015817 0.019716
0 0.481332 0.701133 0.016404 0.021172
0 0.246026 0.455756 0.017793 0.022103
0 0.124837 0.280842 0.019026 0.022849
0 0.544084 0.655433 0.015462 0.018918
0 0.330518 0.293745 0.013987 0.018288
0 0.604952 0.243591 0.016997 0.021514
0 0.798998 0.082524 0.017784 0.019781
0 0.933351 0.219711 0.017528 0.022683
0 0.402102 0.088439 0.017296 0.022359
0 0.268624 0.577113 0.014809 0.018078
0 0.522136 0.686065 0.016374 0.021834
0 0.429962 0.667853 0.017682 0.020020
0 0.307610 0.708633 0.017987 0.021225
0 0.044218 0.414223 0.016531 0.020538
0 0.519545 0.411448 0.017384 0.022423
0 0.114152 0.719390 0.016378 0.020992
0 0.299115 0.258003 0.016097 0.020623
0 0.365146 0.585734 0.016369 0.021559
0 0.310970 0.279364 0.015998 0.017963
0 0.024287 0.855563 0.016261 0.020186
0 0.833413 0.231711 0.016387 0.024147
0 0.353044 0.164935 0.019201 0.021590
0 0.548841 0.010296 0.018063 0.018140
0 0.820651 0.987729 0.017523 0.019360
0 0.865852 0.631940 0.019079 0.022355
0 0.161137 0.888582 0.020976 0.025266
0 0.121776 0.801172 0.017956 0.023694
0 0.339301 0.843532 0.015726 0.019299
0 0.636017 0.504896 0.016301 0.020570
0 0.655821 0.065350 0.018033 0.022771
0 0.122501 0.908029 0.017487 0.022579
0 0.301127 0.152639 0.017075 0.020775
0 0.798424 0.485910 0.017559 0.024095
0 0.774490 0.234237 0.018053 0.023004
0 0.556947 0.149699 0.015922 0.017820
0 0.265829 0.775876 0.017674 0.024012
0 0.089809 0.869045 0.016306 0.021398
0 0.885624 0.418683 0.020845 0.025027
0 0.995504 0.081830 0.008992 0.024355
0 0.169064 0.116112 0.015559 0.018761
0 0.314013 0.242425 0.016176 0.020235
0 0.603586 0.152345 0.015632 0.019759
0 0.213684 0.121937 0.017328 0.023717
0 0.128979 0.746258 0.014079 0.018492
0 0.075223 0.304624 0.020282 0.022538
0 0.423047 0.611601 0.019814 0.036486
0 0.029683 0.177767 0.017863 0.022323
0 0.473443 0.251363 0.014768 0.018473
0 0.994136 0.608908 0.011727 0.022138
0 0.992256 0.242960 0.014957 0.018340
0 0.897262 0.113485 0.018117 0.022281
0 0.435784 0.466822 0.012179 0.013519
0 0.886509 0.893790 0.016789 0.021469
0 0.996903 0.892969 0.006194 0.019763
0 0.590675 0.977177 0.014457 0.017078
0 0.003188 0.147618 0.006364 0.018217
0 0.594830 0.955471 0.015703 0.019001
0 0.424543 0.618775 0.018089 0.025955
0 0.003203 0.028341 0.006389 0.023558
0 0.175536 0.709092 0.014247 0.020514
