0 0.557575 0.516581 0.021884 0.028411
0 0.210826 0.312464 0.020583 0.024549
0 0.250027 0.667871 0.018720 0.024030
0 0.210961 0.443782 0.018139 0.020711
0 0.579390 0.472766 0.017523 0.022633
0 0.163449 0.010827 0.018772 0.019403
0 0.358578 0.472019 0.016687 0.020888
0 0.271148 0.658099 0.016425 0.020771
0 0.419478 0.510652 0.017807 0.020972
0 0.898533 0.989555 0.019844 0.018187
0 0.455380 0.944098 0.018795 0.026223
0 0.247844 0.376267 0.016553 0.020633
0 0.102343 0.473613 0.019624 0.024103
0 0.351891 0.132428 0.018227 0.022855
0 0.420403 0.841896 0.017595 0.022088
0 0.698306 0.262979 0.021665 0.024137
0 0.429982 0.577624 0.018773 0.022747
0 0.992406 0.768636 0.015188 0.024583
0 0.544899 0.490017 0.017371 0.021928
0 0.421261 0.542054 0.018094 0.022312
0 0.887663 0.690481 0.018322 0.021880
0 0.197606 0.347330 0.018490 0.023550
0 0.125996 0.228997 0.018343 0.026687
0 0.727940 0.253097 0.018625 0.024129
0 0.977302 0.852618 0.019398 0.023036
0 0.138743 0.356492 0.017059 0.020317
0 0.902492 0.777002 0.022732 0.025298
0 0.678573 0.113101 0.018877 0.022825
0 0.382469 0.014217 0.017027 0.019266
0 0.332706 0.280896 0.015733 0.020350
0 0.467818 0.881397 0.018707 0.023671
0 0.474965 0.055849 0.016069 0.021037
0 0.247897 0.513455 0.020092 0.023884
0 0.295576 0.900180 0.018744 0.022905
0 0.228750 0.362646 0.015546 0.019978
0 0.793125 0.820530 0.020805 0.024615
0 0.445224 0.607391 0.017822 0.021520
0 0.360668 0.254498 0.016774 0.023275
0 0.145477 0.436313 0.016519 0.020694
0 0.427729 0.240257 0.017874 0.020735
0 0.546120 0.303651 0.019085 0.022401
0 0.077251 0.376877 0.017058 0.020974
0 0.981855 0.644329 0.018989 0.023860
0 0.533505 0.529082 0.015611 0.020337
0 0.767400 0.822505 0.018311 0.023531
0 0.419514 0.143616 0.016436 0.021074
0 0.649631 0.308839 0.017846 0.022416
0 0.139523 0.103080 0.016645 0.021742
0 0.685095 0.703134 0.019032 0.024734
0 0.387839 0.086322 0.016151 0.019766
0 0.935640 0.173009 0.015405 0.019024
0 0.555509 0.123390 0.014692 0.018663
0 0.699672 0.051859 0.018170 0.020176
0 0.267775 0.141001 0.016807 0.019069
0 0.756371 0.637346 0.020471 0.023656
0 0.485895 0.965751 0.016849 0.019931
0 0.141622 0.327506 0.014401 0.018581
0 0.314130 0.096625 0.016613 0.021703
0 0.776294 0.447381 0.019684 0.024770
0 0.602744 0.848079 0.020571 0.024977
0 0.623920 0.057050 0.017643 0.023253
0 0.942740 0.444745 0.018794 0.022878
0 0.421626 0.453784 0.017113 0.020508
0 0.888594 0.371556 0.021079 0.024043
0 0.570141 0.638850 0.016994 0.019926
0 0.047637 0.377535 0.017552 0.019688
0 0.238070 0.838926 0.015026 0.018591
0 0.112411 0.419145 0.020593 0.020979
0 0.900471 0.717301 0.017616 0.021515
0 0.026979 0.527838 0.018638 0.022207
0 0.685389 0.950669 0.021045 0.024685
0 0.266578 0.168382 0.017559 0.021328
0 0.396716 0.132794 0.017661 0.021408
0 0.674086 0.243355 0.014443 0.020408
0 0.377417 0.622213 0.016519 0.019615
0 0.957292 0.170729 0.014620 0.019398
0 0.957018 0.955203 0.019521 0.025764
0 0.324111 0.557596 0.020905 0.023852
0 0.693712 0.754965 0.020205 0.024750
0 0.928134 0.283972 0.014760 0.017351
0 0.547889 0.434594 0.015984 0.019595
0 0.347617 0.801495 0.017250 0.020698
0 0.377930 0.439461 0.018391 0.024112
0 0.488252 0.302280 0.017390 0.021956
0 0.435209 0.739600 0.017167 0.021936
0 0.847012 0.559970 0.021540 0.027271
0 0.600301 0.174493 0.017528 0.022310
0 0.375040 0.654178 0.017792 0.021538
0 0.908803 0.164166 0.016535 0.022310
0 0.841478 0.688670 0.017248 0.021518
0 0.221358 0.418687 0.015888 0.020141
0 0.489063 0.124424 0.015283 0.019231
0 0.513534 0.732006 0.016837 0.021412
0 0.763756 0.746946 0.019313 0.021959
0 0.989946 0.401360 0.018456 0.023592
0 0.175091 0.933533 0.017520 0.020896
0 0.165803 0.568334 0.016080 0.021015
0 0.994853 0.122507 0.010294 0.022459
0 0.199188 0.731085 0.015108 0.018828
0 0.394212 0.859454 0.016077 0.019984
0 0.731839 0.101768 0.016281 0.020638
0 0.057008 0.414517 0.015776 0.019586
0 0.910537 0.061968 0.021341 0.023033
0 0.295114 0.280372 0.015824 0.022440
0 0.150850 0.567423 0.013133 0.020856
0 0.267206 0.103895 0.016854 0.019432
0 0.016472 0.234988 0.012149 0.016541
0 0.431488 0.238789 0.023640 0.021712
0 0.264046 0.107335 0.021525 0.023905
0 0.438439 0.235757 0.011770 0.017144
0 0.563201 0.485866 0.012791 0.019497
0 0.613351 0.603952 0.013405 0.017315
0 0.761289 0.995265 0.024622 0.009469
0 0.581228 0.080044 0.012775 0.015357
0 0.760132 0.997151 0.024315 0.005698
