0 0.207417 0.724656 0.027536 0.033894
0 0.951401 0.930578 0.017225 0.020807
0 0.218023 0.563516 0.024575 0.025193
0 0.328954 0.390081 0.027792 0.034462
0 0.087108 0.489489 0.021828 0.025637
0 0.110373 0.317880 0.019751 0.023210
0 0.895893 0.881647 0.019869 0.022448
0 0.108823 0.878933 0.023843 0.029158
0 0.364506 0.257594 0.016867 0.019775
0 0.342230 0.247508 0.018706 0.022360
0 0.932082 0.946032 0.022500 0.025956
0 0.309866 0.916852 0.021994 0.026793
0 0.123613 0.292758 0.017415 0.022782
0 0.893165 0.645320 0.021473 0.026249
0 0.542354 0.758100 0.021028 0.024888
0 0.578422 0.463998 0.018314 0.026854
0 0.942206 0.895738 0.021336 0.024307
0 0.091229 0.442013 0.017674 0.024298
0 0.391863 0.333769 0.016269 0.019869
0 0.177693 0.903309 0.021177 0.025897
0 0.349352 0.156990 0.017073 0.021952
0 0.817640 0.885064 0.022721 0.029303
0 0.910795 0.434332 0.019477 0.024355
0 0.661247 0.898840 0.019690 0.024839
0 0.350526 0.972467 0.017565 0.021929
0 0.797238 0.396583 0.020493 0.022298
0 0.332246 0.865584 0.016867 0.022135
0 0.341555 0.293153 0.018524 0.021356
0 0.659048 0.826359 0.023236 0.026293
0 0.361519 0.863917 0.017350 0.023301
0 0.057469 0.190418 0.022134 0.028734
0 0.036844 0.708030 0.021647 0.027641
0 0.496446 0.489726 0.017748 0.021037
0 0.493928 0.541451 0.019489 0.022645
0 0.451754 0.026322 0.019409 0.023592
0 0.141367 0.839836 0.019086 0.021072
0 0.211590 0.600989 0.018514 0.023536
0 0.264480 0.568247 0.019471 0.023930
0 0.335182 0.538284 0.017752 0.022033
0 0.328964 0.269934 0.018067 0.020803
0 0.548401 0.426475 0.019612 0.024089
0 0.290021 0.750130 0.019462 0.023552
0 0.670564 0.691197 0.022396 0.025595
0 0.248491 0.671851 0.017693 0.022127
0 0.763355 0.281130 0.017361 0.021613
0 0.383288 0.246659 0.018252 0.026480
0 0.521203 0.239061 0.019565 0.026493
0 0.438539 0.592141 0.017372 0.021634
0 0.365865 0.124056 0.018850 0.021140
0 0.977508 0.992587 0.020953 0.014826
0 0.319623 0.706729 0.017502 0.024072
0 0.177449 0.937344 0.023555 0.030226
0 0.588113 0.074955 0.023525 0.026793
0 0.890498 0.594958 0.019482 0.022879
0 0.164492 0.830628 0.014378 0.020673
0 0.735607 0.415620 0.019429 0.023448
0 0.929043 0.121388 0.020399 0.024053
0 0.799903 0.247815 0.020485 0.023347
0 0.021412 0.276651 0.018314 0.021215
0 0.307159 0.553965 0.018078 0.021343
0 0.795654 0.220193 0.016711 0.018761
0 0.201928 0.768368 0.019602 0.021170
0 0.536974 0.651034 0.018494 0.023600
0 0.526219 0.163806 0.015547 0.021292
0 0.693955 0.619621 0.018718 0.022358
0 0.685637 0.319256 0.018060 0.023566
0 0.454573 0.678998 0.021007 0.027808
0 0.991105 0.085432 0.017300 0.022056
0 0.445842 0.321156 0.018537 0.022991
0 0.561061 0.710164 0.016472 0.022821
0 0.884773 0.147445 0.021854 0.025667
0 0.550106 0.733821 0.016525 0.019983
0 0.313906 0.094945 0.019013 0.023049
0 0.560813 0.374314 0.018207 0.024005
0 0.706025 0.310447 0.014892 0.018629
0 0.423522 0.742947 0.018313 0.022660
0 0.884922 0.468376 0.014985 0.019962
0 0.200872 0.361219 0.018093 0.021660
0 0.083031 0.784085 0.019411 0.023378
0 0.085264 0.935189 0.019343 0.025556
0 0.106075 0.350507 0.018298 0.021449
0 0.994392 0.835617 0.011215 0.024792
0 0.151688 0.290026 0.019547 0.023671
0 0.209042 0.282783 0.016246 0.020203
0 0.456208 0.622747 0.016778 0.023317
0 0.697586 0.923803 0.020948 0.026121
0 0.327800 0.168367 0.018063 0.021204
0 0.380947 0.602232 0.018152 0.022967
0 0.828164 0.096465 0.017611 0.023922
0 0.419787 0.429529 0.019390 0.023734
0 0.316265 0.887532 0.016790 0.021317
0 0.325643 0.988727 0.017730 0.018566
0 0.120686 0.444754 0.016768 0.020719
0 0.957131 0.414441 0.019189 0.022169
0 0.160314 0.805081 0.014850 0.020725
0 0.729070 0.285984 0.018389 0.022943
0 0.382025 0.084542 0.018220 0.028564
0 0.754873 0.719603 0.018273 0.021752
0 0.176042 0.530375 0.017069 0.028548
0 0.418374 0.345555 0.013851 0.017355
0 0.509330 0.516309 0.017618 0.020636
0 0.582829 0.436728 0.018475 0.019298
0 0.239408 0.645683 0.018051 0.023195
0 0.241619 0.978209 0.015950 0.018612
0 0.911586 0.902967 0.017019 0.021225
0 0.295273 0.589548 0.015275 0.019740
0 0.556181 0.236067 0.015272 0.017657
0 0.575149 0.159916 0.017699 0.022174
0 0.631129 0.158471 0.018965 0.022885
0 0.145737 0.097976 0.017864 0.020925
0 0.944606 0.138350 0.017963 0.022289
0 0.456776 0.982057 0.016670 0.018438
0 0.504626 0.159333 0.018249 0.026309
0 0.600773 0.192868 0.018066 0.020733
0 0.433329 0.005844 0.016723 0.011689
0 0.890865 0.447230 0.017573 0.018262
0 0.547712 0.217121 0.015368 0.016492
0 0.865431 0.465341 0.016242 0.021575
0 0.368173 0.044630 0.015780 0.018281
0 0.977412 0.994496 0.020639 0.011007
0 0.418280 0.344942 0.017981 0.023851
0 0.822087 0.609913 0.013119 0.016859
