0 0.705701 0.272802 0.015123 0.020932
0 0.559316 0.529789 0.023947 0.032531
0 0.720004 0.724736 0.014005 0.019559
0 0.983603 0.647581 0.017982 0.022124
0 0.110762 0.276821 0.014154 0.018482
0 0.216977 0.322485 0.020489 0.026512
0 0.381324 0.470006 0.016690 0.022563
0 0.888164 0.816694 0.018310 0.022490
0 0.479280 0.008321 0.014048 0.013565
0 0.472031 0.031052 0.013977 0.017645
0 0.512572 0.466767 0.016245 0.021258
0 0.405741 0.231768 0.017471 0.023628
0 0.068369 0.393279 0.017176 0.023505
0 0.440535 0.400660 0.019457 0.023391
0 0.232620 0.369415 0.017422 0.022780
0 0.962847 0.316307 0.015677 0.021491
0 0.960064 0.691819 0.018532 0.021470
0 0.979095 0.480466 0.014843 0.021494
0 0.735783 0.989566 0.018723 0.017754
0 0.318644 0.557116 0.017349 0.023189
0 0.439607 0.621700 0.016302 0.022218
0 0.364468 0.752751 0.019404 0.021600
0 0.312549 0.747026 0.016385 0.019308
0 0.250954 0.388983 0.016666 0.020291
0 0.369739 0.007561 0.014866 0.013240
0 0.150816 0.445424 0.016138 0.021610
0 0.794853 0.823774 0.022116 0.025972
0 0.962116 0.966037 0.017711 0.025779
0 0.427152 0.468819 0.015174 0.018509
0 0.293790 0.562283 0.015561 0.021943
0 0.146198 0.389992 0.017255 0.019627
0 0.146270 0.113349 0.016313 0.020137
0 0.701526 0.765823 0.016053 0.019858
0 0.239884 0.315708 0.018886 0.024853
0 0.339151 0.289638 0.016620 0.020344
0 0.166616 0.022563 0.017154 0.021605
0 0.361766 0.828398 0.015680 0.019602
0 0.450090 0.470119 0.013672 0.016610
0 0.028206 0.540487 0.019150 0.023223
0 0.562922 0.321679 0.019550 0.023962
0 0.903505 0.775662 0.017580 0.022104
0 0.418900 0.893827 0.017862 0.023284
0 0.956587 0.504005 0.021207 0.023316
0 0.673159 0.111315 0.012587 0.014148
0 0.107071 0.200077 0.016862 0.019924
0 0.466448 0.480570 0.015130 0.019436
0 0.420969 0.549338 0.018066 0.025248
0 0.600069 0.187763 0.016916 0.021547
0 0.945756 0.333227 0.017999 0.021034
0 0.434669 0.754346 0.016834 0.020405
0 0.723240 0.255447 0.015521 0.020695
0 0.946865 0.457480 0.015592 0.019404
0 0.926886 0.774307 0.015917 0.019350
0 0.254892 0.526341 0.017782 0.022190
0 0.307160 0.580257 0.017097 0.020043
0 0.302556 0.050908 0.018599 0.021388
0 0.702800 0.739657 0.016269 0.020865
0 0.217863 0.452160 0.018145 0.020858
0 0.204538 0.557164 0.013353 0.016694
0 0.429979 0.992929 0.019796 0.014141
0 0.382233 0.664301 0.017522 0.020782
0 0.549900 0.444134 0.014873 0.017993
0 0.622670 0.062629 0.018880 0.023589
0 0.685470 0.287451 0.015097 0.020707
0 0.413870 0.090064 0.020718 0.027354
0 0.856317 0.573184 0.018451 0.021495
0 0.781309 0.455931 0.018492 0.023435
0 0.426369 0.153472 0.018267 0.021353
0 0.905611 0.168784 0.015650 0.019634
0 0.690462 0.714421 0.018467 0.022246
0 0.676798 0.965867 0.015868 0.019693
0 0.328286 0.111171 0.017760 0.021369
0 0.261759 0.665850 0.017010 0.023463
0 0.349086 0.545363 0.016181 0.019974
0 0.361548 0.470080 0.015618 0.019965
0 0.904563 0.731437 0.016874 0.018638
0 0.873412 0.035912 0.017323 0.018393
0 0.651610 0.923460 0.012079 0.014947
0 0.754943 0.651611 0.016117 0.021038
0 0.769564 0.616286 0.019078 0.022916
0 0.435272 0.245392 0.015168 0.019298
0 0.604236 0.861133 0.017831 0.021977
0 0.135852 0.367078 0.020510 0.021350
0 0.048798 0.384353 0.015259 0.019431
0 0.793575 0.563073 0.016381 0.021557
0 0.474993 0.303469 0.016975 0.021029
0 0.422673 0.051445 0.014312 0.016548
0 0.298778 0.287414 0.016549 0.022416
0 0.294186 0.131083 0.017374 0.021435
0 0.089601 0.277333 0.013457 0.018593
0 0.060393 0.424791 0.015059 0.020066
0 0.683689 0.124375 0.016222 0.020047
0 0.520300 0.743762 0.014894 0.019731
0 0.936908 0.441979 0.014794 0.017398
0 0.731498 0.778700 0.015831 0.018784
0 0.141011 0.570426 0.018025 0.023450
0 0.390722 0.844309 0.017851 0.021398
0 0.964002 0.181274 0.013855 0.017313
0 0.679863 0.814084 0.017721 0.022060
0 0.219274 0.726303 0.016796 0.021606
0 0.995386 0.711775 0.009227 0.017323
0 0.164604 0.709433 0.018516 0.019657
0 0.115025 0.958530 0.017322 0.024210
0 0.671280 0.447482 0.014453 0.018865
0 0.352236 0.809236 0.016984 0.018783
0 0.956503 0.289866 0.016582 0.019888
0 0.938338 0.569139 0.016615 0.018843
0 0.694881 0.058528 0.018064 0.020681
0 0.359177 0.925650 0.018193 0.021432
0 0.491044 0.461803 0.014751 0.019788
0 0.061033 0.606014 0.011780 0.014708
0 0.995754 0.843498 0.008491 0.020344
0 0.968160 0.455965 0.015733 0.019272
0 0.800808 0.286123 0.014785 0.020744
0 0.256005 0.056682 0.014823 0.018399
0 0.535425 0.534804 0.014404 0.018658
0 0.765702 0.975958 0.015280 0.015068
0 0.560209 0.981336 0.016384 0.018850
0 0.446339 0.342149 0.015424 0.017984
0 0.966828 0.152027 0.016772 0.019412
0 0.151822 0.020518 0.012992 0.020090
0 0.267854 0.116943 0.016162 0.020661
0 0.261549 0.661669 0.018471 0.030033
0 0.996471 0.777748 0.007059 0.023895
0 0.007209 0.267926 0.014419 0.023466
0 0.895360 0.161164 0.011934 0.016773
0 0.735950 0.763267 0.020222 0.019160
0 0.225654 0.617196 0.013533 0.017098
0 0.355327 0.484217 0.014404 0.016054
0 0.794777 0.335863 0.011654 0.014884
0 0.156380 0.134240 0.013754 0.015136
0 0.732957 0.774822 0.018643 0.025514
0 0.646106 0.362199 0.010434 0.015238
0 0.320724 0.732046 0.014900 0.016987
0 0.972957 0.992983 0.021115 0.014034
0 0.111504 0.275735 0.016948 0.022629
0 0.421604 0.050700 0.016738 0.020979
0 0.425681 0.747742 0.012170 0.018883
0 0.614586 0.542475 0.010921 0.012785
0 0.359611 0.475197 0.018788 0.029094
0 0.704147 0.249902 0.011368 0.015444
0 0.735166 0.770712 0.021046 0.033532
0 0.958882 0.506705 0.022980 0.023194
0 0.965472 0.006565 0.011910 0.011089
0 0.315279 0.740854 0.019352 0.029462
0 0.905692 0.135000 0.012706 0.015377
0 0.734733 0.268438 0.013745 0.017725
0 0.925628 0.780664 0.016280 0.028196
0 0.592499 0.633614 0.011260 0.012663
0 0.318215 0.733746 0.018033 0.018476
0 0.973822 0.998226 0.020826 0.003548
0 0.149668 0.575421 0.011804 0.017897
0 0.923143 0.790917 0.012790 0.016823
