0 0.559485 0.528962 0.022669 0.030889
0 0.217652 0.321907 0.020017 0.025187
0 0.718037 0.749384 0.016208 0.024027
0 0.233339 0.367554 0.016966 0.025040
0 0.492185 0.975805 0.016518 0.020064
0 0.390570 0.835694 0.017266 0.021800
0 0.960362 0.312289 0.016292 0.021167
0 0.420807 0.549065 0.018472 0.024461
0 0.307925 0.580438 0.016221 0.020679
0 0.946721 0.332321 0.017227 0.020783
0 0.436941 0.751732 0.018723 0.027804
0 0.977792 0.855450 0.018351 0.022385
0 0.983450 0.646596 0.018305 0.022320
0 0.706177 0.272509 0.016318 0.021310
0 0.958825 0.696101 0.016537 0.020447
0 0.357787 0.769535 0.018114 0.023051
0 0.500914 0.027807 0.018098 0.028738
0 0.070856 0.399209 0.018656 0.022276
0 0.291978 0.567350 0.015217 0.020065
0 0.411935 0.488280 0.018889 0.023366
0 0.251372 0.388215 0.015462 0.019448
0 0.683343 0.287788 0.015097 0.019168
0 0.553844 0.478560 0.017207 0.021410
0 0.321704 0.557528 0.016791 0.022830
0 0.164082 0.399616 0.016291 0.020072
0 0.146230 0.361658 0.019023 0.023730
0 0.781203 0.453438 0.018839 0.022699
0 0.504056 0.071042 0.014040 0.017975
0 0.106790 0.210873 0.016081 0.019789
0 0.255503 0.527087 0.017900 0.021691
0 0.353581 0.077221 0.019312 0.023371
0 0.914833 0.171112 0.019437 0.024998
0 0.148093 0.301042 0.015036 0.018071
0 0.601813 0.186392 0.015483 0.020307
0 0.756537 0.647763 0.016777 0.023745
0 0.774338 0.770175 0.015703 0.019243
0 0.362281 0.468653 0.015649 0.018588
0 0.403687 0.238723 0.017166 0.021076
0 0.051467 0.386753 0.015115 0.018422
0 0.820910 0.655242 0.019393 0.023000
0 0.299862 0.288834 0.015939 0.021763
0 0.983420 0.302625 0.016692 0.020664
0 0.629009 0.067645 0.018484 0.023012
0 0.151889 0.444168 0.015828 0.020369
0 0.425221 0.807537 0.018880 0.021870
0 0.242754 0.315419 0.017353 0.023499
0 0.794421 0.825715 0.017039 0.022859
0 0.348987 0.805860 0.017054 0.018973
0 0.440683 0.400837 0.017912 0.021704
0 0.904269 0.774238 0.019220 0.023713
0 0.371735 0.008000 0.016078 0.014275
0 0.509397 0.479033 0.015212 0.019302
0 0.196843 0.750833 0.014529 0.020962
0 0.560258 0.980173 0.015904 0.019004
0 0.219175 0.454095 0.017623 0.020231
0 0.606978 0.859007 0.018829 0.024100
0 0.163790 0.022064 0.024436 0.025126
0 0.668652 0.989765 0.011170 0.014260
0 0.146846 0.113367 0.017158 0.021045
0 0.814448 0.813961 0.018583 0.024134
0 0.488065 0.306883 0.015147 0.020355
0 0.139825 0.574666 0.016589 0.020812
0 0.435982 0.245354 0.014945 0.018318
0 0.725686 0.255186 0.016632 0.021136
0 0.536766 0.050668 0.014709 0.017960
0 0.834340 0.592821 0.014801 0.017669
0 0.948960 0.456168 0.016007 0.020808
0 0.079858 0.679728 0.011468 0.013792
0 0.425903 0.152354 0.017333 0.021666
0 0.260402 0.774034 0.017003 0.021528
0 0.550673 0.442597 0.015463 0.017376
0 0.493534 0.461082 0.015307 0.020216
0 0.962965 0.964617 0.017333 0.025644
0 0.123469 0.298005 0.013191 0.016356
0 0.856800 0.571856 0.017432 0.020836
0 0.738619 0.535596 0.014887 0.025412
0 0.245966 0.636362 0.012371 0.016230
0 0.061921 0.424031 0.015872 0.020224
0 0.351575 0.546999 0.017321 0.020787
0 0.262596 0.664252 0.018061 0.025749
0 0.340512 0.288060 0.015892 0.019508
0 0.766863 0.886504 0.015829 0.021751
0 0.440327 0.621800 0.016384 0.021295
0 0.698301 0.051033 0.016467 0.021936
0 0.700971 0.765266 0.015613 0.019872
0 0.920283 0.049705 0.015471 0.019032
0 0.691217 0.713897 0.018229 0.021783
0 0.290378 0.081137 0.013595 0.016914
0 0.679979 0.960980 0.016120 0.020268
0 0.382862 0.663575 0.015716 0.019731
0 0.296570 0.132288 0.018056 0.022090
0 0.561535 0.317691 0.018794 0.022682
0 0.162830 0.159055 0.013279 0.015165
0 0.684242 0.122548 0.017041 0.019723
0 0.902813 0.734250 0.018221 0.021238
0 0.051508 0.289539 0.018329 0.021706
0 0.963762 0.181025 0.013568 0.017082
0 0.325348 0.111735 0.017196 0.020468
0 0.006878 0.107712 0.013757 0.019446
0 0.678998 0.113451 0.013779 0.018906
0 0.996355 0.776809 0.007289 0.022244
0 0.520321 0.742745 0.016307 0.021280
0 0.414462 0.091165 0.021718 0.024546
0 0.428818 0.465321 0.016071 0.019137
0 0.267594 0.117663 0.015937 0.020491
0 0.820996 0.820510 0.020099 0.023892
0 0.355979 0.484283 0.012168 0.013389
0 0.030621 0.543237 0.018623 0.023901
0 0.683125 0.118876 0.019825 0.025570
0 0.941005 0.794097 0.014973 0.020176
0 0.707302 0.247583 0.013585 0.016114
0 0.363854 0.827264 0.017793 0.028548
0 0.436614 0.979207 0.017024 0.018319
0 0.535418 0.532859 0.015527 0.020961
0 0.938182 0.169872 0.011009 0.013879
0 0.246072 0.600924 0.014584 0.016052
0 0.491372 0.489461 0.015537 0.020789
0 0.003298 0.528424 0.006595 0.019354
0 0.013104 0.761796 0.012305 0.016191
0 0.689604 0.199273 0.011190 0.013490
0 0.641847 0.664456 0.010685 0.013183
0 0.682542 0.394163 0.012682 0.014648
0 0.942746 0.438541 0.013376 0.014991
0 0.816998 0.815246 0.022281 0.028912
0 0.547352 0.396484 0.015317 0.019319
0 0.985565 0.175532 0.018355 0.021918
0 0.355015 0.764124 0.018555 0.028366
0 0.935494 0.126936 0.011385 0.013524
0 0.948828 0.808577 0.012865 0.014788
0 0.122592 0.308637 0.014201 0.018688
0 0.122849 0.301297 0.014935 0.021085
0 0.727815 0.258319 0.020239 0.027260
0 0.735103 0.268370 0.013354 0.017095
0 0.153519 0.578895 0.011704 0.018140
0 0.733411 0.266388 0.016448 0.019830
