0 0.017510 0.120451 0.014229 0.016646
0 0.009205 0.661006 0.015970 0.019253
0 0.510255 0.961325 0.022244 0.027322
0 0.280897 0.384834 0.018912 0.023876
0 0.796591 0.609755 0.018183 0.021443
0 0.811089 0.274266 0.016865 0.020234
0 0.977987 0.658160 0.017076 0.020815
0 0.624963 0.946331 0.018871 0.024698
0 0.774695 0.191777 0.018414 0.022591
0 0.929898 0.989105 0.017815 0.017989
0 0.035154 0.933750 0.016566 0.021518
0 0.481189 0.876576 0.016088 0.020365
0 0.118166 0.488841 0.017371 0.022919
0 0.125619 0.166476 0.019360 0.023706
0 0.488850 0.152039 0.019191 0.025486
0 0.456911 0.041161 0.017114 0.021191
0 0.498973 0.854144 0.019306 0.022414
0 0.824644 0.521959 0.016723 0.022789
0 0.841427 0.859104 0.014991 0.017849
0 0.613590 0.621101 0.015134 0.019167
0 0.022814 0.274649 0.016421 0.020342
0 0.815786 0.867990 0.018357 0.022013
0 0.729282 0.090633 0.012625 0.015549
0 0.079379 0.922472 0.017453 0.022639
0 0.284730 0.458643 0.014834 0.019400
0 0.160419 0.423412 0.016456 0.022544
0 0.553762 0.562797 0.014637 0.018439
0 0.799437 0.893624 0.015776 0.021133
0 0.234213 0.267933 0.016795 0.019453
0 0.128328 0.233162 0.017758 0.023048
0 0.754146 0.810933 0.017748 0.022320
0 0.567463 0.101689 0.015936 0.020695
0 0.030734 0.810137 0.015620 0.018787
0 0.765704 0.948616 0.016454 0.020798
0 0.743672 0.926491 0.016738 0.020724
0 0.251600 0.469082 0.020118 0.022217
0 0.005214 0.066817 0.010414 0.018303
0 0.663980 0.334024 0.017183 0.019164
0 0.215679 0.226670 0.016769 0.020513
0 0.207804 0.925450 0.014441 0.017864
0 0.841207 0.553812 0.014969 0.018617
0 0.790262 0.745709 0.017566 0.022402
0 0.815616 0.025273 0.016423 0.020109
0 0.607325 0.057178 0.014890 0.018079
0 0.543339 0.932961 0.014547 0.018235
0 0.306489 0.826805 0.016919 0.021066
0 0.651728 0.676382 0.016324 0.020964
0 0.041238 0.418976 0.016688 0.017497
0 0.057678 0.590040 0.017730 0.020342
0 0.048941 0.144004 0.017146 0.021158
0 0.379972 0.650046 0.014450 0.021550
0 0.972579 0.231248 0.017270 0.022878
0 0.817763 0.972557 0.016143 0.021479
0 0.786031 0.654906 0.015787 0.021984
0 0.215756 0.964531 0.017733 0.022331
0 0.727382 0.901213 0.017100 0.020808
0 0.043411 0.337071 0.014834 0.017615
0 0.519009 0.294059 0.018119 0.022867
0 0.424608 0.811738 0.018490 0.024354
0 0.312132 0.051144 0.015614 0.021992
0 0.237012 0.888845 0.015403 0.019409
0 0.021602 0.076700 0.014905 0.020181
0 0.065552 0.042435 0.015978 0.021831
0 0.226503 0.935965 0.015278 0.020275
0 0.385688 0.087347 0.014232 0.020551
0 0.653441 0.964893 0.014096 0.019197
0 0.467504 0.677922 0.016178 0.021224
0 0.169866 0.170277 0.016602 0.020545
0 0.722367 0.525185 0.017552 0.021670
0 0.950900 0.968090 0.017801 0.021308
0 0.647810 0.085691 0.017307 0.022750
0 0.945745 0.503984 0.017777 0.021506
0 0.802051 0.056041 0.014219 0.017498
0 0.705021 0.135643 0.018095 0.021804
0 0.741291 0.069171 0.017600 0.021655
0 0.400970 0.765664 0.019907 0.024436
0 0.996261 0.620024 0.007477 0.019419
0 0.302566 0.490907 0.015863 0.020043
0 0.804150 0.403969 0.016291 0.021038
0 0.659328 0.777674 0.014478 0.018253
0 0.252166 0.499700 0.018689 0.021928
0 0.528622 0.568938 0.016490 0.019567
0 0.935734 0.887286 0.014250 0.019549
0 0.225053 0.990888 0.017006 0.015563
0 0.747182 0.565627 0.016646 0.019344
0 0.533132 0.437030 0.015903 0.021017
0 0.446320 0.143700 0.015611 0.021087
0 0.196972 0.874288 0.015708 0.018973
0 0.464206 0.847427 0.012874 0.016418
0 0.331202 0.044932 0.012810 0.017313
0 0.025444 0.208238 0.014153 0.017274
0 0.690288 0.660810 0.015185 0.020626
0 0.425898 0.010863 0.015207 0.019153
0 0.905182 0.136810 0.014634 0.018939
0 0.704182 0.578039 0.015885 0.016971
0 0.019503 0.619289 0.015536 0.016816
0 0.306951 0.028299 0.014676 0.017124
0 0.996740 0.372483 0.006521 0.017988
0 0.396925 0.022037 0.014231 0.016303
0 0.327959 0.810609 0.015156 0.018777
0 0.185054 0.940375 0.013963 0.017594
0 0.520809 0.529792 0.014611 0.016502
0 0.376185 0.049168 0.015335 0.019718
0 0.859397 0.589785 0.016213 0.021117
0 0.665842 0.602244 0.016389 0.018714
0 0.042790 0.900210 0.015435 0.020037
0 0.365757 0.641009 0.012723 0.018253
0 0.120015 0.544586 0.016552 0.020858
0 0.135840 0.688577 0.016253 0.018885
0 0.454368 0.495636 0.011476 0.016709
0 0.628822 0.723713 0.013743 0.017646
0 0.453850 0.262222 0.018045 0.023070
0 0.212092 0.697004 0.016923 0.019979
0 0.127191 0.263929 0.011599 0.014835
0 0.411873 0.665840 0.013956 0.019631
0 0.025984 0.319615 0.017818 0.019580
0 0.014587 0.894959 0.013429 0.020166
0 0.245084 0.865784 0.015319 0.017259
0 0.863763 0.120702 0.014244 0.019058
0 0.465805 0.336886 0.014355 0.020561
0 0.704202 0.934420 0.016152 0.020809
0 0.588641 0.644928 0.016368 0.020066
0 0.797669 0.973394 0.015132 0.019085
0 0.032767 0.874054 0.015057 0.017639
0 0.107490 0.470229 0.014622 0.017934
0 0.290720 0.467539 0.013691 0.017176
0 0.828472 0.922945 0.015942 0.018094
0 0.320903 0.091014 0.013411 0.018033
0 0.044104 0.697395 0.013742 0.018144
0 0.270752 0.887561 0.011986 0.014686
0 0.813647 0.667668 0.014410 0.018784
0 0.589175 0.318860 0.015396 0.018811
0 0.364594 0.974069 0.014039 0.017403
0 0.670705 0.746649 0.013238 0.016954
0 0.446298 0.221585 0.011943 0.015071
0 0.571985 0.622788 0.013366 0.016873
0 0.090846 0.465752 0.011860 0.016845
0 0.819723 0.042182 0.011966 0.011127
0 0.331408 0.022022 0.015293 0.019400
0 0.093519 0.495914 0.016008 0.021806
0 0.705812 0.896183 0.014421 0.019745
0 0.839372 0.502723 0.016289 0.017734
0 0.739164 0.588136 0.013605 0.018447
0 0.073057 0.463213 0.013918 0.017711
0 0.230579 0.006811 0.012284 0.013328
0 0.631328 0.137419 0.012364 0.014598
0 0.044053 0.070210 0.014848 0.019355
0 0.815186 0.587493 0.010009 0.012257
0 0.342131 0.981674 0.012639 0.015381
0 0.699597 0.017698 0.013432 0.016971
0 0.285945 0.018033 0.013764 0.018981
0 0.763664 0.734509 0.015991 0.019629
0 0.830401 0.086699 0.013500 0.016827
0 0.251799 0.955812 0.014251 0.018838
0 0.083441 0.850595 0.016680 0.023213
0 0.996993 0.812039 0.006013 0.022719
0 0.735583 0.977230 0.011732 0.014245
0 0.003361 0.690972 0.006721 0.016978
0 0.368552 0.641309 0.016383 0.020108
0 0.418237 0.037345 0.015992 0.017972
0 0.742111 0.413257 0.012698 0.017915
0 0.207479 0.928524 0.016010 0.023355
0 0.833735 0.055125 0.013221 0.015276
0 0.127109 0.877602 0.014869 0.019133
0 0.376794 0.007017 0.014799 0.013335
0 0.704139 0.129864 0.018738 0.031707
0 0.057628 0.322180 0.011211 0.012272
0 0.426951 0.321917 0.011394 0.013958
0 0.179455 0.112353 0.011526 0.017018
0 0.763714 0.464498 0.012653 0.014985
0 0.127531 0.026308 0.013348 0.015902
0 0.293991 0.015811 0.013954 0.021127
