0 0.504982 0.482282 0.015369 0.019253
0 0.558991 0.529387 0.023763 0.031637
0 0.307841 0.581177 0.016004 0.020763
0 0.217999 0.321377 0.020283 0.025612
0 0.491294 0.974661 0.016321 0.021905
0 0.404438 0.237722 0.017238 0.022340
0 0.292284 0.568419 0.015360 0.019658
0 0.958781 0.696150 0.016969 0.021136
0 0.706295 0.272406 0.015727 0.021305
0 0.141349 0.302282 0.014251 0.017683
0 0.065027 0.394356 0.018776 0.022923
0 0.146185 0.362325 0.019385 0.024926
0 0.977814 0.854818 0.018498 0.023155
0 0.321325 0.557424 0.017306 0.023319
0 0.983613 0.646197 0.018339 0.022710
0 0.347733 0.068729 0.018670 0.022475
0 0.437418 0.752227 0.017981 0.026814
0 0.946727 0.332638 0.017250 0.020009
0 0.794159 0.827929 0.017183 0.023551
0 0.232892 0.367733 0.016417 0.022535
0 0.717565 0.748600 0.016231 0.023694
0 0.411982 0.489323 0.018611 0.022993
0 0.370865 0.007306 0.014939 0.013452
0 0.543636 0.481617 0.016758 0.019746
0 0.358019 0.770201 0.017066 0.020733
0 0.758958 0.879004 0.017607 0.022219
0 0.419787 0.800632 0.017853 0.020213
0 0.161081 0.399072 0.016086 0.020968
0 0.062262 0.423749 0.015790 0.020625
0 0.499978 0.027914 0.018439 0.028303
0 0.251332 0.388424 0.016304 0.020556
0 0.962711 0.965154 0.018324 0.026662
0 0.388609 0.840644 0.017167 0.021151
0 0.903666 0.774553 0.019916 0.024148
0 0.420056 0.549292 0.018374 0.023657
0 0.218842 0.453642 0.017931 0.020206
0 0.436050 0.246507 0.015395 0.019835
0 0.550699 0.443512 0.015021 0.016983
0 0.262222 0.661769 0.019120 0.029012
0 0.810777 0.807461 0.023773 0.024659
0 0.962359 0.313570 0.015837 0.022414
0 0.696478 0.052571 0.017417 0.021761
0 0.528494 0.048188 0.014474 0.017978
0 0.362518 0.468673 0.016171 0.019251
0 0.935204 0.786708 0.016126 0.021530
0 0.193690 0.743646 0.017641 0.019257
0 0.382273 0.664130 0.015885 0.019324
0 0.725199 0.254408 0.015828 0.020436
0 0.151737 0.443303 0.016060 0.021319
0 0.146486 0.113326 0.016613 0.020385
0 0.426410 0.153915 0.018699 0.023239
0 0.683178 0.286700 0.014883 0.021633
0 0.811674 0.652439 0.018803 0.024496
0 0.045007 0.384036 0.014849 0.020284
0 0.606840 0.859006 0.018537 0.023189
0 0.600568 0.186435 0.016647 0.020716
0 0.949174 0.455872 0.016323 0.020725
0 0.440703 0.624466 0.016178 0.022165
0 0.429008 0.465113 0.015987 0.017525
0 0.980843 0.300603 0.015806 0.020395
0 0.255172 0.526377 0.018705 0.021859
0 0.440625 0.399714 0.018645 0.021986
0 0.781326 0.453226 0.019121 0.022658
0 0.488111 0.306068 0.015818 0.020023
0 0.242623 0.314937 0.018188 0.023519
0 0.561227 0.317598 0.020335 0.023193
0 0.299843 0.287510 0.015991 0.021586
0 0.351964 0.807565 0.016086 0.019470
0 0.139729 0.572671 0.017623 0.020254
0 0.253360 0.766728 0.016134 0.021738
0 0.766826 0.766290 0.015955 0.018895
0 0.856761 0.572409 0.018010 0.021658
0 0.340488 0.288135 0.015793 0.020284
0 0.700781 0.765845 0.016525 0.021881
0 0.325082 0.110351 0.016789 0.021911
0 0.691519 0.714285 0.017936 0.020826
0 0.242970 0.635491 0.012166 0.015795
0 0.630533 0.068956 0.017223 0.021267
0 0.499064 0.073382 0.014334 0.017852
0 0.162927 0.022618 0.026152 0.025098
0 0.009585 0.105922 0.014178 0.017221
0 0.679272 0.961834 0.016015 0.020420
0 0.351280 0.547122 0.015435 0.019170
0 0.414711 0.092227 0.022008 0.023366
0 0.030676 0.542773 0.017564 0.022147
0 0.559968 0.980283 0.016275 0.019031
0 0.105974 0.208656 0.015677 0.020290
0 0.295166 0.132105 0.016733 0.021523
0 0.756839 0.646791 0.016944 0.023787
0 0.914136 0.168171 0.018981 0.028295
0 0.244001 0.590557 0.013927 0.017160
0 0.729021 0.529143 0.018287 0.022705
0 0.363728 0.829324 0.018418 0.026616
0 0.018167 0.753260 0.013355 0.015419
0 0.923484 0.049484 0.014976 0.019519
0 0.996316 0.776782 0.007369 0.023100
0 0.981967 0.170396 0.016906 0.020490
0 0.267488 0.118744 0.016116 0.021115
0 0.674670 0.381290 0.011983 0.015226
0 0.520159 0.742834 0.016073 0.020751
0 0.536295 0.389540 0.014297 0.018453
0 0.160899 0.159185 0.014780 0.017658
0 0.535400 0.533158 0.015443 0.020264
0 0.941923 0.439173 0.013110 0.014958
0 0.829701 0.371311 0.011941 0.014259
0 0.287955 0.080296 0.013495 0.016314
0 0.935545 0.122447 0.012266 0.013903
0 0.806027 0.282398 0.018000 0.021793
0 0.818670 0.813143 0.015771 0.022074
0 0.046448 0.291012 0.018465 0.020611
0 0.355538 0.484912 0.011970 0.013452
0 0.493501 0.460335 0.016106 0.019667
0 0.825430 0.590772 0.016169 0.018687
0 0.684136 0.123152 0.016902 0.020226
0 0.678932 0.113640 0.014273 0.018582
0 0.707046 0.247758 0.013515 0.016084
0 0.902000 0.731161 0.018041 0.019988
0 0.938995 0.800579 0.013150 0.015284
0 0.114407 0.299872 0.016228 0.021270
0 0.996884 0.133095 0.006232 0.019961
0 0.683064 0.119908 0.019661 0.026259
0 0.963428 0.181217 0.014483 0.017477
0 0.185633 0.991095 0.016039 0.014771
0 0.735292 0.268560 0.013788 0.016760
0 0.435414 0.977713 0.016267 0.018571
0 0.002771 0.523201 0.005541 0.018261
0 0.667662 0.984997 0.011846 0.012995
0 0.486275 0.489472 0.014827 0.020309
0 0.814363 0.810701 0.022694 0.024922
0 0.619724 0.560513 0.012038 0.013038
0 0.354709 0.758926 0.017220 0.020893
0 0.357346 0.767293 0.018959 0.027512
0 0.365278 0.833143 0.017837 0.024290
0 0.925777 0.172778 0.011930 0.018428
0 0.079682 0.675855 0.010647 0.014025
0 0.163680 0.474723 0.012645 0.013663
0 0.118027 0.309995 0.013347 0.016342
0 0.637281 0.650766 0.011166 0.013518
