0 0.951886 0.667402 0.018343 0.023754
0 0.414159 0.341608 0.018639 0.024963
0 0.237241 0.554861 0.019050 0.024192
0 0.237748 0.742545 0.016896 0.020266
0 0.744774 0.362449 0.020738 0.025135
0 0.071522 0.357744 0.017582 0.022327
0 0.771734 0.210860 0.018454 0.019043
0 0.208112 0.745900 0.015985 0.018726
0 0.443061 0.314955 0.016669 0.020199
0 0.935318 0.424786 0.018998 0.022900
0 0.915141 0.885214 0.017890 0.021857
0 0.638787 0.303864 0.017696 0.021147
0 0.169500 0.989372 0.017017 0.017219
0 0.037830 0.229426 0.018834 0.023600
0 0.075629 0.303788 0.017706 0.023288
0 0.099578 0.310459 0.017746 0.022660
0 0.978624 0.296070 0.018553 0.023932
0 0.312024 0.853568 0.017933 0.027428
0 0.327719 0.399823 0.018646 0.022923
0 0.777694 0.355111 0.016496 0.020267
0 0.852481 0.728444 0.019830 0.023069
0 0.560939 0.769928 0.017821 0.022035
0 0.263779 0.738930 0.015873 0.020422
0 0.282066 0.054832 0.019767 0.024059
0 0.391773 0.102946 0.019019 0.023314
0 0.480572 0.149039 0.017538 0.021657
0 0.379070 0.903373 0.017194 0.021590
0 0.156833 0.890854 0.018625 0.023513
0 0.151997 0.956660 0.016157 0.020285
0 0.127787 0.285455 0.019794 0.024321
0 0.865661 0.633020 0.018001 0.025503
0 0.777479 0.236317 0.017399 0.021154
0 0.520387 0.729790 0.029581 0.028039
0 0.668955 0.068857 0.018144 0.023608
0 0.534369 0.043637 0.016385 0.020209
0 0.043531 0.417799 0.016124 0.019605
0 0.821605 0.126749 0.020945 0.024890
0 0.545837 0.657342 0.016752 0.021532
0 0.043751 0.270265 0.019222 0.023072
0 0.270357 0.904571 0.018085 0.021132
0 0.129897 0.917208 0.019039 0.023655
0 0.095648 0.503853 0.018567 0.022951
0 0.289182 0.207495 0.019053 0.023183
0 0.415017 0.226813 0.018460 0.022297
0 0.005512 0.420937 0.011024 0.020605
0 0.565044 0.578123 0.018445 0.022115
0 0.723526 0.336713 0.017850 0.021336
0 0.432015 0.671223 0.015773 0.020369
0 0.797037 0.874780 0.019230 0.023644
0 0.471382 0.482955 0.016369 0.020806
0 0.868899 0.880554 0.017732 0.021509
0 0.832759 0.512367 0.018446 0.022552
0 0.278336 0.506926 0.018612 0.022792
0 0.424854 0.429230 0.018688 0.023275
0 0.339214 0.242086 0.016530 0.019823
0 0.320641 0.266792 0.016021 0.019194
0 0.606363 0.155519 0.015142 0.019498
0 0.443414 0.697632 0.017814 0.021909
0 0.837208 0.878839 0.017035 0.020930
0 0.711553 0.428319 0.019009 0.021017
0 0.243827 0.402187 0.022292 0.028862
0 0.776787 0.110997 0.018612 0.021784
0 0.304749 0.154452 0.018071 0.021072
0 0.932195 0.221096 0.017958 0.023384
0 0.590696 0.253778 0.019101 0.022679
0 0.045514 0.869123 0.016644 0.021651
0 0.135002 0.225069 0.017846 0.020754
0 0.414136 0.538718 0.015703 0.019214
0 0.524520 0.695986 0.017061 0.020688
0 0.075969 0.214577 0.019970 0.026059
0 0.531601 0.113044 0.019167 0.022599
0 0.885486 0.420206 0.020715 0.024362
0 0.931942 0.683731 0.016107 0.020901
0 0.225423 0.174962 0.017244 0.019586
0 0.316471 0.242617 0.015481 0.019934
0 0.207166 0.867126 0.018783 0.020671
0 0.174759 0.865113 0.016522 0.019632
0 0.641556 0.507843 0.017604 0.021423
0 0.519819 0.411952 0.019110 0.021548
0 0.800194 0.088289 0.018650 0.018302
0 0.825374 0.988959 0.018660 0.018336
0 0.328712 0.299025 0.016493 0.020988
0 0.267841 0.577245 0.015918 0.018623
0 0.029597 0.179569 0.017016 0.022490
0 0.889143 0.286761 0.022580 0.020972
0 0.239702 0.904712 0.015128 0.018899
0 0.062783 0.189954 0.014907 0.017593
0 0.557011 0.158946 0.015440 0.018227
0 0.896984 0.112352 0.021388 0.024187
0 0.992115 0.246608 0.015770 0.020007
0 0.003872 0.029435 0.007704 0.026377
0 0.406556 0.993233 0.018308 0.013417
0 0.477963 0.258710 0.014885 0.019199
0 0.091881 0.869085 0.018093 0.022080
0 0.003572 0.033973 0.007084 0.023960
0 0.899444 0.109734 0.018654 0.023602
0 0.299327 0.263384 0.017579 0.022401
0 0.996916 0.086507 0.006168 0.018954
0 0.179342 0.722297 0.024310 0.031248
0 0.198200 0.722292 0.013260 0.020826
0 0.004086 0.024748 0.008171 0.031056
0 0.192934 0.722668 0.019095 0.028016
