0 0.703717 0.272325 0.016612 0.021483
0 0.416576 0.854131 0.014467 0.018904
0 0.945125 0.328944 0.019727 0.023326
0 0.833026 0.826131 0.016026 0.020529
0 0.351257 0.292763 0.017229 0.023156
0 0.451411 0.858836 0.011885 0.014841
0 0.297014 0.857572 0.015275 0.019769
0 0.361186 0.823356 0.014782 0.018213
0 0.926000 0.730531 0.014136 0.019204
0 0.937643 0.707848 0.014687 0.017438
0 0.811568 0.853063 0.016602 0.020032
0 0.427871 0.431138 0.017431 0.020752
0 0.660401 0.574385 0.015763 0.021077
0 0.421543 0.826615 0.015235 0.018701
0 0.773836 0.651046 0.013465 0.016854
0 0.090311 0.343047 0.013079 0.015838
0 0.634118 0.568840 0.016928 0.021681
0 0.806417 0.558081 0.015342 0.018722
0 0.139199 0.159594 0.020577 0.026218
0 0.721374 0.250790 0.015714 0.020567
0 0.940274 0.811101 0.015573 0.019686
0 0.809037 0.782063 0.013880 0.017808
0 0.430674 0.184193 0.013462 0.017579
0 0.304440 0.578814 0.018194 0.019857
0 0.985765 0.897426 0.018184 0.022807
0 0.554607 0.492701 0.024315 0.029727
0 0.674830 0.621869 0.015991 0.020057
0 0.321718 0.228448 0.016356 0.021328
0 0.015794 0.151599 0.014432 0.019101
0 0.966205 0.480032 0.014557 0.021634
0 0.164385 0.021482 0.018996 0.022465
0 0.752312 0.866779 0.015380 0.019618
0 0.594896 0.050432 0.015712 0.021203
0 0.729223 0.972961 0.017622 0.022027
0 0.089540 0.495015 0.012148 0.014781
0 0.244877 0.517918 0.016171 0.020635
0 0.982974 0.650846 0.018438 0.024125
0 0.956625 0.526192 0.014525 0.018841
0 0.974231 0.949763 0.012896 0.015880
0 0.945636 0.456584 0.015523 0.019117
0 0.143371 0.508824 0.015126 0.019191
0 0.970914 0.457197 0.014297 0.015721
0 0.614480 0.933948 0.016418 0.019743
0 0.897938 0.681760 0.015042 0.018770
0 0.965483 0.971867 0.016044 0.020252
0 0.135210 0.359163 0.016138 0.020173
0 0.678699 0.960698 0.016207 0.019879
0 0.434046 0.246386 0.015194 0.019653
0 0.960404 0.934967 0.014161 0.017370
0 0.055816 0.104127 0.015377 0.020050
0 0.387407 0.842043 0.015027 0.018321
0 0.701590 0.838910 0.014167 0.016310
0 0.844311 0.568626 0.016558 0.022502
0 0.236967 0.669551 0.016417 0.019773
0 0.944206 0.295349 0.015906 0.020282
0 0.901000 0.464996 0.015557 0.018987
0 0.032994 0.783918 0.013964 0.016968
0 0.840840 0.446806 0.018042 0.020183
0 0.360169 0.468946 0.017093 0.022038
0 0.436808 0.573322 0.015661 0.021029
0 0.415573 0.552404 0.017846 0.022729
0 0.059726 0.418277 0.014089 0.016766
0 0.749943 0.961582 0.013221 0.018219
0 0.597802 0.183581 0.017051 0.021525
0 0.940666 0.101036 0.015250 0.019327
0 0.931875 0.877548 0.015631 0.019235
0 0.348866 0.541619 0.013961 0.017524
0 0.982122 0.212239 0.013878 0.017141
0 0.216278 0.451756 0.015867 0.019113
0 0.640874 0.978069 0.014158 0.017602
0 0.699785 0.861913 0.014314 0.019486
0 0.072876 0.386229 0.012211 0.018009
0 0.433784 0.730633 0.016235 0.020308
0 0.230899 0.311610 0.019186 0.023394
0 0.764346 0.290233 0.013499 0.019815
0 0.552209 0.654710 0.013582 0.016643
0 0.153268 0.484850 0.015372 0.019674
0 0.043798 0.383628 0.013391 0.018725
0 0.303077 0.052850 0.016499 0.020526
0 0.604703 0.859722 0.016652 0.021717
0 0.905668 0.731218 0.013905 0.018866
0 0.739979 0.767889 0.017866 0.019607
0 0.320092 0.550711 0.016805 0.019759
0 0.289921 0.805793 0.018700 0.023180
0 0.413538 0.090907 0.018306 0.021560
0 0.162099 0.702071 0.014466 0.018220
0 0.699806 0.763498 0.015722 0.020645
0 0.889017 0.757994 0.018228 0.024648
0 0.143180 0.735188 0.016889 0.019416
0 0.962069 0.180568 0.013538 0.015921
0 0.145298 0.113028 0.015546 0.018609
0 0.535382 0.222322 0.010780 0.014464
0 0.951650 0.133194 0.015394 0.018592
0 0.152709 0.444187 0.016939 0.021476
0 0.644586 0.331492 0.014434 0.020151
0 0.122250 0.901719 0.014490 0.018624
0 0.775600 0.571562 0.015827 0.018537
0 0.878291 0.941533 0.015379 0.020683
0 0.557688 0.317423 0.018454 0.023055
0 0.199799 0.483438 0.011969 0.014143
0 0.210247 0.816522 0.014984 0.018804
0 0.840486 0.945072 0.016442 0.020815
0 0.484188 0.512323 0.018014 0.023533
0 0.875725 0.078237 0.016570 0.018781
0 0.487723 0.460598 0.015433 0.020002
0 0.996155 0.778107 0.007691 0.022641
0 0.003226 0.796858 0.006453 0.016715
0 0.684138 0.285966 0.013794 0.018441
0 0.075368 0.242826 0.014345 0.019561
0 0.346973 0.730212 0.017279 0.021625
0 0.346552 0.809784 0.013915 0.017185
0 0.518376 0.741890 0.014287 0.016528
0 0.798178 0.822676 0.016165 0.018517
0 0.799537 0.171126 0.016631 0.020411
0 0.250791 0.386497 0.016279 0.020809
0 0.311727 0.101894 0.016089 0.018444
0 0.104693 0.595081 0.013629 0.016715
0 0.441421 0.616393 0.016306 0.019258
0 0.269410 0.179345 0.014408 0.018792
0 0.693285 0.713881 0.016161 0.020699
0 0.816005 0.323603 0.016989 0.019739
0 0.425262 0.145542 0.016472 0.019444
0 0.930952 0.419122 0.014236 0.018113
0 0.699248 0.248619 0.012410 0.014643
0 0.923092 0.829190 0.012637 0.018200
0 0.533654 0.532732 0.015008 0.018772
0 0.346266 0.089286 0.013748 0.017673
0 0.475633 0.304336 0.014818 0.018548
0 0.767781 0.192395 0.015788 0.019225
0 0.226468 0.366773 0.016343 0.020083
0 0.294255 0.126716 0.015012 0.019595
0 0.750934 0.654066 0.014745 0.018444
0 0.555823 0.981753 0.014755 0.017923
0 0.381027 0.180951 0.013291 0.016743
0 0.996517 0.748298 0.006965 0.018189
0 0.743808 0.282901 0.016259 0.019463
0 0.422928 0.468945 0.014633 0.017155
0 0.696271 0.056435 0.014872 0.018136
0 0.365703 0.007937 0.015426 0.013602
0 0.298707 0.282705 0.014336 0.016434
0 0.779255 0.459536 0.016448 0.020259
0 0.338108 0.937762 0.011076 0.014255
0 0.466275 0.326955 0.015902 0.018142
0 0.627880 0.345833 0.013309 0.017408
0 0.064626 0.486303 0.014702 0.019908
0 0.329466 0.290197 0.015226 0.021964
0 0.747887 0.979285 0.013052 0.015285
0 0.837506 0.924838 0.014233 0.014482
0 0.993654 0.505219 0.012692 0.024064
0 0.749299 0.969409 0.013757 0.023596
0 0.748721 0.783739 0.015975 0.017538
0 0.702643 0.839132 0.017253 0.020569
0 0.257401 0.306583 0.017364 0.020412
0 0.072709 0.386134 0.017065 0.021182
0 0.009146 0.372742 0.009827 0.012828
0 0.621677 0.056470 0.015399 0.020165
0 0.350213 0.563330 0.013516 0.016874
0 0.663876 0.828039 0.012147 0.015695
0 0.615795 0.936425 0.016819 0.022809
0 0.264861 0.116883 0.014274 0.016118
0 0.951258 0.293693 0.018369 0.021943
