0 0.772559 0.947049 0.018663 0.023899
0 0.125350 0.139716 0.020992 0.027986
0 0.470833 0.668458 0.015101 0.019008
0 0.521173 0.969006 0.022258 0.026878
0 0.816807 0.649849 0.017261 0.020927
0 0.795427 0.658908 0.017037 0.022348
0 0.876515 0.571641 0.017211 0.022209
0 0.401733 0.011319 0.015034 0.016615
0 0.287878 0.389010 0.018717 0.022693
0 0.393207 0.086255 0.015458 0.020538
0 0.332057 0.107397 0.017321 0.022169
0 0.486802 0.130858 0.020006 0.024715
0 0.490816 0.690749 0.017163 0.020557
0 0.252146 0.469803 0.020407 0.026127
0 0.076377 0.564950 0.017404 0.021192
0 0.296394 0.026742 0.016953 0.021746
0 0.138686 0.237110 0.017541 0.020914
0 0.803336 0.425175 0.018500 0.021965
0 0.043970 0.938112 0.017962 0.023146
0 0.426498 0.722847 0.017208 0.021554
0 0.891906 0.967502 0.015326 0.018802
0 0.342462 0.932946 0.020009 0.023973
0 0.102308 0.147440 0.018201 0.021206
0 0.678968 0.714499 0.017207 0.021714
0 0.278011 0.462041 0.017524 0.021917
0 0.043963 0.058681 0.017361 0.023704
0 0.968296 0.539049 0.018106 0.020942
0 0.658207 0.706557 0.014182 0.017332
0 0.991255 0.334316 0.015976 0.020177
0 0.879701 0.736137 0.018669 0.022909
0 0.313099 0.835007 0.016930 0.020464
0 0.671838 0.587583 0.019887 0.023628
0 0.516422 0.269085 0.017964 0.021963
0 0.740373 0.222901 0.018203 0.020844
0 0.825235 0.990100 0.016154 0.016467
0 0.091653 0.093358 0.017025 0.019156
0 0.761194 0.058026 0.019054 0.023735
0 0.875837 0.543043 0.019807 0.022959
0 0.433599 0.127119 0.017849 0.021128
0 0.460263 0.263998 0.018616 0.022489
0 0.800207 0.952958 0.016667 0.019101
0 0.479004 0.295554 0.015848 0.019195
0 0.048992 0.119309 0.018559 0.025193
0 0.125206 0.494094 0.016711 0.021754
0 0.661541 0.681993 0.016282 0.019807
0 0.318140 0.040525 0.015178 0.019448
0 0.232579 0.956678 0.018589 0.020794
0 0.539567 0.439332 0.016626 0.020736
0 0.460788 0.585161 0.017913 0.020883
0 0.038452 0.591910 0.018180 0.022200
0 0.621772 0.416656 0.015788 0.020875
0 0.630575 0.153007 0.023782 0.024551
0 0.940321 0.896885 0.016819 0.020282
0 0.864986 0.768478 0.017774 0.020629
0 0.542167 0.013947 0.014914 0.018605
0 0.502062 0.390441 0.017957 0.023933
0 0.304902 0.101059 0.017640 0.020883
0 0.858739 0.676437 0.018234 0.021743
0 0.504046 0.333802 0.016702 0.024675
0 0.496332 0.086621 0.016805 0.020119
0 0.022674 0.895800 0.016392 0.021532
0 0.630031 0.727612 0.018144 0.021387
0 0.755944 0.570637 0.019410 0.026044
0 0.442572 0.668064 0.015632 0.021583
0 0.223496 0.232986 0.017836 0.021914
0 0.669916 0.870704 0.015438 0.018316
0 0.688439 0.233522 0.015564 0.021818
0 0.009226 0.504140 0.016785 0.020813
0 0.421906 0.008483 0.014266 0.014707
0 0.058705 0.082068 0.017301 0.025177
0 0.844367 0.572423 0.016048 0.019143
0 0.682596 0.992825 0.018113 0.013484
0 0.265877 0.919818 0.016786 0.021501
0 0.110719 0.727261 0.018072 0.023581
0 0.481514 0.007189 0.015908 0.014149
0 0.673318 0.024261 0.016487 0.020376
0 0.554223 0.807961 0.017429 0.020881
0 0.611127 0.116368 0.018074 0.024220
0 0.825663 0.878947 0.018403 0.022389
0 0.180146 0.576168 0.018536 0.022967
0 0.842108 0.262259 0.019067 0.027835
0 0.786139 0.083319 0.017851 0.024667
0 0.624928 0.910932 0.019713 0.024408
0 0.678224 0.615300 0.021377 0.021759
0 0.794015 0.795795 0.017340 0.021612
0 0.895942 0.991994 0.016187 0.015798
0 0.916517 0.150765 0.017629 0.023169
0 0.190539 0.528481 0.019002 0.021189
0 0.712784 0.590782 0.016661 0.021240
0 0.074705 0.080309 0.014641 0.028891
0 0.789785 0.287881 0.015800 0.019087
0 0.867281 0.972055 0.017603 0.021962
0 0.373745 0.643987 0.013925 0.017775
0 0.045428 0.906300 0.015584 0.018869
0 0.388485 0.655453 0.014992 0.018506
0 0.078750 0.026174 0.018709 0.023523
0 0.893638 0.559571 0.011002 0.015086
0 0.725531 0.569813 0.016920 0.021254
0 0.352362 0.041718 0.017813 0.021817
0 0.526888 0.111895 0.013186 0.014975
0 0.994275 0.793878 0.011451 0.023273
0 0.077066 0.859510 0.018784 0.023223
0 0.824962 0.967371 0.016848 0.020456
0 0.314470 0.746092 0.016789 0.019997
0 0.557621 0.394851 0.018540 0.022355
0 0.924301 0.010332 0.015492 0.019620
0 0.429154 0.040769 0.024333 0.024892
0 0.061711 0.383932 0.017601 0.022843
0 0.467807 0.143274 0.017232 0.019705
0 0.495086 0.459829 0.012896 0.014409
0 0.043448 0.880047 0.014955 0.017727
0 0.220127 0.651429 0.016939 0.022855
0 0.364131 0.955492 0.014575 0.018690
0 0.744102 0.589980 0.016129 0.019454
0 0.440753 0.369013 0.014046 0.020555
0 0.674757 0.898966 0.016005 0.019921
0 0.198533 0.666444 0.015331 0.020321
0 0.737411 0.829948 0.014266 0.018438
0 0.337862 0.022365 0.017391 0.022316
0 0.218226 0.336981 0.017670 0.021978
0 0.511470 0.757468 0.021768 0.023732
0 0.334441 0.051308 0.014190 0.019596
0 0.003270 0.577965 0.006535 0.016669
0 0.129592 0.732482 0.012629 0.018114
0 0.596382 0.894553 0.013158 0.017824
0 0.714510 0.466933 0.014552 0.015787
0 0.797867 0.056394 0.013003 0.015824
0 0.796896 0.046906 0.013137 0.019387
0 0.236836 0.803820 0.020048 0.022993
0 0.751508 0.423926 0.012904 0.017609
0 0.140191 0.671626 0.013046 0.017986
0 0.869324 0.006911 0.014259 0.012984
0 0.372574 0.974894 0.015525 0.018071
0 0.275077 0.710878 0.013405 0.015912
0 0.317486 0.017689 0.015053 0.017578
0 0.964653 0.195531 0.012423 0.015909
0 0.170727 0.303312 0.014271 0.018650
0 0.489064 0.990659 0.012658 0.014289
0 0.749346 0.959238 0.011758 0.014780
0 0.622766 0.088193 0.011485 0.015035
0 0.547249 0.885418 0.011030 0.014179
0 0.926707 0.532673 0.011601 0.015011
0 0.382025 0.007622 0.017358 0.013926
0 0.486894 0.765917 0.013083 0.016944
0 0.863276 0.492006 0.015382 0.016960
0 0.380918 0.847742 0.014139 0.016274
0 0.467830 0.535925 0.012957 0.015371
0 0.521445 0.392927 0.012188 0.017942
0 0.960615 0.176069 0.015368 0.018630
0 0.006051 0.006580 0.012093 0.013160
0 0.457206 0.882485 0.014284 0.018564
0 0.381694 0.196106 0.012922 0.015557
0 0.628592 0.200099 0.011891 0.014518
0 0.135322 0.847753 0.012771 0.018148
0 0.415434 0.682799 0.013085 0.016960
0 0.606393 0.953880 0.012582 0.015110
0 0.746969 0.904092 0.013109 0.015206
0 0.224793 0.010979 0.013617 0.017185
0 0.022163 0.103510 0.011942 0.014549
0 0.063054 0.081458 0.023942 0.028949
0 0.797490 0.053334 0.013575 0.021651
0 0.391635 0.449242 0.012719 0.014220
0 0.559240 0.567214 0.012883 0.016437
0 0.987861 0.839249 0.011176 0.012139
0 0.945268 0.358616 0.013766 0.018465
0 0.670719 0.870615 0.018632 0.022024
0 0.444660 0.829671 0.012352 0.015817
0 0.506527 0.785846 0.014628 0.019233
0 0.736082 0.415412 0.012635 0.016616
0 0.241996 0.755787 0.012192 0.016760
0 0.469078 0.537890 0.014493 0.017873
0 0.359251 0.679658 0.013717 0.017861
0 0.072376 0.082359 0.018193 0.031631
0 0.953781 0.466463 0.011187 0.014208
0 0.772417 0.362287 0.010165 0.013805
0 0.238544 0.985156 0.012456 0.014377
0 0.919267 0.932148 0.012089 0.015632
0 0.127620 0.008746 0.012313 0.014602
0 0.108283 0.108443 0.012154 0.015834
0 0.590849 0.521091 0.012686 0.013779
0 0.806220 0.073817 0.011851 0.015904
