0 0.033521 0.932533 0.016637 0.022321
0 0.409252 0.552449 0.013686 0.019175
0 0.133600 0.178853 0.020888 0.025105
0 0.624899 0.944962 0.018484 0.024379
0 0.463103 0.046155 0.016594 0.019600
0 0.005289 0.676013 0.010577 0.018915
0 0.652436 0.926673 0.013090 0.015471
0 0.652548 0.211375 0.016339 0.020386
0 0.279498 0.384807 0.017995 0.024396
0 0.617911 0.647709 0.016014 0.021550
0 0.597169 0.624285 0.013416 0.018409
0 0.513385 0.231616 0.021004 0.025781
0 0.758337 0.822108 0.019799 0.024396
0 0.130821 0.229501 0.016354 0.022730
0 0.830750 0.289798 0.018109 0.022145
0 0.715265 0.201831 0.018677 0.023162
0 0.044524 0.161177 0.014706 0.017493
0 0.465719 0.678360 0.015726 0.020989
0 0.861061 0.312921 0.016777 0.020822
0 0.287311 0.261899 0.018354 0.020261
0 0.498446 0.052134 0.017886 0.023274
0 0.115707 0.488807 0.017094 0.020710
0 0.180066 0.667709 0.017936 0.022218
0 0.565653 0.874794 0.017102 0.021041
0 0.304885 0.562725 0.018714 0.023118
0 0.787354 0.670617 0.016207 0.020604
0 0.802495 0.640877 0.017312 0.020794
0 0.795575 0.776255 0.016893 0.023736
0 0.722598 0.906946 0.016359 0.021912
0 0.248212 0.067700 0.015986 0.016246
0 0.541007 0.920002 0.016633 0.018998
0 0.384551 0.087546 0.015208 0.020842
0 0.470991 0.533078 0.013060 0.017448
0 0.049966 0.189199 0.017242 0.023745
0 0.567615 0.624464 0.014068 0.016903
0 0.737342 0.539470 0.014805 0.019211
0 0.796766 0.959390 0.015960 0.019346
0 0.816033 0.869203 0.017854 0.023518
0 0.764673 0.950164 0.015502 0.019867
0 0.505154 0.102619 0.015827 0.021097
0 0.110279 0.221801 0.014863 0.020476
0 0.327269 0.820511 0.016174 0.018321
0 0.225700 0.972948 0.015514 0.019558
0 0.015785 0.040575 0.015972 0.020191
0 0.249443 0.466241 0.019788 0.024115
0 0.464471 0.335423 0.012774 0.017663
0 0.268356 0.047259 0.014621 0.019490
0 0.276121 0.080327 0.014415 0.018193
0 0.051765 0.905410 0.013881 0.019684
0 0.334555 0.526200 0.016088 0.020039
0 0.128859 0.471496 0.012434 0.016357
0 0.072442 0.930327 0.017041 0.020449
0 0.252449 0.944277 0.015394 0.020550
0 0.963046 0.697684 0.014930 0.018081
0 0.516578 0.965190 0.017670 0.024791
0 0.512749 0.963984 0.020835 0.026232
0 0.934247 0.896457 0.014557 0.016569
0 0.653808 0.681042 0.017033 0.022708
0 0.529709 0.433031 0.014986 0.019356
0 0.213568 0.225228 0.017783 0.021046
0 0.316111 0.077925 0.017475 0.019811
0 0.065526 0.534920 0.015209 0.020245
0 0.070884 0.806789 0.017503 0.020900
0 0.782802 0.935463 0.014856 0.018045
0 0.896877 0.170146 0.017106 0.018432
0 0.928591 0.832577 0.017274 0.020729
0 0.095266 0.671583 0.018558 0.023521
0 0.695778 0.902208 0.014483 0.017061
0 0.739618 0.172379 0.017592 0.020039
0 0.049879 0.515664 0.017461 0.020995
0 0.454363 0.780185 0.018474 0.023344
0 0.802772 0.061963 0.014688 0.020298
0 0.208675 0.955280 0.014500 0.017774
0 0.234225 0.927215 0.016955 0.018687
0 0.963937 0.300719 0.018102 0.022510
0 0.993171 0.648427 0.013591 0.019803
0 0.872827 0.222224 0.012391 0.015645
0 0.652122 0.151895 0.014448 0.018938
0 0.344042 0.859856 0.018784 0.020474
0 0.062614 0.044669 0.014607 0.019753
0 0.003118 0.188805 0.006236 0.016346
0 0.339911 0.380222 0.013055 0.016469
0 0.045986 0.513734 0.019490 0.021469
0 0.982047 0.094569 0.015704 0.019455
0 0.996239 0.812051 0.007522 0.024315
0 0.132956 0.520813 0.012729 0.016333
0 0.103370 0.549349 0.015889 0.019706
0 0.896423 0.608161 0.014344 0.018424
0 0.076400 0.202873 0.014100 0.017388
0 0.451612 0.258744 0.014687 0.019005
0 0.319979 0.914282 0.013554 0.017637
0 0.217704 0.401562 0.013030 0.016834
0 0.843363 0.883305 0.016203 0.019428
0 0.004171 0.023353 0.008341 0.018102
0 0.262139 0.970796 0.014075 0.017543
0 0.847204 0.936169 0.014585 0.019982
0 0.116241 0.409165 0.016239 0.017994
0 0.996768 0.707541 0.006464 0.016006
0 0.508042 0.964130 0.023272 0.026097
0 0.021317 0.209695 0.012276 0.015213
0 0.905623 0.988027 0.017672 0.019554
0 0.518599 0.299589 0.015279 0.021999
0 0.323249 0.109851 0.013489 0.019011
0 0.666039 0.012334 0.015789 0.021655
0 0.294166 0.049996 0.012825 0.015164
0 0.037263 0.872676 0.013886 0.016500
0 0.333886 0.019345 0.014787 0.018308
0 0.155604 0.414266 0.014651 0.017854
0 0.891530 0.670140 0.016965 0.020193
0 0.933136 0.989422 0.016026 0.016864
0 0.297389 0.919086 0.016791 0.021197
0 0.366065 0.647758 0.011782 0.017751
0 0.505445 0.317699 0.012455 0.014175
0 0.383683 0.648729 0.012941 0.017767
0 0.013303 0.899908 0.013797 0.018496
0 0.082129 0.709909 0.013234 0.015891
0 0.006950 0.676713 0.013901 0.021648
0 0.495950 0.208427 0.013073 0.015633
0 0.354427 0.006425 0.013440 0.011727
0 0.131919 0.395980 0.010151 0.012491
0 0.424697 0.034021 0.015393 0.019550
0 0.370110 0.969310 0.014772 0.018674
0 0.817136 0.082638 0.014611 0.018715
0 0.284812 0.010772 0.013009 0.020046
0 0.214065 0.007635 0.012815 0.013439
0 0.015231 0.953220 0.017367 0.023877
0 0.303749 0.007991 0.014401 0.013955
0 0.693347 0.181700 0.014021 0.018678
0 0.485798 0.786545 0.015021 0.018255
0 0.345589 0.862176 0.018467 0.020758
