0 0.185460 0.534849 0.054447 0.064196
0 0.904199 0.884277 0.017336 0.020941
0 0.015724 0.442233 0.024691 0.025454
0 0.312311 0.688506 0.017454 0.020070
0 0.516585 0.614900 0.030297 0.033633
0 0.446724 0.814003 0.026871 0.027803
0 0.947819 0.898638 0.021237 0.025785
0 0.110881 0.026877 0.023231 0.026566
0 0.779223 0.686288 0.018087 0.022034
0 0.181110 0.901688 0.019281 0.024300
0 0.263561 0.939833 0.023064 0.028224
0 0.921801 0.180345 0.022509 0.025536
0 0.622831 0.524107 0.019263 0.023774
0 0.007382 0.717881 0.014764 0.024000
0 0.213992 0.730381 0.028450 0.035611
0 0.118091 0.770754 0.018088 0.023269
0 0.105410 0.454574 0.017811 0.023422
0 0.514470 0.170593 0.018528 0.023298
0 0.519198 0.470917 0.021167 0.022574
0 0.420535 0.598934 0.020388 0.023471
0 0.324510 0.712340 0.020027 0.023557
0 0.427941 0.741164 0.017083 0.021019
0 0.340527 0.634662 0.017507 0.021546
0 0.591385 0.082551 0.024903 0.028672
0 0.354283 0.732884 0.017766 0.023072
0 0.151497 0.917282 0.023414 0.029575
0 0.337578 0.787050 0.020297 0.024896
0 0.799476 0.710965 0.019085 0.023538
0 0.378318 0.132814 0.019782 0.022329
0 0.244083 0.991193 0.024540 0.017139
0 0.339517 0.276600 0.018838 0.022947
0 0.046890 0.868200 0.020291 0.026799
0 0.428907 0.632561 0.016747 0.020340
0 0.552262 0.739290 0.018563 0.023287
0 0.585243 0.444836 0.017597 0.020629
0 0.193666 0.872349 0.019083 0.022376
0 0.800684 0.639936 0.018985 0.023308
0 0.861983 0.421924 0.018056 0.022557
0 0.297912 0.844762 0.017607 0.022109
0 0.122156 0.267181 0.023505 0.028277
0 0.804227 0.254353 0.019990 0.024532
0 0.491151 0.903888 0.020405 0.025683
0 0.412465 0.781576 0.018907 0.024136
0 0.410474 0.065505 0.019553 0.025485
0 0.263816 0.876362 0.019924 0.022395
0 0.273276 0.570106 0.019365 0.022468
0 0.960844 0.416055 0.018178 0.022139
0 0.936535 0.152166 0.018666 0.021307
0 0.709638 0.940744 0.017644 0.023582
0 0.601346 0.543000 0.019903 0.023044
0 0.938833 0.609769 0.017960 0.023677
0 0.793515 0.114643 0.020568 0.027561
0 0.880666 0.877726 0.017876 0.021189
0 0.656553 0.283612 0.020713 0.023475
0 0.566704 0.552091 0.016711 0.022409
0 0.130570 0.612223 0.016710 0.019499
0 0.898342 0.645774 0.020604 0.024681
0 0.451771 0.410425 0.017847 0.023074
0 0.598353 0.663701 0.019174 0.024054
0 0.824329 0.885896 0.021728 0.027087
0 0.349985 0.247256 0.020255 0.022237
0 0.912872 0.434976 0.020590 0.024591
0 0.872196 0.566826 0.016312 0.020198
0 0.517870 0.383674 0.019488 0.022696
0 0.298806 0.476837 0.019871 0.025783
0 0.684595 0.390664 0.021607 0.025341
0 0.691912 0.355473 0.020954 0.023948
0 0.126395 0.447756 0.017183 0.021712
0 0.411308 0.231746 0.017858 0.022191
0 0.396979 0.632596 0.018314 0.022795
0 0.178602 0.054708 0.018781 0.022495
0 0.330108 0.172208 0.017334 0.021522
0 0.829370 0.097961 0.015436 0.021268
0 0.318820 0.096519 0.018401 0.022835
0 0.919401 0.904492 0.018180 0.023236
0 0.129794 0.691096 0.017919 0.022985
0 0.220095 0.860340 0.016090 0.020003
0 0.166681 0.477329 0.018857 0.024096
0 0.081151 0.873425 0.018013 0.021883
0 0.042263 0.289577 0.019637 0.024205
0 0.913586 0.098104 0.019227 0.023175
0 0.077888 0.137795 0.018932 0.023415
0 0.662278 0.954351 0.018964 0.024105
0 0.419561 0.560959 0.020524 0.024077
0 0.431293 0.123357 0.017568 0.022712
0 0.199478 0.107311 0.018839 0.023583
0 0.604085 0.194168 0.018878 0.023824
0 0.523622 0.699837 0.016854 0.020993
0 0.144850 0.770291 0.017644 0.021999
0 0.440046 0.955200 0.019588 0.024543
0 0.551684 0.427601 0.018301 0.021974
0 0.845424 0.976187 0.017988 0.022374
0 0.534431 0.775871 0.021161 0.031965
0 0.320864 0.619215 0.015417 0.018664
0 0.682234 0.139184 0.018617 0.023397
0 0.370387 0.813253 0.020146 0.024001
0 0.501851 0.494905 0.016982 0.021784
0 0.083535 0.565249 0.018532 0.022127
0 0.778166 0.875259 0.018723 0.019275
0 0.682227 0.917819 0.017746 0.022326
0 0.215864 0.039338 0.017689 0.022435
0 0.581808 0.164013 0.016074 0.020038
0 0.092490 0.381896 0.017067 0.023549
0 0.805292 0.476347 0.020139 0.024594
0 0.559536 0.711028 0.018227 0.021938
0 0.697030 0.043397 0.019999 0.027009
0 0.433829 0.040879 0.019492 0.021975
0 0.576021 0.345690 0.018406 0.025727
0 0.801689 0.227896 0.017737 0.019713
0 0.465169 0.681456 0.017592 0.021620
0 0.491488 0.073352 0.017871 0.020915
0 0.388789 0.400145 0.016822 0.020583
0 0.844158 0.619441 0.014010 0.017217
0 0.975744 0.542319 0.016302 0.021885
0 0.637861 0.166322 0.017173 0.021196
0 0.214726 0.156668 0.020818 0.025623
0 0.989467 0.555696 0.015323 0.018589
0 0.136878 0.942724 0.016812 0.021042
0 0.872381 0.466312 0.016217 0.019451
0 0.830458 0.630131 0.013705 0.017268
0 0.746297 0.007121 0.021965 0.014242
0 0.572340 0.993872 0.020965 0.012255
0 0.996464 0.135415 0.007071 0.026947
0 0.995290 0.262473 0.009420 0.027330
0 0.003144 0.964174 0.006288 0.027650
0 0.273706 0.005775 0.018723 0.011549
0 0.060676 0.721848 0.013192 0.016274
0 0.996824 0.707225 0.006353 0.028812
0 0.755276 0.946541 0.013593 0.016314
0 0.850078 0.181602 0.014241 0.017095
0 0.483035 0.284737 0.017992 0.019497
0 0.745095 0.047293 0.011901 0.015178
0 0.196999 0.195148 0.012202 0.016184
0 0.004851 0.963375 0.009701 0.025627
0 0.447124 0.281926 0.011723 0.016049
0 0.474338 0.495229 0.014396 0.017606
0 0.142283 0.641765 0.011582 0.014781
0 0.572693 0.995209 0.020539 0.009582
0 0.241741 0.469640 0.012115 0.015907
0 0.631190 0.615768 0.013681 0.016775
