0 0.920749 0.734265 0.020552 0.025214
0 0.007916 0.266585 0.015833 0.022491
0 0.154787 0.888944 0.018199 0.024166
0 0.911831 0.882718 0.017035 0.021455
0 0.766161 0.878952 0.023394 0.032008
0 0.176890 0.749294 0.016487 0.020636
0 0.772462 0.233106 0.017014 0.020050
0 0.148920 0.272917 0.020633 0.023598
0 0.208724 0.741743 0.018283 0.020737
0 0.233813 0.553222 0.019740 0.024190
0 0.973948 0.290088 0.017093 0.022597
0 0.551447 0.145916 0.013884 0.018358
0 0.166627 0.855395 0.022610 0.028474
0 0.675541 0.289546 0.015033 0.019732
0 0.790779 0.871573 0.017576 0.023003
0 0.635987 0.341312 0.019499 0.023492
0 0.637080 0.297441 0.015202 0.017224
0 0.279809 0.014110 0.018516 0.023100
0 0.296140 0.926482 0.016713 0.022030
0 0.876263 0.338726 0.018616 0.021884
0 0.437124 0.297297 0.018318 0.023248
0 0.645734 0.031161 0.020115 0.022656
0 0.008679 0.731569 0.017170 0.022031
0 0.872837 0.280724 0.019492 0.024969
0 0.940534 0.416206 0.016963 0.021773
0 0.297998 0.149237 0.016000 0.019650
0 0.730150 0.359426 0.018982 0.022513
0 0.085325 0.505024 0.019327 0.023450
0 0.310472 0.279249 0.015791 0.018206
0 0.315168 0.389144 0.017023 0.019877
0 0.052291 0.850844 0.016016 0.021572
0 0.143265 0.916962 0.016556 0.020852
0 0.369124 0.045622 0.018000 0.022064
0 0.342243 0.487936 0.016944 0.019790
0 0.028991 0.975432 0.017575 0.021378
0 0.236078 0.739545 0.015460 0.022208
0 0.262980 0.736688 0.014388 0.018816
0 0.496555 0.864395 0.020033 0.026956
0 0.788971 0.253052 0.019178 0.024354
0 0.674640 0.193839 0.016056 0.020533
0 0.934078 0.489166 0.017110 0.021664
0 0.332273 0.223936 0.019884 0.024109
0 0.617967 0.015391 0.019007 0.025828
0 0.927517 0.219842 0.016800 0.021284
0 0.559782 0.174821 0.017792 0.022572
0 0.827918 0.237191 0.017314 0.020282
0 0.389923 0.365550 0.018227 0.022732
0 0.125681 0.797183 0.016433 0.021917
0 0.800813 0.080651 0.016356 0.018521
0 0.651547 0.275524 0.017822 0.023333
0 0.279692 0.589798 0.016457 0.021553
0 0.071509 0.300092 0.019114 0.022949
0 0.304904 0.337567 0.018752 0.022303
0 0.058272 0.218281 0.018868 0.023454
0 0.042089 0.413856 0.017044 0.020762
0 0.324986 0.410559 0.014728 0.017207
0 0.537577 0.658309 0.016663 0.020114
0 0.464811 0.026886 0.019830 0.023072
0 0.439120 0.578830 0.017255 0.020418
0 0.981629 0.028990 0.018701 0.023617
0 0.094984 0.584512 0.017247 0.020429
0 0.863142 0.625710 0.017792 0.023675
0 0.327321 0.124043 0.016921 0.022809
0 0.933148 0.678158 0.017494 0.019799
0 0.310313 0.728937 0.016442 0.020905
0 0.869536 0.871923 0.016023 0.018863
0 0.426967 0.666081 0.015765 0.021735
0 0.678720 0.599825 0.018477 0.021790
0 0.440067 0.110210 0.015779 0.021021
0 0.243747 0.454085 0.016955 0.021482
0 0.135320 0.094551 0.014300 0.016043
0 0.175184 0.079941 0.016839 0.019670
0 0.315905 0.241337 0.014857 0.019016
0 0.089345 0.953792 0.017679 0.021576
0 0.120966 0.907342 0.016623 0.022508
0 0.511331 0.674127 0.015901 0.021094
0 0.220461 0.064244 0.015224 0.017766
0 0.519440 0.404029 0.017974 0.022495
0 0.590856 0.279234 0.016587 0.020384
0 0.768812 0.205821 0.016407 0.020532
0 0.280015 0.751779 0.016558 0.021874
0 0.329155 0.293482 0.014682 0.018156
0 0.599417 0.151302 0.015068 0.018903
0 0.273488 0.661172 0.017541 0.021118
0 0.050078 0.133523 0.015553 0.017188
0 0.417582 0.390425 0.010684 0.013601
0 0.424216 0.355580 0.018726 0.021603
0 0.086391 0.872153 0.016256 0.018645
0 0.105431 0.622690 0.013418 0.017149
0 0.122648 0.279816 0.017196 0.020505
0 0.055298 0.170045 0.018003 0.024214
0 0.634920 0.504264 0.016421 0.021602
0 0.831062 0.985204 0.017508 0.018807
0 0.991591 0.241617 0.016390 0.017689
0 0.659326 0.276291 0.015833 0.019796
0 0.661393 0.277282 0.011998 0.019368
0 0.029110 0.174121 0.016380 0.019166
0 0.264202 0.573786 0.014483 0.017751
0 0.383485 0.491981 0.019764 0.030935
0 0.386585 0.501040 0.018406 0.024183
0 0.549971 0.887174 0.015787 0.019233
0 0.883018 0.422378 0.018472 0.021084
0 0.956332 0.507840 0.014859 0.019476
0 0.385143 0.496579 0.019612 0.028049
0 0.297624 0.256731 0.017761 0.021878
0 0.993942 0.917508 0.011950 0.019351
0 0.551327 0.865506 0.012114 0.015028
0 0.473952 0.251876 0.014317 0.018387
0 0.236105 0.736718 0.017596 0.027042
0 0.151807 0.271220 0.021653 0.023398
0 0.687083 0.259225 0.014576 0.020226
0 0.053280 0.165704 0.016982 0.025594
0 0.900916 0.105181 0.014870 0.017054
0 0.630032 0.012488 0.013348 0.022121
0 0.884887 0.893234 0.015639 0.020205
