0 0.492101 0.976641 0.017287 0.018068
0 0.308262 0.578930 0.015510 0.020838
0 0.558812 0.528341 0.023476 0.031640
0 0.215659 0.322956 0.019733 0.025642
0 0.373083 0.776057 0.017101 0.023160
0 0.507501 0.032008 0.020032 0.024178
0 0.962281 0.311956 0.016572 0.021349
0 0.734227 0.758902 0.017011 0.022459
0 0.794981 0.823810 0.019358 0.025438
0 0.442299 0.751120 0.017915 0.021328
0 0.513373 0.465615 0.015336 0.017857
0 0.069749 0.397713 0.018965 0.021898
0 0.262481 0.663126 0.019708 0.023839
0 0.980730 0.851161 0.018478 0.022671
0 0.448668 0.816215 0.020158 0.022439
0 0.576703 0.485748 0.017687 0.021782
0 0.946539 0.331660 0.017230 0.020637
0 0.701443 0.764290 0.016360 0.020791
0 0.325922 0.118116 0.018571 0.020600
0 0.958446 0.695811 0.016443 0.020254
0 0.373204 0.827714 0.017192 0.031553
0 0.157704 0.298194 0.014429 0.016989
0 0.353895 0.809760 0.015860 0.019402
0 0.404975 0.232542 0.016500 0.021910
0 0.983489 0.646764 0.018119 0.021888
0 0.372250 0.007885 0.015876 0.013897
0 0.051454 0.385342 0.015220 0.019101
0 0.418537 0.490713 0.018755 0.022535
0 0.370545 0.084851 0.019102 0.023454
0 0.232871 0.367002 0.017153 0.023296
0 0.603329 0.183033 0.015604 0.019162
0 0.145833 0.361656 0.018145 0.022724
0 0.255360 0.527824 0.018360 0.022322
0 0.420293 0.549138 0.017673 0.024609
0 0.781335 0.453137 0.019111 0.023762
0 0.251146 0.388154 0.015931 0.019818
0 0.151809 0.443435 0.015123 0.020167
0 0.429511 0.464119 0.016222 0.018184
0 0.684823 0.284587 0.015161 0.019776
0 0.240969 0.317468 0.018247 0.023501
0 0.706331 0.271336 0.015794 0.021371
0 0.570249 0.051932 0.014506 0.017644
0 0.177114 0.405376 0.016687 0.019770
0 0.300172 0.288245 0.016108 0.021739
0 0.915134 0.170708 0.017787 0.027443
0 0.492483 0.459830 0.014944 0.019997
0 0.561848 0.316076 0.020252 0.025639
0 0.163581 0.020466 0.023734 0.024875
0 0.550555 0.442916 0.015050 0.016933
0 0.324126 0.558434 0.017393 0.022188
0 0.146279 0.113364 0.016889 0.020625
0 0.030832 0.542483 0.016588 0.021271
0 0.856359 0.570064 0.018887 0.022217
0 0.948386 0.454958 0.016300 0.020628
0 0.630634 0.064563 0.017887 0.021997
0 0.285223 0.792759 0.017272 0.021788
0 0.219879 0.454417 0.018350 0.020288
0 0.367139 0.475911 0.017029 0.020088
0 0.962035 0.964711 0.017505 0.025154
0 0.116032 0.214832 0.017523 0.021173
0 0.603795 0.860783 0.018798 0.022653
0 0.791610 0.774506 0.017262 0.020468
0 0.756197 0.645443 0.018209 0.025045
0 0.484917 0.307868 0.016559 0.021570
0 0.425752 0.151369 0.018113 0.022503
0 0.837252 0.827416 0.019601 0.022209
0 0.291139 0.570833 0.014742 0.018827
0 0.691311 0.713222 0.017764 0.021794
0 0.440715 0.399499 0.019262 0.021281
0 0.293227 0.087506 0.013390 0.015388
0 0.381876 0.662774 0.015353 0.019777
0 0.759813 0.552247 0.017213 0.028269
0 0.852540 0.679732 0.018838 0.022789
0 0.902533 0.777478 0.019912 0.024447
0 0.340920 0.286925 0.015780 0.020034
0 0.955311 0.799356 0.015544 0.018624
0 0.679498 0.959980 0.016638 0.021114
0 0.904795 0.732260 0.017393 0.018814
0 0.059318 0.423344 0.015020 0.018654
0 0.535039 0.530829 0.015331 0.022528
0 0.415099 0.091790 0.020697 0.023254
0 0.793788 0.893788 0.016056 0.021624
0 0.018056 0.778563 0.013280 0.014923
0 0.556857 0.983416 0.015354 0.018440
0 0.140261 0.573856 0.017729 0.020703
0 0.298408 0.133527 0.017071 0.021023
0 0.356565 0.540099 0.016192 0.019577
0 0.209148 0.759245 0.017214 0.018557
0 0.683786 0.118863 0.018819 0.025352
0 0.708662 0.246777 0.011479 0.014564
0 0.440822 0.618151 0.017303 0.020968
0 0.170843 0.167447 0.014539 0.015754
0 0.244589 0.634019 0.013664 0.014796
0 0.994950 0.317674 0.010101 0.018947
0 0.520013 0.740957 0.015479 0.019513
0 0.995894 0.776198 0.008213 0.023563
0 0.568403 0.410544 0.015199 0.018241
0 0.725278 0.253329 0.016462 0.021037
0 0.689877 0.202658 0.011894 0.014307
0 0.131743 0.316041 0.014049 0.017154
0 0.518447 0.064588 0.015728 0.019345
0 0.078902 0.284039 0.018572 0.021825
0 0.854886 0.596371 0.014693 0.017568
0 0.844463 0.839039 0.016409 0.016938
0 0.435447 0.246426 0.015142 0.018029
0 0.921708 0.057029 0.017868 0.021680
0 0.014567 0.105471 0.015836 0.017460
0 0.437206 0.981125 0.016227 0.019454
0 0.263313 0.608281 0.014075 0.017096
0 0.503001 0.484815 0.015147 0.019346
0 0.393033 0.840831 0.017409 0.021658
0 0.266531 0.117421 0.016778 0.021473
0 0.946045 0.186210 0.011054 0.013399
0 0.962696 0.132163 0.012257 0.014316
0 0.006219 0.542168 0.012438 0.019063
0 0.963707 0.179761 0.013926 0.017772
0 0.705803 0.056685 0.017989 0.021173
0 0.659709 0.671587 0.011549 0.013014
0 0.133464 0.318065 0.018576 0.021349
0 0.354736 0.482578 0.010771 0.014465
0 0.956583 0.817799 0.011942 0.013668
0 0.065316 0.695203 0.012402 0.015112
0 0.943319 0.438496 0.013255 0.013765
0 0.433735 0.237097 0.017958 0.029174
0 0.151922 0.575966 0.011051 0.017107
0 0.171444 0.166320 0.017413 0.020723
0 0.263057 0.609309 0.016426 0.021613
0 0.897206 0.058031 0.013973 0.019339
0 0.138258 0.323434 0.016087 0.018920
0 0.842050 0.835940 0.020678 0.022105
0 0.665949 0.593712 0.011522 0.014467
0 0.402836 0.866191 0.013572 0.016127
0 0.293763 0.085711 0.016656 0.019699
0 0.947330 0.452272 0.018307 0.027223
0 0.730827 0.261901 0.017118 0.023326
