0 0.554968 0.514498 0.022024 0.028832
0 0.289484 0.095890 0.018513 0.022149
0 0.209279 0.309498 0.021373 0.025341
0 0.414468 0.583658 0.019737 0.025007
0 0.939247 0.440495 0.020577 0.026062
0 0.248601 0.667630 0.018494 0.023335
0 0.695629 0.260529 0.021996 0.025308
0 0.200182 0.348400 0.018224 0.022634
0 0.320126 0.250651 0.018362 0.022918
0 0.394725 0.536800 0.015973 0.020894
0 0.226163 0.361477 0.016058 0.020576
0 0.537542 0.488069 0.018291 0.022877
0 0.906216 0.164830 0.017571 0.022494
0 0.434067 0.023310 0.017145 0.020646
0 0.268489 0.654356 0.016326 0.021659
0 0.544402 0.302860 0.018727 0.023313
0 0.218792 0.144398 0.017764 0.021865
0 0.381172 0.015817 0.017276 0.020451
0 0.345946 0.797600 0.016968 0.020998
0 0.419521 0.538960 0.018065 0.022845
0 0.179082 0.388920 0.018619 0.021039
0 0.099993 0.473752 0.019081 0.024172
0 0.248342 0.510333 0.020946 0.024566
0 0.313574 0.096397 0.016034 0.020237
0 0.826971 0.367336 0.019737 0.024144
0 0.770183 0.438858 0.020282 0.026301
0 0.847093 0.831744 0.021503 0.025836
0 0.071758 0.373071 0.018995 0.022660
0 0.601175 0.860021 0.022419 0.024337
0 0.293568 0.065943 0.015801 0.019491
0 0.926285 0.148430 0.016283 0.018834
0 0.690304 0.050232 0.016753 0.021710
0 0.978640 0.641992 0.019936 0.022952
0 0.725254 0.252236 0.020149 0.025919
0 0.980229 0.867977 0.021090 0.024282
0 0.903723 0.725713 0.016499 0.021200
0 0.419477 0.847938 0.018122 0.022805
0 0.577032 0.303162 0.016361 0.021651
0 0.400347 0.913656 0.019649 0.022572
0 0.533412 0.529456 0.016173 0.020860
0 0.683705 0.700538 0.021744 0.026404
0 0.321479 0.559611 0.020448 0.023998
0 0.352364 0.621984 0.017280 0.020920
0 0.394833 0.973397 0.019581 0.022715
0 0.136305 0.353825 0.019363 0.023163
0 0.545585 0.431798 0.016629 0.020709
0 0.023419 0.525852 0.019247 0.022180
0 0.691618 0.753359 0.018964 0.023056
0 0.124189 0.225061 0.018365 0.024959
0 0.155247 0.574769 0.019298 0.020858
0 0.658972 0.072140 0.014835 0.018324
0 0.461636 0.284871 0.018204 0.021144
0 0.675540 0.111337 0.018987 0.022680
0 0.349313 0.094635 0.019176 0.022134
0 0.443208 0.606265 0.017103 0.022569
0 0.756053 0.644871 0.019823 0.024565
0 0.990697 0.767467 0.018494 0.024759
0 0.143714 0.434717 0.016870 0.021208
0 0.356455 0.469914 0.017229 0.021877
0 0.993107 0.121285 0.013785 0.023979
0 0.434536 0.747385 0.018433 0.023097
0 0.844767 0.557927 0.023448 0.031113
0 0.789531 0.816925 0.022355 0.025609
0 0.640412 0.240178 0.015563 0.018263
0 0.481655 0.077429 0.016377 0.021944
0 0.737901 0.846242 0.019602 0.024668
0 0.209325 0.438885 0.019124 0.022590
0 0.598150 0.173529 0.018403 0.023247
0 0.331895 0.277267 0.016095 0.020034
0 0.041022 0.372654 0.016647 0.020588
0 0.428972 0.070705 0.015300 0.019288
0 0.162358 0.008939 0.018188 0.016830
0 0.683945 0.955666 0.019408 0.024683
0 0.620563 0.056123 0.019021 0.023162
0 0.418713 0.140979 0.017635 0.022046
0 0.247071 0.373189 0.016303 0.021112
0 0.954219 0.953294 0.020928 0.025720
0 0.418828 0.454779 0.016926 0.020527
0 0.575455 0.474411 0.017683 0.023345
0 0.347741 0.433911 0.019876 0.023675
0 0.138912 0.101839 0.016672 0.023314
0 0.116354 0.946656 0.017050 0.020414
0 0.724286 0.779611 0.017016 0.021063
0 0.393243 0.855916 0.014504 0.019337
0 0.907240 0.062446 0.021315 0.021829
0 0.292451 0.278494 0.017870 0.022886
0 0.939826 0.390875 0.018513 0.022931
0 0.237765 0.912639 0.019556 0.024652
0 0.479219 0.658449 0.016038 0.019509
0 0.490063 0.971051 0.018946 0.024418
0 0.143924 0.854748 0.015597 0.020347
0 0.138386 0.734086 0.016180 0.018701
0 0.371726 0.652624 0.017777 0.020898
0 0.511204 0.730895 0.017137 0.021564
0 0.047191 0.437496 0.016731 0.023153
0 0.055793 0.410770 0.016100 0.020256
0 0.079857 0.310896 0.015439 0.018632
0 0.236030 0.101354 0.013844 0.019722
0 0.793854 0.725834 0.018630 0.021744
0 0.425887 0.237923 0.020163 0.022649
0 0.954185 0.168769 0.015265 0.019115
0 0.881118 0.718069 0.018151 0.021759
0 0.153720 0.571008 0.022052 0.026675
0 0.556141 0.484248 0.013933 0.020478
0 0.579285 0.076062 0.013870 0.016820
0 0.262022 0.104460 0.018085 0.020224
0 0.597325 0.817575 0.012196 0.014403
0 0.344903 0.846151 0.015292 0.018091
0 0.263938 0.102958 0.015406 0.018088
0 0.578042 0.623213 0.013442 0.016986
0 0.954442 0.169316 0.017927 0.023662
