0 0.772452 0.379506 0.020066 0.018017
0 0.242040 0.742954 0.015760 0.020200
0 0.545283 0.631085 0.016616 0.019166
0 0.416906 0.018102 0.020888 0.024264
0 0.805073 0.900961 0.027598 0.027106
0 0.376246 0.293494 0.019341 0.023032
0 0.134463 0.324198 0.019904 0.023706
0 0.507035 0.525862 0.022306 0.028945
0 0.212724 0.744543 0.015175 0.018591
0 0.084088 0.769347 0.018928 0.023638
0 0.617775 0.468386 0.019480 0.025987
0 0.250998 0.474472 0.016419 0.020521
0 0.239951 0.554704 0.018148 0.022919
0 0.674577 0.608135 0.019023 0.024476
0 0.267982 0.740730 0.016695 0.021928
0 0.872746 0.876946 0.017813 0.021853
0 0.919522 0.884609 0.016995 0.021108
0 0.173312 0.367721 0.018925 0.023666
0 0.531117 0.702061 0.018045 0.018338
0 0.157514 0.296520 0.018970 0.025284
0 0.068921 0.687225 0.018242 0.021826
0 0.673275 0.856309 0.018204 0.022546
0 0.501129 0.133809 0.018753 0.023256
0 0.304070 0.261419 0.018597 0.023078
0 0.482831 0.150350 0.017121 0.022584
0 0.529694 0.491538 0.018096 0.021258
0 0.979525 0.290162 0.019992 0.021357
0 0.093650 0.506921 0.018559 0.022949
0 0.047868 0.417618 0.016425 0.020600
0 0.528637 0.170369 0.017796 0.022396
0 0.956923 0.183634 0.017506 0.022053
0 0.803635 0.193826 0.017682 0.021306
0 0.926061 0.830273 0.019248 0.023322
0 0.804589 0.090151 0.018850 0.018832
0 0.203258 0.051943 0.017031 0.021531
0 0.643628 0.306887 0.018623 0.022078
0 0.074899 0.304462 0.021070 0.025793
0 0.934071 0.679226 0.017792 0.020369
0 0.475814 0.481275 0.017028 0.021293
0 0.227585 0.602509 0.017327 0.021644
0 0.522104 0.412328 0.019236 0.021420
0 0.328962 0.269348 0.015484 0.018448
0 0.777840 0.237510 0.017280 0.020550
0 0.447079 0.314669 0.016163 0.020834
0 0.532594 0.676917 0.019310 0.019669
0 0.320297 0.241828 0.018026 0.022037
0 0.774653 0.211605 0.015563 0.017655
0 0.160899 0.892528 0.020175 0.025948
0 0.887091 0.285328 0.022040 0.022399
0 0.308804 0.155615 0.017157 0.020592
0 0.925846 0.037648 0.019202 0.022784
0 0.020384 0.413745 0.017074 0.019887
0 0.170739 0.013808 0.018737 0.022867
0 0.947479 0.454227 0.017537 0.020541
0 0.013223 0.859654 0.017884 0.024299
0 0.169214 0.475157 0.017741 0.022039
0 0.245699 0.393235 0.018262 0.022973
0 0.858567 0.115722 0.017616 0.021905
0 0.242175 0.311071 0.015096 0.018746
0 0.956320 0.586002 0.018280 0.023013
0 0.057465 0.774090 0.023041 0.023879
0 0.128689 0.280967 0.020440 0.024581
0 0.549017 0.658309 0.016205 0.019936
0 0.869490 0.632226 0.019571 0.025362
0 0.320750 0.862921 0.022518 0.024526
0 0.146336 0.530836 0.016764 0.020761
0 0.337557 0.296804 0.016266 0.020249
0 0.635529 0.507349 0.019001 0.022191
0 0.386135 0.226000 0.017549 0.020016
0 0.053865 0.152101 0.014805 0.018859
0 0.193867 0.539873 0.016376 0.024198
0 0.982031 0.261941 0.017314 0.021614
0 0.035856 0.182610 0.018245 0.023612
0 0.267983 0.305871 0.021404 0.024240
0 0.031520 0.142719 0.016821 0.021562
0 0.574876 0.306818 0.017572 0.022161
0 0.719410 0.151603 0.018976 0.022929
0 0.888212 0.419619 0.020395 0.025438
0 0.233442 0.040172 0.016170 0.020150
0 0.180339 0.723015 0.026675 0.037903
0 0.608902 0.154497 0.015941 0.019424
0 0.553974 0.159347 0.013823 0.017274
0 0.801989 0.870607 0.018236 0.022434
0 0.004152 0.024118 0.008275 0.023735
0 0.486701 0.079721 0.016166 0.018891
0 0.522461 0.380640 0.016366 0.018667
0 0.898572 0.109804 0.022020 0.025312
0 0.907522 0.902972 0.014030 0.019451
0 0.426280 0.046792 0.017212 0.022578
0 0.089376 0.870547 0.022073 0.026211
0 0.296541 0.327848 0.016731 0.021301
0 0.778839 0.401356 0.017914 0.021289
0 0.431765 0.668634 0.019628 0.020593
0 0.049239 0.560935 0.017390 0.022624
0 0.268325 0.578262 0.015061 0.019304
0 0.479391 0.257146 0.015846 0.020624
0 0.396046 0.340166 0.014997 0.018950
0 0.887481 0.898312 0.014126 0.019184
0 0.183646 0.881918 0.011848 0.016862
0 0.567939 0.072141 0.013392 0.017318
0 0.997016 0.243907 0.005969 0.024143
0 0.295044 0.368089 0.018322 0.026082
0 0.822969 0.358208 0.016219 0.017517
0 0.808431 0.898443 0.022756 0.024308
0 0.956801 0.706166 0.012090 0.015102
