0 0.830194 0.910844 0.025583 0.029005
0 0.100201 0.780597 0.018360 0.021045
0 0.548058 0.185210 0.016632 0.021856
0 0.279257 0.305399 0.020300 0.023851
0 0.271547 0.487706 0.017803 0.021337
0 0.240503 0.555794 0.018213 0.023029
0 0.242585 0.742396 0.015413 0.020037
0 0.532644 0.541862 0.020454 0.025025
0 0.772821 0.381543 0.019853 0.020704
0 0.504942 0.144152 0.018321 0.023335
0 0.433130 0.029100 0.020558 0.024838
0 0.546451 0.683563 0.018582 0.020862
0 0.046698 0.418726 0.017441 0.021507
0 0.779287 0.237984 0.017628 0.020898
0 0.212904 0.745881 0.014821 0.017848
0 0.093259 0.505855 0.019328 0.024119
0 0.263656 0.407385 0.017801 0.023256
0 0.549648 0.506724 0.017031 0.022166
0 0.568476 0.308370 0.018343 0.024604
0 0.226766 0.070007 0.017117 0.022115
0 0.267917 0.740523 0.016506 0.021986
0 0.091674 0.704669 0.017208 0.021391
0 0.152572 0.334803 0.017918 0.022582
0 0.052298 0.156597 0.016892 0.020819
0 0.012569 0.667808 0.018673 0.022343
0 0.750914 0.172935 0.019461 0.023271
0 0.193052 0.375825 0.017967 0.020675
0 0.799410 0.404602 0.018164 0.022881
0 0.959916 0.060616 0.019465 0.021895
0 0.129359 0.284677 0.020209 0.024873
0 0.476062 0.481651 0.016436 0.021078
0 0.804435 0.090164 0.018812 0.019019
0 0.968837 0.869892 0.019008 0.024178
0 0.643163 0.306261 0.018667 0.021937
0 0.839270 0.210283 0.016933 0.021141
0 0.898185 0.109715 0.021387 0.025934
0 0.703290 0.636469 0.020260 0.025642
0 0.521873 0.409851 0.018969 0.022613
0 0.969460 0.590231 0.016714 0.022670
0 0.074872 0.304701 0.020433 0.025862
0 0.447706 0.314910 0.016110 0.020449
0 0.708019 0.884352 0.018933 0.022741
0 0.192221 0.027607 0.018454 0.023197
0 0.160675 0.894509 0.021890 0.026416
0 0.608427 0.154256 0.016761 0.021263
0 0.548994 0.409822 0.015105 0.019465
0 0.870653 0.633735 0.019435 0.024259
0 0.919722 0.885002 0.016563 0.020296
0 0.636990 0.509540 0.017617 0.021708
0 0.034768 0.187420 0.019435 0.023234
0 0.075743 0.582680 0.017150 0.021029
0 0.393856 0.307088 0.019263 0.023655
0 0.255041 0.627870 0.017583 0.022736
0 0.979569 0.291402 0.018058 0.020926
0 0.036786 0.888329 0.019234 0.023915
0 0.166613 0.547212 0.017021 0.019349
0 0.559964 0.641672 0.016133 0.020707
0 0.258164 0.060403 0.017208 0.020698
0 0.887007 0.287488 0.025792 0.024196
0 0.268470 0.577010 0.014949 0.018244
0 0.801414 0.876554 0.019151 0.023333
0 0.908759 0.906865 0.014898 0.019019
0 0.649555 0.485768 0.019148 0.023659
0 0.513787 0.087308 0.015776 0.019738
0 0.775115 0.211359 0.015512 0.017501
0 0.320215 0.242402 0.018371 0.022234
0 0.871547 0.879998 0.017079 0.022210
0 0.482845 0.149441 0.017117 0.022669
0 0.886169 0.420506 0.021163 0.025511
0 0.951059 0.446076 0.017072 0.022175
0 0.329600 0.270887 0.015288 0.019109
0 0.936922 0.684761 0.017502 0.021277
0 0.211121 0.558658 0.017214 0.022665
0 0.018041 0.414129 0.018122 0.019898
0 0.156445 0.298483 0.019419 0.023486
0 0.305589 0.263128 0.018312 0.022911
0 0.993790 0.272200 0.012421 0.020749
0 0.318071 0.856285 0.021684 0.028391
0 0.387567 0.223593 0.017918 0.021603
0 0.308918 0.154170 0.017555 0.021198
0 0.089954 0.872122 0.022618 0.026695
0 0.076273 0.783382 0.021977 0.024033
0 0.987689 0.205664 0.017103 0.022841
0 0.856125 0.114076 0.017754 0.022737
0 0.196987 0.498171 0.018086 0.021749
0 0.180237 0.724693 0.027249 0.038604
0 0.004052 0.026589 0.008103 0.024916
0 0.530332 0.700215 0.018055 0.020528
0 0.073319 0.173297 0.015185 0.018906
0 0.258252 0.324451 0.015041 0.019142
0 0.432637 0.671337 0.018948 0.019854
0 0.300011 0.323435 0.016750 0.020893
0 0.554544 0.158854 0.015194 0.016976
0 0.397609 0.339420 0.015549 0.019047
0 0.451927 0.057037 0.017287 0.024164
0 0.339399 0.297170 0.017191 0.020803
0 0.544691 0.656502 0.014991 0.018696
0 0.889215 0.897795 0.014033 0.019516
0 0.477935 0.259287 0.015160 0.017600
0 0.294889 0.368492 0.019465 0.025854
0 0.995933 0.241316 0.008135 0.024750
0 0.813411 0.944137 0.010826 0.013925
0 0.838186 0.363834 0.014869 0.018820
0 0.297919 0.368985 0.022639 0.028055
0 0.741895 0.490548 0.011285 0.015000
0 0.567658 0.073849 0.014730 0.018826
0 0.191559 0.893884 0.011404 0.016439
