0 0.557356 0.517212 0.022284 0.029393
0 0.529772 0.868889 0.019681 0.025032
0 0.212046 0.312672 0.021069 0.024858
0 0.271676 0.658967 0.017122 0.022065
0 0.427861 0.507450 0.019377 0.022195
0 0.163994 0.011168 0.018794 0.020057
0 0.771369 0.975266 0.019193 0.021654
0 0.201459 0.347851 0.018435 0.023312
0 0.420846 0.842527 0.017902 0.021785
0 0.280875 0.163326 0.018388 0.021892
0 0.982640 0.644667 0.019300 0.024243
0 0.699162 0.263693 0.020247 0.024115
0 0.358831 0.472223 0.016561 0.020767
0 0.406749 0.076984 0.016539 0.020870
0 0.437586 0.571725 0.018500 0.022751
0 0.229363 0.362283 0.016240 0.020951
0 0.902713 0.769684 0.024052 0.026043
0 0.579151 0.473312 0.017602 0.023304
0 0.679234 0.114125 0.018511 0.022018
0 0.248148 0.376822 0.016989 0.021356
0 0.543397 0.484907 0.017499 0.022599
0 0.126436 0.229393 0.017312 0.026568
0 0.102476 0.474665 0.019003 0.023637
0 0.897546 0.359544 0.020341 0.023791
0 0.444620 0.606495 0.019895 0.022048
0 0.333328 0.280601 0.015212 0.019918
0 0.428729 0.240483 0.018393 0.020741
0 0.793197 0.821506 0.021273 0.024659
0 0.395860 0.128695 0.019059 0.021934
0 0.212208 0.444644 0.017297 0.020516
0 0.992382 0.770457 0.015236 0.024664
0 0.675063 0.244993 0.017068 0.023195
0 0.029484 0.528687 0.018892 0.021443
0 0.685356 0.704070 0.019422 0.026314
0 0.421239 0.542859 0.019397 0.024133
0 0.906332 0.966943 0.020404 0.023700
0 0.887562 0.684879 0.018581 0.022742
0 0.248059 0.661037 0.018705 0.026456
0 0.900047 0.719204 0.018752 0.022862
0 0.485884 0.965973 0.018255 0.021363
0 0.532535 0.530103 0.016171 0.021098
0 0.420320 0.144609 0.017241 0.022631
0 0.247890 0.515451 0.019183 0.023535
0 0.461750 0.932720 0.019383 0.024429
0 0.848147 0.561266 0.022525 0.028495
0 0.978934 0.854397 0.020511 0.023455
0 0.435461 0.741154 0.017978 0.021806
0 0.421447 0.451780 0.016466 0.020953
0 0.768556 0.807441 0.019804 0.023854
0 0.363730 0.126853 0.017547 0.022284
0 0.488684 0.301835 0.017135 0.021758
0 0.146184 0.437586 0.016741 0.021796
0 0.140545 0.103403 0.016996 0.022898
0 0.482743 0.057147 0.017089 0.022231
0 0.381989 0.611023 0.017313 0.020302
0 0.138706 0.356983 0.016916 0.021076
0 0.728557 0.250075 0.019583 0.025926
0 0.304368 0.888318 0.020117 0.024512
0 0.546409 0.431971 0.017117 0.019867
0 0.374239 0.654589 0.017651 0.021771
0 0.563598 0.122235 0.015600 0.021105
0 0.756234 0.638409 0.020713 0.021068
0 0.317141 0.098436 0.017577 0.021240
0 0.776567 0.447365 0.019933 0.024988
0 0.124856 0.415032 0.017528 0.024679
0 0.943330 0.445108 0.020208 0.024790
0 0.604579 0.849862 0.020980 0.025242
0 0.601314 0.175059 0.017143 0.022081
0 0.150201 0.331516 0.015152 0.017724
0 0.624081 0.058713 0.018145 0.022308
0 0.768877 0.732641 0.018774 0.020762
0 0.957451 0.956273 0.019304 0.024306
0 0.700111 0.052012 0.018844 0.021565
0 0.373280 0.250856 0.016859 0.022788
0 0.957670 0.172214 0.014533 0.019003
0 0.684643 0.950246 0.020732 0.024171
0 0.383272 0.014618 0.016181 0.019219
0 0.185777 0.917559 0.017483 0.022513
0 0.264485 0.107814 0.020915 0.021563
0 0.386644 0.434362 0.019647 0.023373
0 0.694625 0.756240 0.021402 0.025661
0 0.548269 0.306727 0.019171 0.023507
0 0.840276 0.677649 0.018443 0.023781
0 0.084153 0.367053 0.017651 0.021183
0 0.346163 0.804078 0.017596 0.021982
0 0.909493 0.165885 0.017351 0.022427
0 0.324302 0.558308 0.020124 0.023063
0 0.049381 0.378243 0.017300 0.019483
0 0.252440 0.818846 0.015492 0.019925
0 0.995587 0.123825 0.008827 0.023424
0 0.206153 0.726962 0.015121 0.019375
0 0.662530 0.295886 0.017050 0.022175
0 0.295619 0.281094 0.016234 0.022949
0 0.470872 0.881723 0.018993 0.022492
0 0.057331 0.415289 0.016792 0.021432
0 0.274206 0.134398 0.016461 0.019054
0 0.162652 0.563068 0.020596 0.022976
0 0.224632 0.420558 0.017047 0.021279
0 0.496085 0.120023 0.015411 0.020752
0 0.513586 0.733307 0.016755 0.020955
0 0.925349 0.266859 0.017191 0.020421
0 0.989714 0.398675 0.019137 0.024385
0 0.747191 0.095514 0.015404 0.019255
0 0.937391 0.164804 0.016162 0.020931
0 0.394305 0.859602 0.015514 0.018321
0 0.155767 0.565216 0.019357 0.022077
0 0.581409 0.616418 0.017529 0.020064
0 0.912389 0.059087 0.020505 0.024556
0 0.439623 0.233208 0.011513 0.017130
0 0.431896 0.238576 0.023733 0.024053
0 0.025182 0.229760 0.013225 0.016318
0 0.563440 0.487059 0.013502 0.017594
