0 0.467591 0.052053 0.015596 0.020947
0 0.624455 0.944693 0.019056 0.025544
0 0.010444 0.287105 0.017055 0.018901
0 0.505163 0.103073 0.017429 0.021477
0 0.279671 0.384922 0.019784 0.025316
0 0.133896 0.178554 0.020840 0.025953
0 0.130654 0.231277 0.017019 0.022882
0 0.833817 0.296650 0.019151 0.022171
0 0.718839 0.209660 0.017898 0.021643
0 0.190565 0.669502 0.017035 0.021200
0 0.247302 0.469547 0.019900 0.025425
0 0.753821 0.822916 0.018521 0.022366
0 0.514645 0.965373 0.022713 0.027145
0 0.790787 0.680125 0.015921 0.021241
0 0.541415 0.927397 0.017163 0.022238
0 0.411352 0.554976 0.014398 0.018189
0 0.514306 0.231847 0.020401 0.026179
0 0.465119 0.678658 0.015939 0.020861
0 0.764494 0.948200 0.016844 0.021743
0 0.004646 0.675951 0.009292 0.021439
0 0.599617 0.626854 0.014255 0.018444
0 0.721046 0.913210 0.016070 0.022400
0 0.358045 0.862642 0.017013 0.019862
0 0.115746 0.489226 0.016272 0.021289
0 0.566864 0.625835 0.014509 0.019241
0 0.991822 0.649781 0.015699 0.021170
0 0.072721 0.928486 0.017449 0.021216
0 0.214656 0.954123 0.013241 0.017513
0 0.384114 0.087595 0.016785 0.023347
0 0.614329 0.652030 0.015995 0.020890
0 0.212591 0.224630 0.017452 0.020955
0 0.095011 0.672901 0.016498 0.021001
0 0.239243 0.928508 0.015696 0.020235
0 0.833257 0.735730 0.012492 0.016380
0 0.815748 0.869746 0.018104 0.021213
0 0.652419 0.932545 0.013174 0.015312
0 0.797350 0.779029 0.017848 0.022002
0 0.009372 0.031674 0.016116 0.018031
0 0.325009 0.107279 0.015026 0.020075
0 0.136451 0.527434 0.014891 0.017435
0 0.314720 0.079626 0.017587 0.022655
0 0.503729 0.063568 0.018680 0.023393
0 0.808692 0.650014 0.016348 0.019294
0 0.382226 0.648019 0.015944 0.019834
0 0.736685 0.542532 0.015840 0.021615
0 0.902585 0.175001 0.013860 0.016104
0 0.565544 0.878850 0.017177 0.020519
0 0.349414 0.390478 0.015180 0.018031
0 0.033126 0.932531 0.017043 0.022040
0 0.966178 0.310341 0.018616 0.024861
0 0.299744 0.274193 0.015933 0.021320
0 0.656587 0.218194 0.016949 0.020272
0 0.784728 0.934786 0.016806 0.018809
0 0.131576 0.476393 0.013166 0.017323
0 0.846206 0.891840 0.014533 0.018433
0 0.530838 0.433583 0.017749 0.020551
0 0.863068 0.317990 0.016876 0.021149
0 0.049328 0.516123 0.020069 0.019499
0 0.051972 0.193981 0.016528 0.023089
0 0.003019 0.186389 0.006037 0.012301
0 0.969612 0.698611 0.014884 0.017292
0 0.307971 0.567581 0.018236 0.026954
0 0.021512 0.211782 0.011999 0.016236
0 0.800696 0.059260 0.015123 0.020623
0 0.932465 0.895631 0.014236 0.018511
0 0.735856 0.172472 0.018355 0.021047
0 0.654505 0.679429 0.015784 0.020558
0 0.875531 0.231745 0.012170 0.016253
0 0.252229 0.078132 0.014117 0.018285
0 0.071403 0.807143 0.016616 0.019907
0 0.828494 0.577164 0.016617 0.019591
0 0.081831 0.710834 0.011691 0.016236
0 0.798470 0.960023 0.014892 0.019563
0 0.326879 0.823458 0.015450 0.018327
0 0.450629 0.260380 0.016585 0.020129
0 0.268141 0.052449 0.015899 0.019664
0 0.008131 0.674359 0.016263 0.022716
0 0.746112 0.567642 0.016301 0.018337
0 0.691418 0.411244 0.012647 0.017049
0 0.057633 0.905317 0.013582 0.018494
0 0.125223 0.417051 0.014861 0.018903
0 0.062754 0.042273 0.014772 0.021109
0 0.254686 0.946656 0.013975 0.016634
0 0.454434 0.774608 0.018093 0.026917
0 0.844595 0.557518 0.012662 0.018229
0 0.652711 0.164813 0.011758 0.015468
0 0.501190 0.208231 0.013442 0.015705
0 0.007378 0.897845 0.014457 0.019626
0 0.996289 0.813790 0.007422 0.023661
0 0.904625 0.133593 0.013890 0.016986
0 0.016732 0.052967 0.012951 0.019269
0 0.903298 0.989255 0.015468 0.017036
0 0.983503 0.108433 0.016824 0.020737
0 0.900692 0.613760 0.013760 0.017731
0 0.696329 0.189699 0.015710 0.018314
0 0.818685 0.503276 0.012916 0.015018
0 0.080822 0.440141 0.013960 0.017544
0 0.222841 0.459580 0.015389 0.020295
0 0.323142 0.486495 0.011377 0.013475
0 0.852112 0.099672 0.013774 0.019389
0 0.987904 0.913200 0.016330 0.015649
0 0.103575 0.008559 0.012593 0.014663
0 0.104169 0.472054 0.015946 0.019663
0 0.026183 0.128331 0.014096 0.018178
0 0.518230 0.295854 0.015314 0.018776
0 0.508574 0.337453 0.010967 0.014078
0 0.700408 0.668120 0.014530 0.018755
0 0.814453 0.085615 0.014109 0.020403
0 0.928259 0.842312 0.017899 0.023078
0 0.041745 0.074606 0.013992 0.016471
0 0.796861 0.152616 0.011336 0.015305
0 0.266688 0.966852 0.014566 0.020147
0 0.217780 0.405893 0.012358 0.015164
0 0.112636 0.272745 0.013417 0.019918
0 0.365491 0.659553 0.012603 0.014708
0 0.331416 0.039965 0.012899 0.015791
0 0.926898 0.983159 0.014789 0.019145
0 0.212189 0.378745 0.012847 0.015845
0 0.657254 0.972573 0.013570 0.017390
0 0.581931 0.731495 0.011752 0.015416
0 0.694405 0.907212 0.016177 0.022098
0 0.848126 0.942503 0.013683 0.020748
0 0.933063 0.987981 0.012884 0.017737
0 0.716972 0.201083 0.016724 0.023532
0 0.295127 0.048989 0.013363 0.017903
0 0.038151 0.208235 0.012375 0.016638
0 0.300982 0.924632 0.016555 0.021895
0 0.996346 0.066447 0.007308 0.021049
0 0.824564 0.715405 0.014744 0.016910
0 0.088608 0.847505 0.014723 0.019213
0 0.110711 0.225475 0.014209 0.019192
