0 0.560181 0.526757 0.022740 0.030645
0 0.518258 0.029702 0.019509 0.022131
0 0.214104 0.321350 0.020335 0.025831
0 0.491173 0.975483 0.016669 0.017976
0 0.984280 0.647583 0.017838 0.021774
0 0.705602 0.270324 0.015268 0.020472
0 0.307912 0.576651 0.015164 0.021281
0 0.946104 0.330926 0.016944 0.020310
0 0.421387 0.545185 0.019435 0.023705
0 0.577841 0.484982 0.017085 0.021534
0 0.250663 0.386923 0.015674 0.019435
0 0.271511 0.665428 0.018826 0.023800
0 0.609253 0.181486 0.016449 0.020415
0 0.980689 0.849414 0.019061 0.023054
0 0.389767 0.787974 0.016393 0.021534
0 0.756504 0.766791 0.017013 0.023115
0 0.974818 0.704756 0.016454 0.019863
0 0.404564 0.231852 0.016822 0.022585
0 0.032690 0.536648 0.015365 0.018345
0 0.562197 0.312602 0.019925 0.023049
0 0.163390 0.018424 0.021446 0.023596
0 0.962174 0.310810 0.016900 0.021724
0 0.678961 0.958778 0.017179 0.020603
0 0.869879 0.586800 0.014377 0.018041
0 0.855232 0.569767 0.017173 0.020978
0 0.144626 0.361850 0.018204 0.023342
0 0.439724 0.619726 0.015655 0.020889
0 0.426495 0.488898 0.019280 0.021998
0 0.601399 0.862140 0.018919 0.021991
0 0.371832 0.007750 0.015195 0.014368
0 0.781385 0.451794 0.019133 0.022929
0 0.385444 0.086638 0.018616 0.022979
0 0.186217 0.415495 0.017252 0.020883
0 0.795231 0.821174 0.021356 0.023614
0 0.914760 0.170076 0.016862 0.025877
0 0.484452 0.306872 0.016681 0.020298
0 0.005825 0.543410 0.011651 0.025023
0 0.582495 0.053307 0.014434 0.017572
0 0.074918 0.400971 0.018633 0.023648
0 0.457872 0.818793 0.019147 0.020603
0 0.514149 0.462262 0.014902 0.017835
0 0.947729 0.453615 0.016749 0.021050
0 0.440858 0.750746 0.016662 0.020482
0 0.628571 0.064300 0.017907 0.022144
0 0.218010 0.450951 0.017433 0.020661
0 0.052336 0.382679 0.016281 0.019636
0 0.381964 0.828099 0.019369 0.026565
0 0.291005 0.570060 0.013880 0.018097
0 0.701110 0.763297 0.016866 0.020982
0 0.301464 0.793478 0.016398 0.021241
0 0.799411 0.768951 0.015959 0.018595
0 0.254461 0.527517 0.018451 0.022018
0 0.232380 0.365761 0.017222 0.023975
0 0.779722 0.561865 0.019980 0.021647
0 0.350569 0.805989 0.016662 0.020405
0 0.117116 0.211619 0.017597 0.020947
0 0.139794 0.319605 0.018243 0.020355
0 0.019159 0.554832 0.012009 0.016421
0 0.160928 0.298234 0.015328 0.017476
0 0.381838 0.662078 0.015923 0.018886
0 0.902327 0.775162 0.020016 0.023990
0 0.975310 0.801678 0.016984 0.021973
0 0.324851 0.558823 0.016259 0.021691
0 0.757118 0.644163 0.017435 0.023035
0 0.535742 0.531411 0.015900 0.021034
0 0.506249 0.482960 0.015665 0.019366
0 0.299401 0.287884 0.016194 0.022553
0 0.237544 0.317235 0.016881 0.025008
0 0.685491 0.283072 0.015706 0.020155
0 0.415642 0.091195 0.018027 0.020897
0 0.876188 0.683579 0.018123 0.022947
0 0.145364 0.111660 0.017210 0.020129
0 0.961565 0.963285 0.017659 0.024974
0 0.684241 0.120233 0.017255 0.021246
0 0.370753 0.542241 0.017311 0.020190
0 0.423545 0.149998 0.018596 0.023234
0 0.325319 0.112423 0.018096 0.022784
0 0.492464 0.458182 0.015095 0.020665
0 0.440748 0.399442 0.018720 0.021874
0 0.278091 0.605244 0.013767 0.016777
0 0.558999 0.979889 0.015819 0.019501
0 0.340334 0.285888 0.015472 0.019672
0 0.549709 0.441176 0.014496 0.016940
0 0.300668 0.133367 0.018064 0.022545
0 0.385319 0.836750 0.016149 0.019382
0 0.217885 0.766107 0.016530 0.017641
0 0.367057 0.475480 0.017516 0.020242
0 0.410053 0.838185 0.017458 0.021470
0 0.518928 0.738737 0.016600 0.020448
0 0.708910 0.246113 0.011359 0.014960
0 0.428995 0.462195 0.016758 0.016884
0 0.995763 0.776066 0.008474 0.022909
0 0.862072 0.832062 0.019444 0.022741
0 0.151429 0.442908 0.015440 0.019980
0 0.078774 0.282959 0.019590 0.021670
0 0.815776 0.898136 0.016600 0.020071
0 0.690396 0.712167 0.018361 0.022603
0 0.903249 0.729426 0.018594 0.021385
0 0.927006 0.054089 0.016675 0.022539
0 0.265619 0.116222 0.017907 0.021521
0 0.020795 0.796613 0.014638 0.016368
0 0.293921 0.077203 0.014153 0.016643
0 0.705239 0.057711 0.017849 0.021973
0 0.725382 0.252963 0.017231 0.022607
0 0.180686 0.168065 0.013739 0.017959
0 0.435318 0.245087 0.016112 0.018375
0 0.244169 0.638324 0.012957 0.014916
0 0.058905 0.422428 0.015273 0.019226
0 0.535970 0.058229 0.015418 0.018924
0 0.021084 0.108608 0.015718 0.017361
0 0.073314 0.709230 0.012497 0.015518
0 0.142797 0.563996 0.017846 0.020275
0 0.948837 0.193415 0.011129 0.013639
0 0.674709 0.598855 0.011811 0.012751
0 0.962690 0.179413 0.012843 0.016991
0 0.590878 0.412386 0.015573 0.019190
0 0.437192 0.984155 0.015348 0.019313
0 0.871203 0.841130 0.015962 0.018889
0 0.655368 0.682673 0.011871 0.013732
0 0.673528 0.194205 0.012239 0.015592
0 0.943257 0.438044 0.014592 0.013869
0 0.141993 0.321984 0.018197 0.021222
0 0.355343 0.479436 0.011207 0.017274
0 0.732900 0.263358 0.014687 0.017924
0 0.996884 0.130927 0.006233 0.022367
0 0.152526 0.571466 0.013591 0.017202
0 0.434702 0.233383 0.016089 0.025174
0 0.973848 0.177554 0.010812 0.015814
0 0.865675 0.834934 0.024438 0.027923
0 0.010137 0.548987 0.014625 0.018415
0 0.002630 0.661157 0.005259 0.019301
0 0.401430 0.866135 0.012553 0.016822
0 0.944243 0.440183 0.016317 0.019581
0 0.975816 0.805725 0.015666 0.029869
