0 0.249516 0.471539 0.019678 0.025255
0 0.281098 0.385033 0.019775 0.025658
0 0.622434 0.946614 0.017642 0.022135
0 0.492320 0.171054 0.021060 0.025328
0 0.008018 0.668848 0.015843 0.019379
0 0.117418 0.488547 0.016651 0.023179
0 0.759527 0.803487 0.020546 0.023333
0 0.302972 0.825200 0.016331 0.022090
0 0.067094 0.040143 0.016602 0.022036
0 0.076526 0.425278 0.016942 0.021823
0 0.455229 0.257354 0.016425 0.022598
0 0.034535 0.933490 0.015937 0.020779
0 0.978924 0.667013 0.016541 0.021097
0 0.607036 0.617660 0.016448 0.020450
0 0.247344 0.271212 0.014805 0.018807
0 0.057652 0.815636 0.014687 0.020084
0 0.053893 0.324652 0.016349 0.019273
0 0.510286 0.963621 0.022580 0.029236
0 0.530645 0.437225 0.016684 0.021831
0 0.231516 0.938186 0.016571 0.020166
0 0.192231 0.180873 0.018578 0.023117
0 0.259833 0.008662 0.014676 0.016085
0 0.329291 0.812917 0.015640 0.020426
0 0.130107 0.232874 0.016665 0.023497
0 0.443489 0.797556 0.018283 0.024095
0 0.844127 0.857773 0.014355 0.018144
0 0.914409 0.990822 0.018214 0.015904
0 0.067603 0.346473 0.015668 0.018969
0 0.485365 0.876563 0.016354 0.020676
0 0.784492 0.653433 0.016090 0.019104
0 0.779428 0.207270 0.016985 0.021346
0 0.719989 0.526713 0.017558 0.022085
0 0.124625 0.168877 0.019521 0.024265
0 0.574813 0.111660 0.016297 0.020486
0 0.262432 0.508323 0.017587 0.023381
0 0.824386 0.523832 0.016576 0.020553
0 0.844214 0.557262 0.013961 0.017369
0 0.642859 0.348574 0.015131 0.020009
0 0.817169 0.276102 0.018668 0.021666
0 0.207587 0.927906 0.014595 0.020058
0 0.945136 0.971371 0.019328 0.021255
0 0.959885 0.510003 0.017487 0.020469
0 0.832396 0.499001 0.017503 0.019778
0 0.325470 0.494598 0.016586 0.022900
0 0.725348 0.895590 0.016978 0.021162
0 0.704211 0.139744 0.018032 0.023208
0 0.814563 0.867703 0.019659 0.024093
0 0.796419 0.618772 0.018435 0.022195
0 0.766585 0.947474 0.015550 0.019951
0 0.013284 0.489206 0.016387 0.022648
0 0.617630 0.971889 0.015212 0.016606
0 0.938514 0.891380 0.015191 0.020114
0 0.559452 0.562773 0.015970 0.018700
0 0.614819 0.069348 0.015179 0.020016
0 0.067766 0.157958 0.015536 0.022035
0 0.019225 0.689882 0.011970 0.016655
0 0.466205 0.051879 0.016541 0.020833
0 0.506652 0.849404 0.017152 0.022944
0 0.790313 0.750122 0.019546 0.023647
0 0.215396 0.226381 0.017016 0.022618
0 0.452007 0.163521 0.017001 0.022098
0 0.314800 0.054700 0.017089 0.019379
0 0.167197 0.691962 0.015569 0.019688
0 0.188565 0.944210 0.014208 0.020182
0 0.377358 0.653630 0.014997 0.017789
0 0.097370 0.499105 0.013625 0.020487
0 0.077466 0.925303 0.018505 0.023995
0 0.802097 0.052891 0.012955 0.017987
0 0.467324 0.677747 0.016746 0.021200
0 0.741787 0.092463 0.019531 0.022828
0 0.386029 0.085510 0.015364 0.019887
0 0.977709 0.234249 0.018477 0.023898
0 0.106296 0.469142 0.014307 0.016800
0 0.080722 0.599948 0.018028 0.021730
0 0.650991 0.679294 0.017348 0.020674
0 0.742114 0.923184 0.018118 0.022255
0 0.235651 0.019192 0.013263 0.018350
0 0.254018 0.959948 0.015119 0.018834
0 0.293595 0.462259 0.014258 0.019096
0 0.647328 0.105569 0.017162 0.019187
0 0.429437 0.009291 0.017344 0.017561
0 0.252017 0.891820 0.015916 0.022142
0 0.412993 0.761532 0.020621 0.022137
0 0.668972 0.769643 0.015548 0.020449
0 0.591618 0.646060 0.017227 0.021902
0 0.042409 0.633641 0.016712 0.020769
0 0.837691 0.094870 0.014194 0.017773
0 0.817250 0.033373 0.014966 0.018365
0 0.674482 0.339071 0.014446 0.017988
0 0.994011 0.625734 0.011978 0.021073
0 0.465467 0.336753 0.013815 0.017951
0 0.665637 0.605630 0.016777 0.019664
0 0.023773 0.210292 0.013070 0.015919
0 0.080014 0.699753 0.012814 0.015831
0 0.323601 0.090561 0.015086 0.022998
0 0.539252 0.584008 0.015868 0.018294
0 0.052993 0.289713 0.015722 0.020941
0 0.657547 0.964434 0.016638 0.019320
0 0.196817 0.875965 0.017345 0.022813
0 0.330771 0.039446 0.015483 0.018305
0 0.692244 0.662266 0.016900 0.020140
0 0.554328 0.932688 0.015523 0.018448
0 0.116040 0.551010 0.015803 0.020589
0 0.847191 0.670625 0.016011 0.021091
0 0.476595 0.417518 0.011604 0.014961
0 0.995544 0.335804 0.008911 0.019028
0 0.806258 0.402123 0.016225 0.019577
0 0.019048 0.977382 0.014077 0.017005
0 0.042921 0.899063 0.014773 0.018835
0 0.022488 0.129661 0.014998 0.018136
0 0.011465 0.890194 0.014787 0.022949
0 0.677792 0.750014 0.014144 0.017350
0 0.709549 0.579529 0.016614 0.017494
0 0.519682 0.295480 0.018602 0.021398
0 0.798352 0.973167 0.014860 0.020368
0 0.738592 0.967947 0.011755 0.015609
0 0.042733 0.193929 0.013013 0.016863
0 0.367988 0.641651 0.012039 0.017217
0 0.817425 0.973461 0.015554 0.021862
0 0.015989 0.071873 0.014347 0.018948
0 0.701371 0.926815 0.015131 0.019548
0 0.908063 0.138460 0.015436 0.021937
0 0.468370 0.505285 0.015388 0.018381
0 0.767631 0.745993 0.013244 0.019709
0 0.363264 0.974050 0.014825 0.020155
0 0.931376 0.829002 0.017843 0.025109
0 0.043661 0.071825 0.016418 0.019798
0 0.702364 0.894367 0.015687 0.019930
0 0.794524 0.897680 0.015857 0.019843
0 0.069039 0.471882 0.014909 0.020693
0 0.241028 0.693132 0.016808 0.021394
0 0.862428 0.590938 0.013997 0.019817
0 0.422597 0.035219 0.016114 0.019459
0 0.377584 0.059109 0.014219 0.016280
0 0.705817 0.137427 0.020298 0.028360
0 0.086284 0.460809 0.011874 0.017557
0 0.518073 0.532100 0.014808 0.019207
0 0.287328 0.636881 0.012066 0.013832
0 0.286168 0.019050 0.012733 0.018001
0 0.021810 0.047096 0.012755 0.013166
0 0.789736 0.281794 0.013018 0.016920
0 0.816365 0.909408 0.011673 0.016517
0 0.232355 0.990784 0.016340 0.015929
0 0.338234 0.975875 0.011474 0.016147
0 0.994850 0.901658 0.010264 0.015769
0 0.303836 0.032559 0.015370 0.018938
0 0.187224 0.438036 0.017572 0.024145
0 0.086719 0.098480 0.011448 0.017007
0 0.537502 0.651656 0.012817 0.016949
0 0.548759 0.680676 0.011158 0.014542
0 0.003092 0.108586 0.006154 0.019880
0 0.469768 0.846453 0.014191 0.016675
0 0.996927 0.811104 0.006145 0.019767
0 0.145912 0.323218 0.012551 0.016530
0 0.416809 0.675253 0.012645 0.016046
0 0.303097 0.608876 0.014506 0.018195
0 0.777437 0.094268 0.013422 0.016866
0 0.258409 0.294506 0.012830 0.016736
0 0.070387 0.323759 0.011523 0.013393
0 0.598114 0.998232 0.015643 0.003536
0 0.469920 0.508954 0.015672 0.018709
0 0.218880 0.963105 0.017703 0.023874
0 0.829545 0.921090 0.014820 0.016971
0 0.062675 0.704999 0.014120 0.016967
0 0.679253 0.751945 0.015955 0.018712
0 0.978220 0.204334 0.011099 0.014654
0 0.771450 0.474898 0.011990 0.014382
0 0.595847 0.339319 0.014153 0.016331
