0 0.703938 0.272828 0.015747 0.020480
0 0.921303 0.768412 0.014608 0.018324
0 0.720111 0.255710 0.015758 0.020910
0 0.332590 0.291224 0.018004 0.022630
0 0.945749 0.328933 0.019833 0.023071
0 0.027873 0.343788 0.018614 0.022308
0 0.559543 0.522125 0.027387 0.033278
0 0.900325 0.775805 0.019755 0.023022
0 0.203276 0.315950 0.020994 0.027321
0 0.876819 0.950325 0.015021 0.018876
0 0.977612 0.190717 0.014187 0.018920
0 0.434082 0.754069 0.015654 0.020207
0 0.830791 0.906275 0.015995 0.022120
0 0.979135 0.809632 0.014699 0.018815
0 0.304678 0.579354 0.018539 0.021245
0 0.982968 0.649710 0.017915 0.022780
0 0.948228 0.992495 0.016694 0.013899
0 0.398091 0.378913 0.017579 0.021940
0 0.312142 0.867087 0.018328 0.023673
0 0.805467 0.960180 0.015171 0.017784
0 0.149724 0.445501 0.017509 0.023188
0 0.166168 0.022544 0.017803 0.021984
0 0.436566 0.433265 0.016322 0.020641
0 0.365151 0.310813 0.016042 0.021663
0 0.718605 0.702541 0.016867 0.020974
0 0.196774 0.873673 0.017294 0.020122
0 0.416876 0.854374 0.014543 0.016670
0 0.876193 0.638867 0.015795 0.018736
0 0.699923 0.659479 0.017568 0.021032
0 0.675805 0.962093 0.016567 0.020746
0 0.729732 0.465871 0.014429 0.016726
0 0.938088 0.810472 0.016307 0.020352
0 0.387449 0.841140 0.015120 0.018743
0 0.052064 0.257761 0.013581 0.017433
0 0.729484 0.885198 0.014333 0.017829
0 0.859515 0.258335 0.016789 0.020099
0 0.814323 0.908457 0.015452 0.021431
0 0.044925 0.384570 0.015345 0.018856
0 0.311953 0.101600 0.016961 0.019181
0 0.961471 0.180772 0.013632 0.017167
0 0.215865 0.849493 0.014333 0.017603
0 0.423494 0.875497 0.015670 0.019928
0 0.773152 0.299701 0.018088 0.021377
0 0.135578 0.361257 0.017542 0.021926
0 0.687534 0.714413 0.019010 0.021327
0 0.597569 0.183571 0.017938 0.021380
0 0.903627 0.730797 0.014091 0.018423
0 0.433178 0.245342 0.015576 0.019442
0 0.699425 0.765542 0.015160 0.019878
0 0.919300 0.742923 0.013664 0.015306
0 0.249475 0.387048 0.016889 0.019567
0 0.603149 0.861001 0.018384 0.022668
0 0.491248 0.633959 0.017186 0.021149
0 0.626237 0.112209 0.016126 0.021072
0 0.489563 0.459435 0.016775 0.022686
0 0.503083 0.314689 0.013482 0.016884
0 0.159024 0.612702 0.015333 0.019940
0 0.217881 0.453245 0.016868 0.019392
0 0.704132 0.737720 0.016149 0.020582
0 0.316405 0.552865 0.017965 0.021779
0 0.301761 0.052533 0.015866 0.018982
0 0.359012 0.828040 0.015241 0.018755
0 0.191073 0.584442 0.017498 0.020182
0 0.947465 0.293917 0.018650 0.020651
0 0.348521 0.544083 0.015630 0.019986
0 0.932067 0.878815 0.015363 0.018788
0 0.963524 0.462158 0.013937 0.020184
0 0.416170 0.550965 0.017445 0.020820
0 0.234697 0.316705 0.018330 0.024433
0 0.874460 0.427106 0.015014 0.022339
0 0.896905 0.469927 0.015280 0.018631
0 0.394375 0.230761 0.014474 0.017734
0 0.833656 0.659320 0.015162 0.020236
0 0.294369 0.130507 0.015979 0.020262
0 0.051632 0.943024 0.015452 0.019208
0 0.915606 0.586873 0.017709 0.019113
0 0.050964 0.850399 0.016622 0.021878
0 0.556517 0.317509 0.017428 0.021736
0 0.853677 0.570018 0.017721 0.021022
0 0.229800 0.366969 0.016672 0.024781
0 0.080226 0.251921 0.015570 0.019840
0 0.923570 0.727454 0.015335 0.016900
0 0.244533 0.517469 0.017596 0.021695
0 0.621265 0.060287 0.018377 0.020905
0 0.348227 0.810251 0.014541 0.018260
0 0.896623 0.935309 0.013857 0.018244
0 0.360713 0.469083 0.016387 0.019753
0 0.066221 0.168051 0.016196 0.018965
0 0.341452 0.151668 0.013362 0.013986
0 0.814977 0.736330 0.014579 0.018278
0 0.969864 0.922538 0.012755 0.017447
0 0.818713 0.368964 0.015839 0.022428
0 0.424433 0.154549 0.015691 0.019596
0 0.687377 0.886099 0.012864 0.017785
0 0.996023 0.777240 0.007955 0.023111
0 0.414353 0.091907 0.017279 0.022904
0 0.700436 0.249567 0.011095 0.014354
0 0.349558 0.734708 0.019284 0.022669
0 0.611968 0.278854 0.012017 0.014015
0 0.994445 0.161361 0.011109 0.017712
0 0.518346 0.742225 0.014320 0.017969
0 0.128823 0.477164 0.014116 0.017473
0 0.076272 0.520142 0.016445 0.019001
0 0.564469 0.608199 0.016784 0.022783
0 0.024841 0.296269 0.015146 0.017730
0 0.943747 0.456703 0.016090 0.019029
0 0.734124 0.979973 0.015881 0.019409
0 0.685379 0.288655 0.015033 0.019814
0 0.476789 0.306786 0.014907 0.018316
0 0.779249 0.027701 0.011927 0.013959
0 0.239829 0.665803 0.016979 0.022276
0 0.327208 0.598561 0.014551 0.019611
0 0.421528 0.468879 0.015588 0.019250
0 0.340448 0.264148 0.013566 0.016569
0 0.082211 0.980240 0.014331 0.015918
0 0.144645 0.114622 0.015819 0.020212
0 0.167194 0.721421 0.016063 0.017793
0 0.041808 0.360443 0.013992 0.015640
0 0.796270 0.822268 0.017230 0.021913
0 0.304181 0.402495 0.019264 0.022191
0 0.062358 0.425383 0.015022 0.020521
0 0.696192 0.057340 0.016721 0.020820
0 0.743139 0.902606 0.014205 0.017568
0 0.891852 0.314821 0.015586 0.019679
0 0.593474 0.478038 0.019369 0.024976
0 0.808302 0.943069 0.017529 0.018093
0 0.087700 0.611503 0.014240 0.016546
0 0.826685 0.114066 0.015429 0.019450
0 0.703975 0.471985 0.017697 0.020888
0 0.751417 0.653851 0.014827 0.019647
0 0.519753 0.406188 0.018309 0.020716
0 0.573251 0.283326 0.011925 0.014145
0 0.965257 0.970614 0.017667 0.021238
0 0.437586 0.619091 0.018990 0.023494
0 0.088403 0.441151 0.013070 0.021313
0 0.584868 0.799729 0.012084 0.015350
0 0.209430 0.533282 0.011656 0.015304
0 0.584597 0.930443 0.013955 0.017875
0 0.779285 0.457980 0.017312 0.022942
0 0.353098 0.484173 0.014225 0.016127
0 0.517782 0.407720 0.017170 0.020008
0 0.556044 0.982694 0.015005 0.017775
0 0.470032 0.514975 0.011284 0.013566
0 0.317440 0.556087 0.020488 0.027627
0 0.196353 0.572447 0.018068 0.022508
0 0.964261 0.149971 0.014836 0.019729
0 0.366373 0.007722 0.015809 0.014268
0 0.298021 0.283363 0.016063 0.018463
0 0.959935 0.964251 0.017336 0.022277
0 0.358450 0.473632 0.019504 0.026376
0 0.914832 0.458074 0.015565 0.021148
0 0.267597 0.115670 0.013576 0.016055
0 0.619490 0.093802 0.015122 0.014718
0 0.533265 0.534186 0.014864 0.017731
0 0.942101 0.790730 0.015695 0.016782
0 0.920452 0.738730 0.016066 0.023406
0 0.823612 0.907377 0.027179 0.024429
0 0.806645 0.955733 0.017649 0.024522
0 0.737092 0.985339 0.018392 0.020363
0 0.453900 0.360656 0.013050 0.015296
0 0.038912 0.357155 0.014757 0.015487
