0 0.557642 0.518006 0.022150 0.029541
0 0.163950 0.011720 0.019046 0.020388
0 0.208228 0.342378 0.017838 0.020582
0 0.212553 0.312738 0.021124 0.024614
0 0.438404 0.500134 0.018597 0.022631
0 0.544291 0.484174 0.017399 0.022317
0 0.678931 0.246434 0.017093 0.020986
0 0.700291 0.264367 0.018107 0.023324
0 0.420890 0.543817 0.019242 0.022996
0 0.398766 0.423064 0.018501 0.025059
0 0.375899 0.117429 0.017970 0.023301
0 0.983227 0.645689 0.019022 0.023922
0 0.420723 0.842632 0.017948 0.021906
0 0.904448 0.768270 0.021442 0.025394
0 0.674815 0.281864 0.016834 0.022083
0 0.248565 0.377339 0.016589 0.021156
0 0.580190 0.475309 0.018041 0.023470
0 0.421604 0.069042 0.015463 0.019024
0 0.447296 0.562823 0.018448 0.023118
0 0.606061 0.851893 0.020959 0.024818
0 0.911441 0.341654 0.019024 0.022360
0 0.435954 0.740833 0.017441 0.021322
0 0.272006 0.661129 0.016913 0.020755
0 0.679779 0.115092 0.017584 0.021934
0 0.249697 0.515914 0.018453 0.022338
0 0.849095 0.562234 0.021957 0.028846
0 0.359310 0.472104 0.017023 0.021508
0 0.252560 0.644308 0.018209 0.026007
0 0.727829 0.248605 0.018671 0.025869
0 0.229809 0.363298 0.016068 0.020484
0 0.102160 0.473143 0.018302 0.021544
0 0.491214 0.059918 0.016888 0.020842
0 0.444838 0.606929 0.018805 0.021864
0 0.685693 0.705006 0.019077 0.024131
0 0.126885 0.229534 0.017619 0.024419
0 0.979235 0.854151 0.019865 0.022976
0 0.369722 0.991119 0.019071 0.015296
0 0.919541 0.943762 0.019345 0.025358
0 0.478464 0.924370 0.019103 0.025118
0 0.213144 0.445530 0.016997 0.020502
0 0.139001 0.357183 0.017444 0.021400
0 0.942483 0.156066 0.016020 0.018535
0 0.487067 0.966982 0.018323 0.021224
0 0.420346 0.144322 0.017257 0.021778
0 0.491802 0.299922 0.018301 0.022302
0 0.402272 0.122847 0.018459 0.022821
0 0.992460 0.770469 0.015081 0.024816
0 0.506489 0.113422 0.016058 0.020801
0 0.773948 0.791614 0.019862 0.022419
0 0.383629 0.012555 0.016712 0.019479
0 0.700128 0.046331 0.019193 0.022417
0 0.943253 0.445933 0.020244 0.023690
0 0.146050 0.437550 0.016618 0.021320
0 0.901730 0.717919 0.019762 0.023087
0 0.140883 0.104481 0.017680 0.022320
0 0.793224 0.821555 0.022311 0.025151
0 0.334360 0.279444 0.015982 0.020097
0 0.624132 0.058314 0.018958 0.023717
0 0.284113 0.155213 0.017364 0.022782
0 0.849187 0.663824 0.019342 0.022411
0 0.473873 0.883042 0.019518 0.023268
0 0.531563 0.528776 0.015609 0.020724
0 0.780591 0.704444 0.017431 0.019187
0 0.756534 0.638684 0.020538 0.021789
0 0.788512 0.948204 0.019373 0.023311
0 0.546780 0.308761 0.018625 0.023563
0 0.888690 0.683377 0.018875 0.022254
0 0.269453 0.789714 0.014688 0.018486
0 0.695136 0.757118 0.019883 0.023863
0 0.226264 0.419723 0.017470 0.021258
0 0.296024 0.281450 0.016307 0.022953
0 0.386947 0.605206 0.016177 0.020018
0 0.957769 0.956673 0.018822 0.024277
0 0.936824 0.258051 0.017719 0.021335
0 0.322703 0.554116 0.018455 0.022884
0 0.094812 0.350608 0.017220 0.022596
0 0.032299 0.529083 0.017581 0.021657
0 0.776808 0.449176 0.019926 0.024882
0 0.430778 0.240467 0.018285 0.021108
0 0.153306 0.326697 0.014734 0.017918
0 0.600834 0.175539 0.018456 0.023112
0 0.344999 0.803769 0.016904 0.020522
0 0.760579 0.080258 0.015623 0.019835
0 0.909441 0.166240 0.017638 0.021870
0 0.385087 0.239887 0.016825 0.021716
0 0.375596 0.655307 0.017916 0.022071
0 0.613840 0.716945 0.015137 0.018422
0 0.265141 0.108209 0.020364 0.023779
0 0.547253 0.432909 0.016618 0.019666
0 0.575102 0.119405 0.016347 0.021390
0 0.513715 0.733476 0.016988 0.020673
0 0.129784 0.401730 0.017957 0.023672
0 0.995714 0.125003 0.008572 0.023292
0 0.684877 0.950516 0.018546 0.022011
0 0.423277 0.452197 0.016786 0.020035
0 0.217438 0.715256 0.015561 0.018946
0 0.310133 0.875725 0.020173 0.023397
0 0.052399 0.376071 0.018342 0.019894
0 0.314390 0.102623 0.016817 0.022559
0 0.395052 0.860254 0.016471 0.019560
0 0.196283 0.904795 0.018920 0.021937
0 0.957585 0.173017 0.015090 0.019934
0 0.004259 0.746647 0.008519 0.023433
0 0.056107 0.415299 0.017796 0.020198
0 0.160508 0.558135 0.018251 0.023460
0 0.911962 0.052870 0.019433 0.028567
0 0.282691 0.130033 0.015848 0.018479
0 0.996572 0.387882 0.006856 0.021897
0 0.595406 0.599548 0.015907 0.018955
0 0.438233 0.234849 0.014948 0.019763
0 0.152735 0.568171 0.012854 0.016612
0 0.433430 0.238548 0.023032 0.024451
0 0.616685 0.826381 0.011629 0.015145
0 0.154525 0.566226 0.016688 0.017878
0 0.582859 0.080232 0.011445 0.015207
0 0.037535 0.224404 0.014236 0.017095
0 0.156903 0.562272 0.020435 0.025321
