0 0.286731 0.052170 0.016074 0.019784
0 0.203435 0.298295 0.021776 0.026299
0 0.889444 0.738273 0.019267 0.024318
0 0.717572 0.243426 0.019269 0.024284
0 0.686376 0.250198 0.023533 0.025270
0 0.543861 0.505452 0.022574 0.029373
0 0.236333 0.495857 0.018896 0.024577
0 0.216632 0.350248 0.017456 0.020866
0 0.263555 0.038212 0.018003 0.023593
0 0.535372 0.444013 0.017401 0.022294
0 0.983856 0.219095 0.018829 0.021951
0 0.514207 0.401084 0.019082 0.023878
0 0.873519 0.773153 0.021712 0.021767
0 0.117430 0.926423 0.020149 0.027145
0 0.984109 0.756893 0.020630 0.025663
0 0.238414 0.365937 0.016935 0.021314
0 0.567281 0.464234 0.018178 0.022648
0 0.424757 0.737985 0.015256 0.020963
0 0.866894 0.685864 0.020762 0.023549
0 0.138532 0.261233 0.021678 0.026061
0 0.944328 0.075528 0.020048 0.023279
0 0.896791 0.011638 0.018567 0.020318
0 0.240463 0.658213 0.018358 0.021685
0 0.694143 0.223717 0.016926 0.021091
0 0.754819 0.574133 0.018681 0.021964
0 0.539290 0.298068 0.020107 0.025175
0 0.680401 0.037934 0.019500 0.023338
0 0.854301 0.455727 0.020252 0.023043
0 0.155571 0.925490 0.019821 0.027557
0 0.317137 0.235725 0.018084 0.024640
0 0.593463 0.845031 0.022031 0.026219
0 0.824238 0.813733 0.022459 0.025229
0 0.410168 0.444491 0.017517 0.020798
0 0.742476 0.619902 0.020124 0.023108
0 0.029237 0.199616 0.018329 0.022891
0 0.366361 0.555959 0.017774 0.021962
0 0.443054 0.873206 0.018604 0.022516
0 0.840619 0.360197 0.018631 0.023378
0 0.399629 0.480046 0.018441 0.023410
0 0.433670 0.990702 0.019402 0.016161
0 0.705338 0.608497 0.018455 0.023939
0 0.123464 0.818362 0.019076 0.023345
0 0.282913 0.266837 0.016725 0.021903
0 0.375139 0.434789 0.017692 0.022434
0 0.651819 0.693382 0.019001 0.025157
0 0.503380 0.719546 0.018726 0.024000
0 0.614425 0.042417 0.019024 0.023930
0 0.295417 0.077994 0.016976 0.021777
0 0.344929 0.664662 0.015795 0.019585
0 0.201931 0.430371 0.017450 0.022015
0 0.346363 0.458636 0.016541 0.022220
0 0.119197 0.212835 0.019003 0.023391
0 0.282674 0.807093 0.018882 0.025225
0 0.529770 0.477304 0.016948 0.022380
0 0.272466 0.502789 0.017824 0.022555
0 0.333965 0.788122 0.017925 0.021736
0 0.276142 0.394064 0.017953 0.023011
0 0.972474 0.628546 0.020313 0.023822
0 0.581529 0.193071 0.020195 0.025732
0 0.676410 0.694266 0.018526 0.025523
0 0.933887 0.318620 0.025261 0.027275
0 0.836924 0.425934 0.020049 0.026457
0 0.056955 0.368570 0.019021 0.023328
0 0.625101 0.794446 0.019024 0.026088
0 0.887967 0.947896 0.017977 0.020680
0 0.888143 0.048469 0.018145 0.027845
0 0.044624 0.396170 0.017001 0.020214
0 0.425563 0.598154 0.018623 0.022995
0 0.945924 0.943248 0.021235 0.025750
0 0.753525 0.149921 0.019414 0.024353
0 0.342448 0.047686 0.017430 0.023707
0 0.323241 0.266911 0.016401 0.020853
0 0.404684 0.749432 0.017259 0.022694
0 0.128112 0.342298 0.018859 0.023349
0 0.946408 0.157585 0.018196 0.021674
0 0.755517 0.956941 0.019221 0.022733
0 0.570282 0.893070 0.021399 0.025417
0 0.409668 0.126806 0.017789 0.022100
0 0.966645 0.719282 0.019354 0.021689
0 0.089915 0.456409 0.017967 0.023079
0 0.391544 0.805386 0.018172 0.023227
0 0.681492 0.519383 0.021100 0.025328
0 0.131529 0.091752 0.016533 0.024076
0 0.416819 0.225623 0.018677 0.023338
0 0.827412 0.512716 0.021105 0.024563
0 0.286872 0.476456 0.016892 0.021328
0 0.958466 0.404559 0.021839 0.024076
0 0.234565 0.268405 0.018429 0.021646
0 0.900157 0.462859 0.017437 0.018819
0 0.138044 0.425403 0.016434 0.020041
0 0.480784 0.026077 0.017761 0.022557
0 0.260940 0.642847 0.015795 0.019461
0 0.746172 0.811502 0.020040 0.022871
0 0.503230 0.631773 0.016415 0.019035
0 0.254279 0.096003 0.021471 0.021653
0 0.131211 0.541857 0.025528 0.033946
0 0.893110 0.486346 0.016609 0.020323
0 0.931653 0.430525 0.019536 0.022982
0 0.480519 0.304514 0.018370 0.022973
0 0.186507 0.404480 0.016294 0.018590
0 0.935527 0.990902 0.019628 0.016497
0 0.834267 0.012410 0.018772 0.020311
0 0.010872 0.515229 0.018609 0.023953
0 0.683394 0.743081 0.018450 0.023484
0 0.858284 0.121496 0.019412 0.023112
0 0.836829 0.967914 0.017633 0.020679
0 0.491143 0.978530 0.016052 0.021348
0 0.572368 0.065265 0.015990 0.019868
0 0.246440 0.941060 0.014161 0.016874
0 0.337334 0.836338 0.017558 0.021571
0 0.697406 0.990780 0.025044 0.017020
0 0.429618 0.717277 0.013336 0.015391
0 0.129641 0.538268 0.022837 0.025913
0 0.113948 0.113573 0.014755 0.017338
0 0.002911 0.910929 0.005823 0.025150
0 0.157710 0.002479 0.019720 0.004958
0 0.704195 0.611565 0.016989 0.023068
0 0.183063 0.993915 0.019849 0.012171
