0 0.515829 0.966245 0.020981 0.027232
0 0.009407 0.064215 0.017899 0.019910
0 0.787336 0.654114 0.017229 0.023073
0 0.045353 0.904346 0.014639 0.017190
0 0.810580 0.647036 0.017599 0.024076
0 0.045328 0.071749 0.017709 0.023524
0 0.629998 0.947882 0.018875 0.024300
0 0.038719 0.935353 0.018406 0.024033
0 0.664486 0.144188 0.022808 0.024735
0 0.124125 0.165977 0.020674 0.025082
0 0.665826 0.676159 0.016500 0.020254
0 0.786023 0.849340 0.015707 0.020725
0 0.842780 0.032631 0.015909 0.018708
0 0.484356 0.132662 0.019686 0.027943
0 0.370910 0.641585 0.015279 0.021107
0 0.391487 0.088359 0.016454 0.020276
0 0.283568 0.388257 0.018233 0.021357
0 0.252298 0.468429 0.019723 0.024631
0 0.816805 0.268545 0.017241 0.023680
0 0.327938 0.101066 0.018617 0.022517
0 0.721586 0.543341 0.016171 0.020894
0 0.303708 0.829356 0.016352 0.020827
0 0.858648 0.519862 0.018621 0.022307
0 0.758300 0.052906 0.018760 0.023176
0 0.012698 0.502918 0.015519 0.019906
0 0.817876 0.871399 0.017916 0.022000
0 0.843667 0.061700 0.015391 0.019677
0 0.749546 0.566730 0.018333 0.023366
0 0.793977 0.779469 0.018778 0.023489
0 0.244235 0.529021 0.016075 0.022276
0 0.761031 0.888360 0.021035 0.023787
0 0.657754 0.853895 0.016629 0.020468
0 0.653632 0.052764 0.018611 0.023082
0 0.434814 0.126871 0.017321 0.023134
0 0.742671 0.207619 0.018676 0.022512
0 0.458080 0.957749 0.017682 0.020863
0 0.635829 0.676974 0.014908 0.018676
0 0.172510 0.254173 0.015605 0.019307
0 0.380080 0.041479 0.016270 0.019590
0 0.218857 0.962087 0.016560 0.022695
0 0.523044 0.637351 0.016062 0.020200
0 0.610501 0.688361 0.017985 0.022340
0 0.854697 0.674752 0.019852 0.022421
0 0.068000 0.933216 0.016724 0.022354
0 0.392201 0.680785 0.015756 0.018918
0 0.840268 0.007040 0.014675 0.012767
0 0.521429 0.072900 0.016075 0.019149
0 0.464343 0.909123 0.016662 0.021409
0 0.820738 0.968140 0.017747 0.022107
0 0.536900 0.435037 0.016663 0.021688
0 0.324097 0.887619 0.018535 0.022838
0 0.192383 0.954842 0.016799 0.021702
0 0.912477 0.137417 0.016539 0.021163
0 0.873785 0.928958 0.016473 0.021367
0 0.857786 0.549968 0.017892 0.023434
0 0.119975 0.491265 0.016688 0.022355
0 0.466324 0.676570 0.017364 0.021844
0 0.134609 0.235826 0.017707 0.021660
0 0.664406 0.594919 0.018560 0.027231
0 0.937942 0.891271 0.015589 0.019144
0 0.533688 0.341186 0.016623 0.021433
0 0.278426 0.451079 0.018265 0.022914
0 0.511851 0.289780 0.018474 0.022790
0 0.810978 0.414440 0.018779 0.022369
0 0.788782 0.268889 0.016025 0.019552
0 0.462203 0.132672 0.017520 0.023426
0 0.842582 0.972835 0.014560 0.019831
0 0.425538 0.040900 0.017518 0.024069
0 0.070986 0.041131 0.018690 0.022918
0 0.291830 0.022870 0.017317 0.022311
0 0.995892 0.254564 0.008215 0.023043
0 0.026032 0.483236 0.015977 0.018658
0 0.548849 0.058083 0.014977 0.017777
0 0.129520 0.133001 0.017484 0.020151
0 0.825101 0.574138 0.015084 0.018655
0 0.827635 0.727523 0.016987 0.020985
0 0.830751 0.905655 0.014967 0.020374
0 0.313871 0.041442 0.015154 0.020046
0 0.633164 0.386765 0.015930 0.019880
0 0.021024 0.011272 0.014516 0.019040
0 0.579449 0.706518 0.016935 0.020160
0 0.683121 0.696460 0.018564 0.022658
0 0.385227 0.651049 0.014180 0.018554
0 0.892251 0.098907 0.017198 0.023146
0 0.456370 0.262203 0.017589 0.021058
0 0.520755 0.697042 0.016593 0.026411
0 0.010483 0.657214 0.019935 0.023529
0 0.474248 0.619743 0.015843 0.020951
0 0.669893 0.146067 0.021387 0.022625
0 0.467711 0.870956 0.016184 0.019224
0 0.085196 0.506933 0.018260 0.021276
0 0.805021 0.985678 0.015547 0.019123
0 0.753210 0.974341 0.016275 0.020258
0 0.956528 0.524302 0.016824 0.020849
0 0.365359 0.976348 0.013192 0.017153
0 0.070081 0.076460 0.017486 0.024602
0 0.322548 0.847160 0.015326 0.019187
0 0.711495 0.260971 0.017044 0.019933
0 0.070857 0.805426 0.018528 0.023203
0 0.351300 0.042939 0.017479 0.019959
0 0.709053 0.589777 0.016598 0.020226
0 0.775552 0.986105 0.014743 0.019902
0 0.812614 0.058848 0.013971 0.022921
0 0.990547 0.731891 0.017951 0.022051
0 0.371596 0.845781 0.020392 0.024532
0 0.742968 0.517365 0.015314 0.017756
0 0.872328 0.057241 0.013057 0.016002
0 0.104912 0.070789 0.016351 0.020124
0 0.220404 0.231609 0.017405 0.021343
0 0.004616 0.600370 0.009231 0.015243
0 0.246819 0.979292 0.015818 0.015798
0 0.025604 0.764199 0.016935 0.019221
0 0.426576 0.658617 0.016233 0.021565
0 0.583157 0.363611 0.018174 0.023992
0 0.394676 0.523672 0.015455 0.017900
0 0.687286 0.031670 0.015536 0.019395
0 0.021759 0.895126 0.016129 0.020047
0 0.177764 0.666466 0.017301 0.022284
0 0.666699 0.828738 0.014526 0.016971
0 0.992021 0.886753 0.015958 0.026650
0 0.296714 0.099384 0.016102 0.019629
0 0.460884 0.366316 0.016041 0.018794
0 0.110363 0.540543 0.018169 0.022978
0 0.881785 0.662784 0.019798 0.023259
0 0.015927 0.697943 0.016888 0.019838
0 0.667418 0.542540 0.018499 0.021108
0 0.364553 0.952380 0.014786 0.017045
0 0.489273 0.558187 0.017281 0.020333
0 0.051729 0.107656 0.014886 0.019563
0 0.674419 0.992418 0.017359 0.015164
0 0.140831 0.945353 0.017140 0.021898
0 0.037273 0.875357 0.014415 0.017771
0 0.213315 0.321780 0.017172 0.021404
0 0.892198 0.989264 0.015665 0.018043
0 0.612931 0.112587 0.017211 0.022624
0 0.497481 0.387285 0.017100 0.022064
0 0.643504 0.006882 0.016272 0.013251
0 0.559351 0.451855 0.012674 0.016895
0 0.633322 0.077165 0.016382 0.020691
0 0.090394 0.851732 0.019649 0.025499
0 0.313156 0.017104 0.015461 0.020308
0 0.447141 0.747936 0.011873 0.016238
0 0.557162 0.241341 0.013071 0.015092
0 0.180922 0.336503 0.015733 0.018001
0 0.096791 0.954888 0.013234 0.017858
0 0.509407 0.676435 0.013804 0.017676
0 0.738307 0.588184 0.015788 0.018694
0 0.059066 0.511928 0.012139 0.016522
0 0.331001 0.049195 0.015207 0.021952
0 0.371960 0.435255 0.012594 0.015076
0 0.166215 0.127023 0.012543 0.015987
0 0.224393 0.511545 0.019064 0.025017
0 0.825946 0.245373 0.014509 0.014808
0 0.494886 0.529193 0.012465 0.015260
0 0.285397 0.678316 0.015029 0.016796
0 0.210513 0.288965 0.015228 0.015383
0 0.746652 0.415064 0.012026 0.016150
0 0.373900 0.007407 0.016362 0.014156
0 0.713025 0.980875 0.012683 0.014763
0 0.415631 0.434814 0.011838 0.014700
0 0.084851 0.928118 0.010718 0.016460
0 0.446540 0.005685 0.014650 0.011369
0 0.333531 0.015271 0.016766 0.024530
0 0.730379 0.418431 0.011646 0.017956
0 0.237431 0.748005 0.011932 0.017470
0 0.996200 0.329821 0.007601 0.017175
0 0.235835 0.618472 0.015973 0.020346
0 0.221471 0.008711 0.014334 0.015768
0 0.782143 0.075528 0.017069 0.021021
0 0.002940 0.088543 0.005847 0.020540
0 0.887823 0.989662 0.018796 0.020675
0 0.628527 0.809071 0.015744 0.021312
0 0.884296 0.538215 0.010758 0.014072
0 0.067722 0.578230 0.012522 0.016656
0 0.811247 0.056279 0.015238 0.025524
0 0.952410 0.203812 0.011420 0.015767
0 0.419554 0.323969 0.012487 0.014040
0 0.361799 0.324385 0.010751 0.013494
0 0.823539 0.043179 0.011032 0.013825
0 0.418987 0.914117 0.011927 0.014491
0 0.523202 0.126296 0.012214 0.017261
