0 0.438614 0.601366 0.017341 0.023709
0 0.719899 0.253552 0.017196 0.022671
0 0.390736 0.535557 0.014272 0.020042
0 0.551889 0.511347 0.021330 0.027623
0 0.206403 0.306744 0.021774 0.025875
0 0.412045 0.535743 0.017290 0.021478
0 0.245369 0.664572 0.019947 0.023201
0 0.265612 0.650852 0.016221 0.019648
0 0.379109 0.014517 0.014387 0.018512
0 0.830364 0.817316 0.022171 0.025619
0 0.368028 0.539881 0.018496 0.021779
0 0.133136 0.350300 0.017726 0.020257
0 0.069008 0.371651 0.017940 0.021494
0 0.748279 0.268998 0.017585 0.021441
0 0.600589 0.854364 0.020480 0.022156
0 0.692112 0.256811 0.022008 0.025649
0 0.976707 0.865140 0.020327 0.023368
0 0.535799 0.475440 0.019177 0.023971
0 0.319566 0.243047 0.019715 0.022109
0 0.988799 0.762226 0.018449 0.022132
0 0.287669 0.272841 0.017722 0.023716
0 0.332328 0.882698 0.020137 0.025897
0 0.327431 0.273847 0.016795 0.020794
0 0.616656 0.052553 0.017041 0.021438
0 0.145879 0.057575 0.018874 0.023236
0 0.418498 0.602466 0.014909 0.019571
0 0.547953 0.301049 0.020819 0.024044
0 0.692870 0.049086 0.018600 0.025590
0 0.195718 0.344534 0.018552 0.023603
0 0.318474 0.554675 0.018496 0.021947
0 0.160655 0.007204 0.017771 0.014408
0 0.726225 0.396651 0.020503 0.023287
0 0.399489 0.203479 0.017993 0.022401
0 0.786444 0.812338 0.022127 0.026435
0 0.286399 0.550277 0.016346 0.019635
0 0.975899 0.639133 0.019524 0.022657
0 0.222527 0.358768 0.015602 0.020197
0 0.636973 0.035281 0.017112 0.021423
0 0.423036 0.233807 0.016759 0.022861
0 0.594601 0.170615 0.018961 0.024638
0 0.955875 0.779103 0.017958 0.020832
0 0.097104 0.471921 0.018004 0.023143
0 0.140721 0.432972 0.016644 0.020334
0 0.037676 0.373681 0.017395 0.021551
0 0.470257 0.966063 0.017042 0.021785
0 0.976064 0.073130 0.019363 0.025706
0 0.595865 0.006800 0.014024 0.012748
0 0.206647 0.436690 0.018750 0.023081
0 0.595520 0.904115 0.020883 0.025647
0 0.352933 0.467252 0.016999 0.021262
0 0.690034 0.750102 0.015426 0.021380
0 0.678840 0.698879 0.020845 0.026030
0 0.855044 0.252450 0.020300 0.023530
0 0.131324 0.860311 0.018769 0.022878
0 0.244728 0.508582 0.019024 0.022848
0 0.341191 0.792095 0.018185 0.022138
0 0.244689 0.370431 0.015389 0.020035
0 0.388888 0.852926 0.016750 0.021197
0 0.952078 0.949040 0.019948 0.025232
0 0.415321 0.137869 0.017665 0.023309
0 0.521663 0.250845 0.018308 0.022337
0 0.296121 0.913780 0.020504 0.025226
0 0.842014 0.556004 0.022156 0.029238
0 0.697283 0.834131 0.020281 0.024051
0 0.259825 0.077618 0.020325 0.021572
0 0.417772 0.842439 0.017516 0.022501
0 0.507206 0.727233 0.018621 0.020603
0 0.531565 0.527975 0.016758 0.020914
0 0.135733 0.097908 0.016991 0.021988
0 0.901417 0.060632 0.022452 0.024066
0 0.309532 0.089293 0.017589 0.019839
0 0.172071 0.044194 0.013222 0.018235
0 0.753464 0.642601 0.018915 0.025161
0 0.669702 0.751223 0.016067 0.018927
0 0.573531 0.470141 0.018639 0.023697
0 0.301548 0.377222 0.019024 0.023133
0 0.828859 0.649831 0.019928 0.022652
0 0.153202 0.565603 0.019166 0.021288
0 0.905466 0.105306 0.018151 0.020534
0 0.143131 0.324577 0.015504 0.018217
0 0.021023 0.521920 0.018143 0.021664
0 0.785454 0.717272 0.019146 0.021665
0 0.900689 0.726531 0.019675 0.022753
0 0.416144 0.445586 0.016660 0.021981
0 0.370466 0.648934 0.016847 0.021003
0 0.431658 0.743686 0.017231 0.021814
0 0.936859 0.438820 0.019212 0.023719
0 0.257636 0.102890 0.020897 0.020888
0 0.052076 0.405876 0.016151 0.020050
0 0.121722 0.222859 0.017859 0.023053
0 0.950939 0.164415 0.016827 0.019659
0 0.541796 0.431706 0.016346 0.019904
0 0.902910 0.162335 0.018168 0.021670
0 0.359032 0.009835 0.013200 0.015788
0 0.017960 0.906115 0.016839 0.021177
0 0.047174 0.677657 0.016440 0.017975
0 0.620008 0.210315 0.017210 0.019479
0 0.547504 0.800489 0.011521 0.015825
0 0.150584 0.564101 0.023322 0.023559
0 0.576582 0.074063 0.014478 0.016515
0 0.293339 0.005355 0.016370 0.010711
0 0.527303 0.582133 0.014100 0.017432
0 0.342381 0.842935 0.016476 0.019007
0 0.555454 0.482977 0.013939 0.019271
0 0.830418 0.184148 0.012669 0.015516
0 0.995262 0.790271 0.008990 0.013194
0 0.122833 0.122261 0.012676 0.017710
0 0.002751 0.234221 0.005502 0.025440
0 0.942688 0.995110 0.018929 0.009780
0 0.942653 0.997706 0.019786 0.004587
