0 0.704030 0.272938 0.015268 0.020737
0 0.927286 0.773149 0.014305 0.017450
0 0.210593 0.321438 0.020672 0.026467
0 0.305175 0.580565 0.018398 0.021227
0 0.719235 0.256406 0.015116 0.020961
0 0.558893 0.522285 0.027419 0.035615
0 0.723434 0.725933 0.016468 0.020379
0 0.818020 0.987117 0.015158 0.017925
0 0.762337 0.912388 0.013871 0.017704
0 0.166049 0.022412 0.017436 0.021220
0 0.825895 0.921834 0.015812 0.021073
0 0.945681 0.336440 0.019653 0.021562
0 0.902433 0.775617 0.018643 0.023483
0 0.230388 0.368626 0.016358 0.020541
0 0.433634 0.754156 0.015975 0.020292
0 0.150264 0.444739 0.016908 0.022804
0 0.348648 0.736212 0.018437 0.022385
0 0.249343 0.388405 0.016781 0.020378
0 0.803845 0.315059 0.018512 0.023077
0 0.919006 0.746970 0.013743 0.015271
0 0.416531 0.854379 0.014883 0.018271
0 0.962208 0.180731 0.013313 0.017005
0 0.419419 0.882809 0.015969 0.020642
0 0.699729 0.765392 0.014715 0.018497
0 0.898739 0.652598 0.015379 0.018191
0 0.414891 0.392313 0.018193 0.022281
0 0.982890 0.649917 0.018374 0.024154
0 0.602197 0.860924 0.018427 0.021947
0 0.917659 0.965594 0.014639 0.017543
0 0.358208 0.827042 0.015543 0.019401
0 0.936290 0.807634 0.016144 0.019370
0 0.066533 0.884223 0.017028 0.023173
0 0.477186 0.305691 0.015144 0.019120
0 0.903458 0.732234 0.014464 0.018538
0 0.072864 0.174476 0.016019 0.019138
0 0.556685 0.317419 0.019112 0.023396
0 0.732865 0.690804 0.018391 0.022250
0 0.437561 0.620566 0.018157 0.022524
0 0.962688 0.463997 0.013989 0.019494
0 0.301967 0.051449 0.015455 0.020055
0 0.061349 0.275186 0.014419 0.017147
0 0.171309 0.636127 0.016090 0.018274
0 0.236096 0.315877 0.017144 0.025539
0 0.230367 0.874787 0.012686 0.015827
0 0.080755 0.251528 0.015261 0.019809
0 0.676218 0.963200 0.015983 0.020868
0 0.933124 0.877954 0.014311 0.017831
0 0.334083 0.292503 0.016715 0.021530
0 0.206481 0.898395 0.016987 0.021719
0 0.291475 0.007118 0.012362 0.011938
0 0.245380 0.518554 0.016578 0.021029
0 0.513643 0.655837 0.016352 0.020407
0 0.361016 0.469745 0.016129 0.020045
0 0.237957 0.664593 0.017577 0.022771
0 0.329041 0.897675 0.021312 0.027899
0 0.058871 0.967830 0.015463 0.018085
0 0.414364 0.553753 0.017663 0.021674
0 0.433721 0.244985 0.016083 0.020189
0 0.753695 0.482126 0.014219 0.017861
0 0.061373 0.424004 0.015037 0.017824
0 0.039148 0.317982 0.017028 0.020366
0 0.026281 0.348250 0.019050 0.023518
0 0.924290 0.731564 0.014904 0.018177
0 0.313722 0.554892 0.016891 0.020650
0 0.849795 0.570162 0.017438 0.020911
0 0.434436 0.431622 0.016350 0.019830
0 0.692355 0.887875 0.012318 0.018513
0 0.423777 0.154031 0.016130 0.021432
0 0.403212 0.238896 0.016633 0.022228
0 0.992434 0.198594 0.014345 0.020090
0 0.518357 0.743823 0.014532 0.018391
0 0.865661 0.253650 0.017381 0.022351
0 0.590184 0.627902 0.016073 0.022828
0 0.293766 0.131515 0.016219 0.019595
0 0.385619 0.842491 0.015956 0.019905
0 0.732514 0.982273 0.015875 0.018581
0 0.348072 0.545205 0.014694 0.020050
0 0.685072 0.287527 0.014729 0.019100
0 0.145283 0.114142 0.015938 0.020132
0 0.833588 0.768568 0.015008 0.018963
0 0.140979 0.484924 0.012890 0.016152
0 0.414570 0.092218 0.016842 0.021668
0 0.854601 0.682949 0.014575 0.018913
0 0.994384 0.820737 0.011233 0.018817
0 0.703350 0.739572 0.016096 0.020012
0 0.489612 0.459443 0.017126 0.023087
0 0.895395 0.965758 0.015616 0.019928
0 0.842031 0.379626 0.014446 0.020174
0 0.512662 0.331902 0.014065 0.017491
0 0.897899 0.468449 0.016356 0.019005
0 0.622016 0.059454 0.017267 0.021335
0 0.185080 0.745934 0.015644 0.018475
0 0.371819 0.329740 0.015557 0.018857
0 0.315533 0.102993 0.016564 0.021833
0 0.096633 0.629931 0.013681 0.017378
0 0.598322 0.185827 0.017677 0.020881
0 0.944616 0.457908 0.014029 0.019748
0 0.949637 0.294657 0.018806 0.023914
0 0.419618 0.468762 0.015546 0.019312
0 0.342715 0.156434 0.011560 0.014468
0 0.722994 0.499372 0.014364 0.019980
0 0.779329 0.458330 0.017175 0.023001
0 0.978680 0.944066 0.013806 0.017538
0 0.136090 0.362216 0.017727 0.022870
0 0.348084 0.809050 0.014398 0.017467
0 0.934679 0.603713 0.017215 0.017642
0 0.993137 0.162012 0.013311 0.018834
0 0.694974 0.058602 0.017551 0.019852
0 0.049526 0.385434 0.013933 0.018800
0 0.638161 0.115039 0.016296 0.019424
0 0.687892 0.714373 0.018969 0.021763
0 0.584260 0.819074 0.011456 0.014478
0 0.796678 0.822646 0.017630 0.022507
0 0.582919 0.287375 0.011569 0.014128
0 0.528558 0.430557 0.015161 0.018078
0 0.367279 0.007361 0.015968 0.013406
0 0.845708 0.126216 0.014908 0.019580
0 0.925399 0.466012 0.014016 0.019522
0 0.823318 0.969798 0.017500 0.017991
0 0.217556 0.453011 0.017196 0.020642
0 0.700703 0.249241 0.010777 0.014356
0 0.359471 0.472783 0.019253 0.025241
0 0.592397 0.948837 0.012673 0.015130
0 0.308720 0.414439 0.018044 0.023411
0 0.556771 0.981706 0.015490 0.018456
0 0.834804 0.902906 0.014567 0.017640
0 0.207034 0.605205 0.018623 0.025013
0 0.964837 0.149555 0.015662 0.019938
0 0.958947 0.964447 0.015308 0.021586
0 0.788359 0.045317 0.012759 0.015855
0 0.752414 0.653401 0.015514 0.019889
0 0.338334 0.613062 0.015557 0.019940
0 0.880394 0.438025 0.016055 0.020970
0 0.742240 0.908453 0.015096 0.018798
0 0.094942 0.460167 0.015946 0.018248
0 0.034974 0.516644 0.010897 0.013662
0 0.964373 0.970818 0.020133 0.023049
0 0.945955 0.789724 0.015737 0.017938
0 0.417796 0.750709 0.011491 0.019239
0 0.899011 0.315216 0.017643 0.020173
0 0.350989 0.273593 0.013075 0.016764
0 0.479446 0.394989 0.013655 0.017064
0 0.040271 0.361421 0.012703 0.016070
0 0.297849 0.283517 0.014756 0.016025
0 0.615256 0.491801 0.019454 0.025109
0 0.996466 0.778532 0.007067 0.022795
0 0.266474 0.117100 0.015181 0.018150
0 0.533240 0.533902 0.014244 0.018372
0 0.495118 0.532330 0.010632 0.012449
0 0.634440 0.094607 0.015538 0.014925
0 0.735358 0.985363 0.018280 0.020873
0 0.402469 0.385395 0.010809 0.016263
0 0.084248 0.534324 0.014881 0.021775
0 0.095585 0.993361 0.014291 0.012266
0 0.201630 0.538611 0.012176 0.015272
0 0.761146 0.910510 0.016521 0.020081
0 0.534502 0.431236 0.015682 0.018399
0 0.354118 0.481135 0.015759 0.019938
0 0.403884 0.085680 0.014912 0.020535
0 0.229923 0.364483 0.017199 0.027472
0 0.230019 0.873222 0.016955 0.020878
0 0.318432 0.561854 0.020660 0.024658
0 0.220218 0.311271 0.011899 0.026233
0 0.230486 0.657231 0.017426 0.020755
0 0.210559 0.596491 0.020022 0.023278
0 0.201468 0.538502 0.014929 0.017977
0 0.033930 0.356920 0.020337 0.020946
