0 0.500199 0.073225 0.020678 0.027146
0 0.242207 0.555720 0.018293 0.022858
0 0.160230 0.290505 0.020085 0.025920
0 0.779970 0.238846 0.018184 0.021455
0 0.131189 0.287774 0.020799 0.025805
0 0.624703 0.237941 0.019531 0.023849
0 0.244219 0.742983 0.015374 0.020432
0 0.921400 0.885709 0.017697 0.022393
0 0.587164 0.554480 0.020265 0.021663
0 0.162751 0.895605 0.020982 0.025760
0 0.872921 0.453830 0.018049 0.022707
0 0.345547 0.438786 0.019890 0.025995
0 0.890361 0.287671 0.022493 0.024369
0 0.208195 0.373383 0.016954 0.022401
0 0.335339 0.533993 0.017761 0.022550
0 0.234591 0.392958 0.018445 0.022707
0 0.158668 0.826403 0.015830 0.022100
0 0.341363 0.324657 0.022457 0.022927
0 0.773968 0.381582 0.021726 0.023060
0 0.185886 0.720068 0.026990 0.036923
0 0.233244 0.034435 0.020281 0.022040
0 0.233753 0.603976 0.018288 0.021360
0 0.533444 0.700311 0.019037 0.021763
0 0.641949 0.307524 0.021189 0.024826
0 0.092431 0.870351 0.022207 0.025744
0 0.827394 0.726083 0.018970 0.024262
0 0.096366 0.507358 0.018993 0.023678
0 0.213598 0.745843 0.016344 0.018396
0 0.599944 0.581585 0.022159 0.029361
0 0.047418 0.418492 0.016880 0.019555
0 0.343731 0.688589 0.018416 0.023517
0 0.075012 0.303817 0.019972 0.025347
0 0.575132 0.200053 0.020203 0.024561
0 0.317817 0.854839 0.022036 0.024872
0 0.873252 0.881271 0.018459 0.023054
0 0.752146 0.578576 0.020218 0.023679
0 0.449198 0.314389 0.016990 0.020373
0 0.134544 0.739843 0.017626 0.021608
0 0.004567 0.027830 0.009134 0.022390
0 0.355029 0.285813 0.016526 0.020902
0 0.899012 0.246219 0.019418 0.023823
0 0.269881 0.740894 0.016452 0.021325
0 0.484778 0.148849 0.017840 0.024149
0 0.824752 0.967167 0.019490 0.022998
0 0.311537 0.266609 0.019129 0.023270
0 0.289598 0.569519 0.017117 0.022736
0 0.267946 0.574239 0.014029 0.016762
0 0.900818 0.108087 0.022165 0.026487
0 0.982534 0.289347 0.019145 0.024397
0 0.606521 0.694475 0.017740 0.021951
0 0.445851 0.263953 0.017726 0.023405
0 0.457535 0.339122 0.018572 0.021532
0 0.569908 0.314713 0.019354 0.023167
0 0.804362 0.089305 0.019521 0.022389
0 0.777069 0.211206 0.017277 0.019946
0 0.050069 0.445256 0.016387 0.020621
0 0.172746 0.642975 0.018077 0.023234
0 0.310093 0.158446 0.017897 0.023113
0 0.909559 0.137082 0.019681 0.024504
0 0.137807 0.823755 0.017339 0.024921
0 0.657995 0.491687 0.016997 0.020344
0 0.337339 0.294595 0.015256 0.020292
0 0.042594 0.499356 0.019116 0.024325
0 0.609996 0.154950 0.017384 0.020463
0 0.872890 0.635076 0.019269 0.024508
0 0.635863 0.513318 0.019664 0.023192
0 0.287306 0.088925 0.018163 0.021956
0 0.634681 0.756297 0.020553 0.026366
0 0.151796 0.226822 0.015256 0.019076
0 0.861478 0.248905 0.017949 0.022570
0 0.477555 0.480959 0.017705 0.021116
0 0.903058 0.013700 0.017961 0.022439
0 0.800958 0.874503 0.020535 0.024367
0 0.890996 0.421600 0.020084 0.024290
0 0.275432 0.597950 0.015501 0.022633
0 0.327005 0.140190 0.016786 0.022552
0 0.361384 0.358654 0.017340 0.022647
0 0.434035 0.672239 0.019726 0.022691
0 0.038971 0.181516 0.019767 0.025128
0 0.091077 0.737491 0.018328 0.023070
0 0.521738 0.410959 0.020180 0.024968
0 0.546007 0.655960 0.017645 0.022108
0 0.524685 0.097836 0.017614 0.022528
0 0.311660 0.341101 0.015325 0.018773
0 0.128003 0.203952 0.018772 0.024153
0 0.956611 0.988734 0.021096 0.019210
0 0.346765 0.119675 0.016286 0.019654
0 0.907638 0.899725 0.015051 0.018862
0 0.324306 0.242980 0.018661 0.022252
0 0.574949 0.113517 0.016227 0.021942
0 0.556657 0.159597 0.017354 0.020148
0 0.938252 0.680170 0.018152 0.023344
0 0.145510 0.966976 0.018380 0.021401
0 0.300412 0.369854 0.024188 0.030171
0 0.373808 0.031494 0.016002 0.019611
0 0.996644 0.243372 0.006712 0.026189
0 0.484923 0.262252 0.015856 0.021627
0 0.002752 0.054839 0.005504 0.019023
0 0.296323 0.370300 0.024485 0.029837
0 0.566275 0.078212 0.016759 0.019553
