0 0.217143 0.323577 0.020822 0.028302
0 0.705892 0.273138 0.015429 0.021293
0 0.559193 0.530368 0.023818 0.032319
0 0.319468 0.559182 0.018678 0.026389
0 0.388698 0.845766 0.017634 0.021974
0 0.983392 0.648200 0.017982 0.022002
0 0.381195 0.474959 0.016666 0.024314
0 0.512746 0.465028 0.016341 0.020526
0 0.962012 0.314872 0.016355 0.021551
0 0.794374 0.823863 0.022175 0.024803
0 0.232294 0.369019 0.016803 0.023194
0 0.373305 0.761894 0.019419 0.019683
0 0.965852 0.510343 0.022182 0.024178
0 0.723946 0.732889 0.015199 0.021021
0 0.906811 0.826472 0.018528 0.022504
0 0.903925 0.774712 0.018382 0.023081
0 0.795933 0.565431 0.016919 0.020820
0 0.068742 0.393611 0.017937 0.024489
0 0.217534 0.453164 0.018282 0.021115
0 0.562841 0.320851 0.020199 0.024841
0 0.958347 0.696997 0.016879 0.021607
0 0.241020 0.316377 0.018015 0.025740
0 0.736080 0.990140 0.019895 0.016897
0 0.293653 0.562390 0.015555 0.021051
0 0.723844 0.254677 0.015564 0.019560
0 0.250483 0.389077 0.016879 0.020442
0 0.050664 0.382307 0.015064 0.020648
0 0.145638 0.114751 0.017083 0.021145
0 0.946286 0.333695 0.016845 0.020563
0 0.364468 0.826651 0.016209 0.019856
0 0.303024 0.052303 0.018777 0.022285
0 0.137829 0.368613 0.019060 0.022567
0 0.090544 0.277873 0.013440 0.017756
0 0.405265 0.232820 0.017567 0.022962
0 0.947358 0.457369 0.015199 0.019999
0 0.701706 0.739291 0.016219 0.022044
0 0.600198 0.187532 0.017178 0.020493
0 0.369806 0.008194 0.016562 0.014278
0 0.322086 0.755038 0.017717 0.020616
0 0.962324 0.965615 0.017858 0.027251
0 0.110858 0.290942 0.015405 0.019651
0 0.926836 0.774274 0.015962 0.020118
0 0.306715 0.580643 0.016988 0.021101
0 0.430745 0.993451 0.020543 0.013097
0 0.349099 0.546051 0.016032 0.020372
0 0.769003 0.618416 0.017992 0.022376
0 0.904191 0.733941 0.017549 0.019996
0 0.475942 0.302763 0.017394 0.020855
0 0.701833 0.766409 0.016291 0.019392
0 0.150413 0.445027 0.016930 0.022706
0 0.685182 0.287040 0.015293 0.020672
0 0.431144 0.912026 0.017501 0.024310
0 0.439687 0.620866 0.016418 0.020669
0 0.689220 0.822126 0.015246 0.020706
0 0.327834 0.108885 0.018340 0.022613
0 0.361391 0.469881 0.014777 0.019300
0 0.414009 0.091640 0.021489 0.026001
0 0.106972 0.200849 0.016947 0.019793
0 0.381954 0.664588 0.016674 0.020021
0 0.441135 0.401255 0.018431 0.022700
0 0.254747 0.525536 0.018747 0.022641
0 0.466550 0.482492 0.015457 0.018714
0 0.603885 0.861235 0.018201 0.022572
0 0.339253 0.288995 0.016685 0.020939
0 0.676617 0.966671 0.016242 0.019985
0 0.781212 0.456033 0.018666 0.024512
0 0.480889 0.033661 0.015200 0.018656
0 0.623762 0.066382 0.017141 0.022518
0 0.491654 0.462583 0.015093 0.020382
0 0.262262 0.664959 0.017495 0.025061
0 0.434857 0.755224 0.016678 0.019956
0 0.298918 0.287269 0.017000 0.022982
0 0.482209 0.009446 0.014730 0.014964
0 0.549417 0.444573 0.015740 0.018442
0 0.426591 0.468666 0.014871 0.019385
0 0.519811 0.744245 0.015671 0.018885
0 0.260652 0.061372 0.014045 0.017304
0 0.164775 0.021666 0.021289 0.024484
0 0.435439 0.246438 0.015707 0.020210
0 0.421905 0.550967 0.017856 0.023155
0 0.690552 0.714032 0.018075 0.020042
0 0.684096 0.461786 0.014178 0.017932
0 0.754264 0.651389 0.016232 0.020983
0 0.030406 0.541662 0.019296 0.022581
0 0.695869 0.059980 0.017917 0.021998
0 0.996256 0.777929 0.007488 0.023392
0 0.425591 0.154622 0.018862 0.022579
0 0.431804 0.057234 0.015205 0.017914
0 0.856039 0.573692 0.018698 0.021848
0 0.371885 0.934349 0.016786 0.021304
0 0.646716 0.364009 0.013001 0.016270
0 0.159359 0.140081 0.013408 0.017218
0 0.172239 0.715809 0.017018 0.019455
0 0.351602 0.808658 0.016103 0.020365
0 0.674791 0.109595 0.011967 0.014264
0 0.970636 0.006972 0.012430 0.012086
0 0.774407 0.977692 0.013852 0.014777
0 0.560088 0.981405 0.016140 0.019006
0 0.683764 0.123896 0.016779 0.020077
0 0.936670 0.442495 0.014031 0.017198
0 0.060716 0.423325 0.015584 0.021034
0 0.150073 0.389823 0.016684 0.019972
0 0.295355 0.130799 0.016980 0.021044
0 0.534529 0.531007 0.014709 0.021346
0 0.456520 0.352677 0.014678 0.017671
0 0.745045 0.781526 0.019276 0.026584
0 0.654163 0.935439 0.013655 0.014943
0 0.905281 0.168610 0.016484 0.021044
0 0.800114 0.286137 0.014811 0.019901
0 0.220039 0.728934 0.016972 0.023617
0 0.988467 0.488185 0.016865 0.021416
0 0.748877 0.771492 0.020321 0.021913
0 0.961992 0.289165 0.017538 0.019961
0 0.126564 0.969834 0.020070 0.022118
0 0.010542 0.274663 0.018821 0.021224
0 0.967699 0.153135 0.018234 0.018955
0 0.141472 0.570471 0.017583 0.021040
0 0.058053 0.616370 0.012591 0.014963
0 0.955982 0.580411 0.015896 0.018302
0 0.963625 0.182009 0.014301 0.016885
0 0.330139 0.740774 0.013822 0.015920
0 0.450095 0.471520 0.014626 0.017539
0 0.977826 0.461162 0.015790 0.016849
0 0.887180 0.039798 0.016966 0.019799
0 0.747153 0.778076 0.023007 0.032912
0 0.210351 0.559399 0.013658 0.017553
0 0.354856 0.485161 0.013726 0.015813
0 0.267268 0.118441 0.016374 0.020850
0 0.911224 0.137424 0.011548 0.014681
0 0.224986 0.623618 0.012945 0.016647
0 0.902758 0.168308 0.023020 0.022622
0 0.705032 0.249562 0.012043 0.015526
0 0.976031 0.463567 0.018171 0.017949
0 0.159878 0.023320 0.027004 0.024677
0 0.612119 0.543245 0.010721 0.012299
0 0.925182 0.779152 0.016521 0.028387
0 0.002716 0.700344 0.005431 0.014627
0 0.898594 0.165853 0.019087 0.020555
0 0.733320 0.268104 0.015430 0.019244
0 0.359472 0.474610 0.017664 0.027483
0 0.150189 0.577090 0.013462 0.017317
0 0.303649 0.048375 0.020273 0.028379
0 0.730647 0.264546 0.017470 0.023196
0 0.967383 0.513577 0.021700 0.025492
