0 0.441859 0.551301 0.017026 0.022798
0 0.320376 0.856281 0.020703 0.022727
0 0.928523 0.889141 0.020998 0.023710
0 0.873261 0.793742 0.022127 0.029421
0 0.451957 0.013345 0.019169 0.021339
0 0.271925 0.742582 0.017011 0.023995
0 0.527825 0.439452 0.022949 0.024689
0 0.099156 0.873850 0.022697 0.027169
0 0.787319 0.240155 0.018160 0.021791
0 0.874476 0.446666 0.019419 0.022299
0 0.494091 0.212888 0.021956 0.022523
0 0.662637 0.929834 0.020014 0.025079
0 0.473065 0.549842 0.020931 0.025400
0 0.101001 0.507012 0.019371 0.024245
0 0.852241 0.780751 0.016871 0.022365
0 0.139436 0.743682 0.018475 0.024194
0 0.623484 0.128463 0.021275 0.026127
0 0.496629 0.237727 0.017383 0.020436
0 0.806426 0.875134 0.020717 0.026423
0 0.452608 0.318947 0.016227 0.021765
0 0.781621 0.213134 0.015377 0.018847
0 0.114069 0.553799 0.019139 0.025055
0 0.510289 0.255505 0.015138 0.019025
0 0.541010 0.621205 0.019307 0.023287
0 0.529678 0.410299 0.021634 0.023297
0 0.349960 0.828928 0.018114 0.020962
0 0.084877 0.307265 0.021534 0.025881
0 0.876609 0.640790 0.019357 0.023760
0 0.240566 0.629858 0.020473 0.025039
0 0.489821 0.150568 0.018786 0.023222
0 0.660771 0.504794 0.020097 0.023453
0 0.625113 0.651744 0.019045 0.023006
0 0.361933 0.342239 0.016993 0.020147
0 0.247387 0.558612 0.019555 0.025603
0 0.415627 0.853675 0.019280 0.023941
0 0.880887 0.880996 0.018767 0.022844
0 0.943866 0.685290 0.017508 0.022247
0 0.312584 0.157660 0.019303 0.022793
0 0.249026 0.746368 0.015971 0.020921
0 0.832540 0.886685 0.017662 0.023933
0 0.838993 0.497630 0.019957 0.022149
0 0.895458 0.423068 0.019941 0.024785
0 0.978440 0.771094 0.015913 0.017745
0 0.908795 0.116074 0.020008 0.026813
0 0.139625 0.278837 0.019679 0.024652
0 0.327414 0.244774 0.019035 0.022540
0 0.483378 0.483457 0.017464 0.021151
0 0.708851 0.985725 0.017699 0.020459
0 0.211253 0.255335 0.020131 0.022996
0 0.164905 0.897140 0.021846 0.027363
0 0.078700 0.971780 0.020465 0.024387
0 0.190568 0.718042 0.026104 0.033170
0 0.558283 0.693822 0.017597 0.023586
0 0.375024 0.321777 0.016673 0.020275
0 0.988903 0.291577 0.019724 0.023954
0 0.305403 0.371036 0.029972 0.034055
0 0.345681 0.299756 0.016649 0.021614
0 0.336885 0.878212 0.020231 0.024738
0 0.669510 0.435357 0.018054 0.023785
0 0.824175 0.530323 0.018215 0.022581
0 0.054044 0.421128 0.017581 0.022626
0 0.813763 0.090493 0.016024 0.021142
0 0.779268 0.384470 0.018458 0.019476
0 0.965244 0.151318 0.019558 0.023908
0 0.614126 0.156185 0.015858 0.018401
0 0.059281 0.881204 0.018892 0.023403
0 0.613529 0.885713 0.019758 0.024218
0 0.316746 0.267937 0.018996 0.023227
0 0.970544 0.795693 0.017539 0.022285
0 0.006151 0.865654 0.012302 0.024422
0 0.545606 0.314521 0.016697 0.021661
0 0.944490 0.992941 0.020788 0.014118
0 0.558636 0.157492 0.014891 0.018595
0 0.450972 0.676183 0.021033 0.020784
0 0.893362 0.466489 0.017734 0.023502
0 0.104020 0.011220 0.021634 0.021832
0 0.005230 0.026796 0.010461 0.023472
0 0.731446 0.025056 0.017794 0.021441
0 0.041851 0.186229 0.022830 0.024314
0 0.898553 0.288521 0.021548 0.024502
0 0.565853 0.080796 0.024922 0.027785
0 0.277603 0.579302 0.015136 0.018000
0 0.407732 0.735111 0.017138 0.020358
0 0.773948 0.170744 0.017890 0.020772
0 0.229251 0.886400 0.023062 0.025022
0 0.716179 0.211409 0.018209 0.023116
0 0.288554 0.596662 0.017220 0.022213
0 0.552635 0.653755 0.016607 0.020437
0 0.119144 0.136706 0.018215 0.022590
0 0.523283 0.525509 0.014535 0.018212
0 0.626790 0.551678 0.017087 0.021589
0 0.217926 0.737960 0.016195 0.021526
0 0.381080 0.412652 0.018331 0.022789
0 0.537114 0.700469 0.016439 0.019808
0 0.190572 0.375892 0.017885 0.022142
0 0.740302 0.253681 0.017666 0.021441
0 0.160267 0.524937 0.016855 0.026919
0 0.626377 0.231709 0.015570 0.019796
0 0.896533 0.900414 0.016648 0.019577
0 0.487219 0.259316 0.014690 0.019059
0 0.799033 0.205043 0.011417 0.015881
0 0.939380 0.888335 0.014546 0.022669
0 0.405468 0.343294 0.012908 0.015873
0 0.988484 0.496284 0.020756 0.025082
0 0.931847 0.888246 0.028399 0.025968
