0 0.307992 0.580926 0.015854 0.020686
0 0.559154 0.529360 0.023379 0.031998
0 0.562135 0.480253 0.017080 0.020726
0 0.216664 0.322404 0.019253 0.025003
0 0.359414 0.079844 0.018680 0.022764
0 0.068767 0.398091 0.018551 0.022172
0 0.960625 0.311697 0.015602 0.022147
0 0.719597 0.755053 0.015304 0.022803
0 0.436936 0.750879 0.018729 0.027361
0 0.958718 0.696075 0.016448 0.020064
0 0.706292 0.272117 0.015709 0.020488
0 0.233038 0.368221 0.017136 0.022995
0 0.492881 0.976998 0.016850 0.017995
0 0.008555 0.107645 0.015736 0.017228
0 0.795015 0.824518 0.018326 0.023782
0 0.419951 0.547591 0.018104 0.023824
0 0.946957 0.332823 0.016688 0.020197
0 0.371691 0.007858 0.015445 0.014397
0 0.983373 0.646304 0.017880 0.021744
0 0.500870 0.028567 0.018643 0.028809
0 0.251025 0.388542 0.016159 0.019591
0 0.411312 0.488595 0.018325 0.022988
0 0.781264 0.452737 0.019203 0.022540
0 0.322004 0.557722 0.017409 0.022935
0 0.510562 0.476420 0.014285 0.019487
0 0.362033 0.468580 0.015366 0.018869
0 0.051513 0.385651 0.014714 0.017255
0 0.607083 0.858446 0.019001 0.023592
0 0.980132 0.853343 0.017648 0.022132
0 0.702568 0.053338 0.017380 0.021939
0 0.914943 0.170666 0.019151 0.024975
0 0.220684 0.453890 0.017234 0.020266
0 0.358040 0.770565 0.016603 0.019787
0 0.684302 0.287412 0.015797 0.019899
0 0.700720 0.764963 0.015820 0.020683
0 0.550389 0.051882 0.014247 0.017758
0 0.833969 0.665104 0.018532 0.023321
0 0.440996 0.401630 0.016903 0.022097
0 0.382436 0.663350 0.016074 0.020280
0 0.300092 0.288398 0.016542 0.021968
0 0.631316 0.067218 0.017543 0.022629
0 0.295347 0.131521 0.017268 0.023466
0 0.145932 0.361484 0.018015 0.023167
0 0.508956 0.069930 0.015192 0.017895
0 0.428963 0.464865 0.016205 0.017495
0 0.404459 0.233531 0.016473 0.022138
0 0.392654 0.835106 0.016528 0.021435
0 0.242350 0.316810 0.018938 0.023309
0 0.151519 0.300427 0.014530 0.017609
0 0.440980 0.619763 0.016695 0.021775
0 0.949039 0.455735 0.016592 0.020820
0 0.109711 0.214893 0.016067 0.020477
0 0.903590 0.731756 0.017669 0.020081
0 0.152045 0.444204 0.016375 0.021076
0 0.291611 0.570004 0.014406 0.019514
0 0.254831 0.526283 0.018402 0.021677
0 0.487903 0.307449 0.015811 0.020197
0 0.823927 0.818713 0.018990 0.021456
0 0.425585 0.151557 0.018166 0.023022
0 0.011738 0.773321 0.012640 0.015228
0 0.903042 0.778161 0.018639 0.023860
0 0.351967 0.546808 0.015986 0.019330
0 0.364253 0.828209 0.017900 0.028370
0 0.856515 0.572111 0.018229 0.021596
0 0.270329 0.782111 0.016695 0.021077
0 0.493169 0.460956 0.015410 0.020510
0 0.601062 0.185607 0.016761 0.020727
0 0.340789 0.287776 0.016232 0.020451
0 0.434295 0.811438 0.019516 0.023115
0 0.986148 0.310290 0.016439 0.021065
0 0.167220 0.402676 0.018147 0.021087
0 0.325457 0.115458 0.017192 0.020617
0 0.139666 0.573543 0.018033 0.020602
0 0.004391 0.536226 0.008782 0.017298
0 0.030757 0.543098 0.016746 0.021366
0 0.262814 0.664529 0.018396 0.025331
0 0.435331 0.246439 0.015709 0.019681
0 0.962369 0.964239 0.018808 0.026741
0 0.146531 0.113529 0.017011 0.020961
0 0.162362 0.022044 0.025882 0.025039
0 0.755882 0.646993 0.017502 0.023992
0 0.772118 0.887533 0.016631 0.020873
0 0.561290 0.316889 0.019190 0.024474
0 0.166642 0.159100 0.014609 0.015846
0 0.414788 0.091568 0.021580 0.024353
0 0.678781 0.960809 0.017338 0.021970
0 0.779006 0.774338 0.017337 0.020805
0 0.550561 0.442777 0.014908 0.017422
0 0.725574 0.254665 0.016634 0.021370
0 0.691586 0.713702 0.017891 0.021770
0 0.060580 0.423426 0.015201 0.020157
0 0.350399 0.805940 0.017169 0.019271
0 0.267757 0.117552 0.016517 0.021645
0 0.684387 0.121708 0.016810 0.020651
0 0.520338 0.741795 0.015384 0.019178
0 0.198964 0.756390 0.016598 0.020577
0 0.942150 0.130694 0.011395 0.013647
0 0.746714 0.547370 0.015084 0.026498
0 0.559239 0.981005 0.016580 0.019501
0 0.831873 0.828484 0.015798 0.018631
0 0.964563 0.180647 0.013060 0.016723
0 0.944272 0.794811 0.015529 0.019512
0 0.996379 0.776587 0.007242 0.022476
0 0.683420 0.118202 0.018926 0.026869
0 0.842723 0.594972 0.014890 0.017733
0 0.534899 0.531519 0.015263 0.022156
0 0.060288 0.289216 0.019673 0.022034
0 0.124263 0.306644 0.013979 0.017873
0 0.990589 0.176098 0.017474 0.022761
0 0.248723 0.598147 0.014748 0.017710
0 0.652053 0.663242 0.012446 0.014349
0 0.247283 0.630779 0.013146 0.015000
0 0.707446 0.247818 0.013254 0.016555
0 0.288857 0.084340 0.012892 0.016993
0 0.553317 0.402809 0.015137 0.019206
0 0.942342 0.437945 0.013325 0.014940
0 0.355539 0.483856 0.012242 0.012965
0 0.495028 0.488957 0.014016 0.019113
0 0.920880 0.056294 0.015884 0.021432
0 0.436042 0.980726 0.015325 0.018234
0 0.074542 0.693909 0.011961 0.014457
0 0.949596 0.811053 0.013088 0.015578
0 0.687804 0.203931 0.010903 0.013598
0 0.355451 0.756630 0.016923 0.019244
0 0.725431 0.312899 0.012585 0.018682
0 0.827949 0.825321 0.022481 0.023373
0 0.947195 0.180618 0.010299 0.012990
0 0.357630 0.767037 0.018330 0.027080
0 0.124471 0.313528 0.014806 0.026701
0 0.997099 0.133186 0.005802 0.019729
0 0.356385 0.760597 0.017631 0.027899
0 0.733639 0.266544 0.015710 0.018567
0 0.550647 0.051758 0.016620 0.021887
0 0.150739 0.575693 0.012232 0.018293
0 0.691858 0.406911 0.012991 0.013445
0 0.728244 0.258287 0.022295 0.025630
0 0.365429 0.833071 0.016297 0.022892
0 0.359393 0.476093 0.016589 0.024087
