0 0.208629 0.309249 0.021612 0.025909
0 0.554204 0.514542 0.022001 0.027941
0 0.377736 0.907610 0.020461 0.024813
0 0.412740 0.583749 0.019345 0.024252
0 0.202537 0.134379 0.018902 0.023762
0 0.262749 0.051225 0.016214 0.020525
0 0.381069 0.016296 0.017125 0.020669
0 0.343732 0.798808 0.017796 0.022112
0 0.225625 0.360397 0.016167 0.020302
0 0.247194 0.668648 0.019251 0.023730
0 0.319459 0.245511 0.019710 0.023791
0 0.829409 0.819243 0.023039 0.026537
0 0.694401 0.259784 0.022680 0.026003
0 0.267707 0.653545 0.016531 0.021357
0 0.410934 0.060945 0.017309 0.021718
0 0.436906 0.274130 0.019014 0.023295
0 0.724028 0.254552 0.018854 0.023916
0 0.690106 0.752379 0.020746 0.025079
0 0.246912 0.511565 0.020492 0.025049
0 0.977646 0.641047 0.020426 0.023256
0 0.392780 0.536218 0.016294 0.021704
0 0.417909 0.015676 0.015530 0.020580
0 0.938372 0.440524 0.020663 0.025869
0 0.977230 0.870776 0.021976 0.025855
0 0.536836 0.487027 0.019880 0.024085
0 0.547067 0.310066 0.019554 0.022695
0 0.619127 0.056180 0.019553 0.023697
0 0.601501 0.856948 0.022268 0.025361
0 0.688029 0.050142 0.017467 0.024057
0 0.142525 0.433444 0.017433 0.021955
0 0.269812 0.081244 0.017615 0.020712
0 0.135611 0.353127 0.019047 0.022086
0 0.099880 0.473538 0.018786 0.023808
0 0.199657 0.348960 0.017697 0.021706
0 0.904596 0.164427 0.018888 0.023621
0 0.375168 0.961963 0.021460 0.026593
0 0.022778 0.524583 0.018699 0.022698
0 0.431916 0.748769 0.020482 0.024453
0 0.425921 0.234678 0.019611 0.027539
0 0.330777 0.276866 0.016249 0.020337
0 0.208584 0.438359 0.019906 0.023656
0 0.904115 0.726824 0.018334 0.023071
0 0.844301 0.558212 0.023837 0.031844
0 0.336049 0.076998 0.018517 0.022538
0 0.071610 0.371915 0.018163 0.022641
0 0.416064 0.538373 0.017397 0.022528
0 0.755542 0.427709 0.021916 0.027760
0 0.319982 0.559158 0.020609 0.026245
0 0.634244 0.236205 0.016000 0.019832
0 0.787712 0.814676 0.022030 0.025876
0 0.682587 0.699306 0.023877 0.028769
0 0.715756 0.839275 0.022065 0.025962
0 0.419040 0.452902 0.017495 0.021284
0 0.419121 0.847111 0.018928 0.023581
0 0.039906 0.373168 0.017102 0.021694
0 0.247235 0.372495 0.016693 0.021689
0 0.674451 0.111831 0.019718 0.024214
0 0.990475 0.766745 0.018909 0.025093
0 0.646782 0.057375 0.015678 0.020885
0 0.417691 0.140030 0.017940 0.022298
0 0.756246 0.643869 0.021047 0.026675
0 0.992805 0.119890 0.014390 0.023736
0 0.123699 0.224239 0.018593 0.025583
0 0.442221 0.605838 0.018950 0.024428
0 0.806728 0.355725 0.022202 0.024759
0 0.311335 0.093902 0.016435 0.020605
0 0.138302 0.100140 0.017830 0.023969
0 0.461605 0.068644 0.017156 0.022131
0 0.460781 0.653108 0.018361 0.020949
0 0.097775 0.942867 0.019139 0.022949
0 0.215575 0.901332 0.020916 0.025269
0 0.167625 0.372695 0.018273 0.022182
0 0.598022 0.173162 0.019076 0.023520
0 0.337632 0.612941 0.018066 0.022247
0 0.532314 0.529436 0.016699 0.021063
0 0.788555 0.718633 0.020561 0.023412
0 0.575674 0.473565 0.020785 0.026356
0 0.338423 0.430389 0.022336 0.024821
0 0.953208 0.951768 0.022456 0.026842
0 0.914676 0.380563 0.020688 0.024573
0 0.544016 0.433071 0.018662 0.022296
0 0.567949 0.289602 0.016846 0.022168
0 0.152344 0.571530 0.018524 0.025046
0 0.510443 0.730195 0.017823 0.022676
0 0.715534 0.780365 0.017959 0.021786
0 0.371532 0.653124 0.018306 0.022448
0 0.926313 0.150338 0.016030 0.019174
0 0.355942 0.468373 0.017449 0.022655
0 0.669631 0.949899 0.019563 0.024857
0 0.905660 0.062243 0.020974 0.023589
0 0.489208 0.970568 0.020894 0.026591
0 0.161916 0.008728 0.018180 0.016936
0 0.221445 0.094536 0.015720 0.021345
0 0.064584 0.299292 0.015913 0.020567
0 0.106842 0.845504 0.016481 0.020286
0 0.292458 0.277260 0.018507 0.023698
0 0.391417 0.855514 0.016595 0.020844
0 0.055465 0.412623 0.016808 0.020433
0 0.026970 0.426835 0.016501 0.025703
0 0.119563 0.718637 0.017799 0.020437
0 0.876519 0.718849 0.019222 0.023682
0 0.953268 0.167962 0.016341 0.019237
0 0.996375 0.831185 0.007251 0.025060
0 0.571943 0.605901 0.014189 0.017832
0 0.579182 0.076411 0.013873 0.018100
0 0.259606 0.105287 0.019014 0.021195
0 0.585237 0.809183 0.013514 0.016767
0 0.556113 0.483428 0.013317 0.019861
