0 0.559253 0.529213 0.023694 0.031926
0 0.705987 0.272707 0.015613 0.021230
0 0.139116 0.369389 0.018418 0.021556
0 0.983663 0.646848 0.018270 0.022488
0 0.512403 0.468441 0.016064 0.020382
0 0.320049 0.558138 0.017518 0.026164
0 0.475599 0.487682 0.016439 0.020810
0 0.961433 0.313103 0.015369 0.020804
0 0.405473 0.231772 0.016983 0.022806
0 0.723893 0.254557 0.015583 0.020316
0 0.217223 0.321765 0.020276 0.028140
0 0.958350 0.696333 0.016436 0.020440
0 0.904645 0.773758 0.018714 0.023653
0 0.240885 0.315598 0.018696 0.024549
0 0.351159 0.808587 0.016775 0.020117
0 0.492060 0.013790 0.019427 0.021351
0 0.232651 0.369656 0.017078 0.022453
0 0.717002 0.749250 0.016615 0.022802
0 0.947125 0.332739 0.017020 0.020421
0 0.743407 0.748035 0.014196 0.019785
0 0.250806 0.388560 0.016743 0.020425
0 0.421545 0.547910 0.018464 0.024295
0 0.067106 0.394029 0.018600 0.024209
0 0.435781 0.247546 0.015596 0.019683
0 0.437194 0.753690 0.017557 0.024598
0 0.766943 0.789958 0.017181 0.023863
0 0.794739 0.825043 0.021542 0.025444
0 0.388234 0.774813 0.019064 0.020985
0 0.096686 0.278171 0.013455 0.017858
0 0.116586 0.294677 0.014917 0.018539
0 0.718222 0.847048 0.016259 0.020248
0 0.312942 0.059209 0.018642 0.022998
0 0.989384 0.528182 0.019163 0.020884
0 0.389548 0.841234 0.016850 0.021895
0 0.926842 0.774404 0.015340 0.020579
0 0.225054 0.734569 0.018693 0.020928
0 0.047212 0.383164 0.015404 0.020396
0 0.293745 0.562162 0.015511 0.020983
0 0.382199 0.664211 0.016747 0.019382
0 0.369909 0.008212 0.016490 0.014035
0 0.439161 0.622977 0.017238 0.022078
0 0.150627 0.443189 0.016238 0.021324
0 0.600358 0.186193 0.017103 0.020289
0 0.685383 0.286828 0.015379 0.020319
0 0.441288 0.400553 0.017279 0.020839
0 0.342222 0.765908 0.017202 0.020231
0 0.061833 0.423793 0.015196 0.020200
0 0.145860 0.114060 0.016822 0.020720
0 0.608239 0.859695 0.017674 0.023140
0 0.655698 0.944327 0.012048 0.015658
0 0.781198 0.454814 0.019258 0.025094
0 0.856332 0.571900 0.019550 0.022531
0 0.735967 0.988808 0.017134 0.017854
0 0.389450 0.484356 0.017822 0.023569
0 0.941197 0.844017 0.017241 0.021649
0 0.307630 0.579201 0.015977 0.019966
0 0.789667 0.628519 0.019467 0.023698
0 0.340002 0.289067 0.015370 0.019697
0 0.457483 0.065343 0.014983 0.019104
0 0.217741 0.451457 0.017441 0.020435
0 0.151998 0.389559 0.015544 0.019928
0 0.220994 0.566175 0.013511 0.017522
0 0.948580 0.456430 0.016164 0.020592
0 0.254873 0.525940 0.018769 0.022379
0 0.629451 0.067785 0.018175 0.023061
0 0.701722 0.479462 0.014811 0.018482
0 0.562531 0.317756 0.019796 0.025299
0 0.349714 0.545140 0.016395 0.019419
0 0.690902 0.714182 0.017825 0.021272
0 0.972311 0.287748 0.016863 0.021107
0 0.962571 0.965753 0.017679 0.026326
0 0.428205 0.463483 0.014681 0.017618
0 0.904019 0.734195 0.017670 0.019429
0 0.363343 0.832297 0.017668 0.026331
0 0.326856 0.109864 0.018631 0.022916
0 0.559824 0.980571 0.015947 0.018745
0 0.477888 0.300166 0.016897 0.019912
0 0.464366 0.950569 0.017721 0.023520
0 0.796044 0.565143 0.016181 0.018581
0 0.755798 0.646378 0.016312 0.023658
0 0.700637 0.765612 0.016085 0.020285
0 0.361974 0.468382 0.015892 0.019452
0 0.156210 0.142108 0.013293 0.018251
0 0.295028 0.130265 0.016400 0.021557
0 0.298854 0.287535 0.015981 0.021713
0 0.426499 0.155966 0.018449 0.021525
0 0.164785 0.021334 0.020310 0.023284
0 0.495242 0.039687 0.015828 0.018366
0 0.261708 0.661603 0.019066 0.029115
0 0.106163 0.201764 0.016844 0.019890
0 0.236802 0.622552 0.012407 0.015606
0 0.774685 0.787632 0.024879 0.024652
0 0.031677 0.540245 0.017805 0.021334
0 0.963654 0.181128 0.013793 0.017656
0 0.941495 0.439336 0.013083 0.015263
0 0.677115 0.963259 0.016588 0.020269
0 0.996354 0.777120 0.007291 0.022515
0 0.795096 0.981823 0.011425 0.016585
0 0.391633 0.951985 0.017850 0.021895
0 0.414009 0.091171 0.021386 0.024528
0 0.520659 0.743005 0.015816 0.020179
0 0.265961 0.072926 0.013465 0.017155
0 0.696607 0.057810 0.018267 0.020885
0 0.684096 0.123234 0.016819 0.019526
0 0.664510 0.355688 0.012600 0.016071
0 0.971056 0.155533 0.015879 0.018621
0 0.491547 0.461568 0.014963 0.020035
0 0.989964 0.602896 0.017050 0.019974
0 0.900360 0.035549 0.016191 0.019275
0 0.180109 0.719110 0.017120 0.018212
0 0.550270 0.443157 0.015136 0.017693
0 0.139686 0.569195 0.016509 0.022350
0 0.535449 0.534571 0.015408 0.018963
0 0.027644 0.285485 0.018463 0.023566
0 0.676539 0.109773 0.011693 0.014492
0 0.995764 0.469701 0.008473 0.017751
0 0.488109 0.368371 0.013917 0.017143
0 0.355088 0.484781 0.012543 0.014517
0 0.801146 0.283593 0.015287 0.020934
0 0.903588 0.167769 0.016499 0.019533
0 0.005393 0.721720 0.010786 0.015627
0 0.003425 0.099292 0.006849 0.017305
0 0.266719 0.118648 0.017424 0.021547
0 0.060613 0.638585 0.011774 0.013635
0 0.140848 0.978606 0.017300 0.017512
0 0.921314 0.157920 0.010836 0.013508
0 0.734576 0.267069 0.013538 0.017434
0 0.814632 0.360727 0.012747 0.015302
0 0.994379 0.016744 0.011243 0.017497
0 0.458957 0.476813 0.014624 0.019243
0 0.779297 0.786021 0.016926 0.022591
0 0.342232 0.758472 0.018764 0.034774
0 0.925592 0.779121 0.016125 0.027611
0 0.402184 0.868479 0.012017 0.014830
0 0.705711 0.248578 0.012234 0.016893
0 0.683022 0.121070 0.019914 0.025121
0 0.717591 0.745471 0.016864 0.028786
0 0.342474 0.754191 0.017282 0.027573
0 0.157546 0.022817 0.022545 0.021955
0 0.902278 0.164776 0.018432 0.023589
0 0.510558 0.468022 0.018992 0.025562
0 0.317541 0.048516 0.015676 0.021997
0 0.359364 0.475511 0.017899 0.027745
0 0.731551 0.263373 0.016745 0.021710
0 0.320488 0.044137 0.012475 0.014507
0 0.317969 0.045602 0.014673 0.015484
0 0.151488 0.576155 0.012279 0.016046
