0 0.139839 0.393579 0.056273 0.063946
0 0.626106 0.944733 0.020091 0.025589
0 0.280943 0.385456 0.019826 0.025044
0 0.499841 0.201672 0.020340 0.023637
0 0.315855 0.061752 0.016813 0.018892
0 0.939165 0.892954 0.015227 0.018942
0 0.075504 0.930264 0.017722 0.022185
0 0.123466 0.171990 0.022033 0.025881
0 0.129016 0.458840 0.014537 0.017345
0 0.768587 0.948816 0.016544 0.020958
0 0.989356 0.685580 0.015090 0.022852
0 0.717543 0.168668 0.021710 0.028776
0 0.188384 0.950126 0.013430 0.017466
0 0.240127 0.031799 0.013195 0.018872
0 0.802766 0.231143 0.019972 0.024545
0 0.815495 0.868620 0.019858 0.024024
0 0.116314 0.490301 0.019663 0.023236
0 0.033159 0.932665 0.016465 0.022172
0 0.214127 0.226618 0.017440 0.021326
0 0.235171 0.930965 0.014695 0.018396
0 0.084563 0.661546 0.018216 0.021899
0 0.131019 0.231899 0.020117 0.025461
0 0.801218 0.955960 0.015786 0.018493
0 0.288521 0.527363 0.020134 0.023916
0 0.566759 0.942924 0.015862 0.021006
0 0.060123 0.362111 0.015646 0.018479
0 0.331516 0.040959 0.016375 0.017904
0 0.512154 0.964953 0.023109 0.027265
0 0.307306 0.826810 0.015639 0.019279
0 0.096098 0.363654 0.015077 0.019691
0 0.206958 0.925860 0.016033 0.018668
0 0.241819 0.210678 0.020322 0.023636
0 0.329263 0.820241 0.015670 0.019641
0 0.024761 0.150719 0.017958 0.023861
0 0.113872 0.635183 0.019725 0.023850
0 0.301579 0.037898 0.015948 0.019539
0 0.005468 0.675575 0.010935 0.024167
0 0.276447 0.907418 0.017500 0.018394
0 0.768167 0.802615 0.019896 0.024395
0 0.605874 0.146163 0.017852 0.021334
0 0.733690 0.533712 0.020743 0.026144
0 0.491405 0.076181 0.018223 0.021922
0 0.048411 0.154661 0.015550 0.021460
0 0.022777 0.479223 0.020080 0.020711
0 0.832437 0.291281 0.020246 0.022622
0 0.904942 0.989740 0.018108 0.017157
0 0.785302 0.653061 0.018880 0.022311
0 0.804615 0.621389 0.019638 0.023221
0 0.610339 0.624582 0.017030 0.021656
0 0.723023 0.899576 0.017422 0.020461
0 0.005935 0.122466 0.011869 0.019305
0 0.433184 0.765623 0.020104 0.025041
0 0.825603 0.526273 0.016748 0.021360
0 0.280952 0.299022 0.014431 0.017173
0 0.931986 0.832919 0.018679 0.023990
0 0.465219 0.677186 0.017953 0.021704
0 0.249310 0.467054 0.019247 0.025494
0 0.502509 0.876832 0.017763 0.022255
0 0.071608 0.806467 0.017467 0.021822
0 0.380363 0.654633 0.017640 0.019718
0 0.468514 0.795146 0.018309 0.023929
0 0.574244 0.596112 0.016451 0.020085
0 0.529681 0.433812 0.018441 0.022206
0 0.660475 0.140390 0.014628 0.018034
0 0.650887 0.681363 0.016065 0.021149
0 0.802516 0.055151 0.015329 0.017981
0 0.195481 0.877692 0.018429 0.022254
0 0.385374 0.084399 0.016957 0.019470
0 0.267833 0.040849 0.015121 0.018657
0 0.051644 0.511250 0.017344 0.021341
0 0.661029 0.606697 0.016232 0.019583
0 0.474653 0.176635 0.015355 0.021387
0 0.699565 0.898538 0.014748 0.019119
0 0.045115 0.983743 0.013578 0.016503
0 0.519110 0.299483 0.018815 0.021202
0 0.443625 0.651862 0.015262 0.019148
0 0.963535 0.030364 0.015994 0.021808
0 0.093797 0.185128 0.017164 0.021436
0 0.105698 0.319413 0.014720 0.018638
0 0.464982 0.338000 0.013589 0.019178
0 0.555421 0.614509 0.014988 0.018784
0 0.994199 0.634714 0.011602 0.022080
0 0.223346 0.703728 0.014615 0.020191
0 0.080268 0.708028 0.014688 0.020815
0 0.022081 0.206703 0.014601 0.017445
0 0.742296 0.127593 0.018807 0.022424
0 0.784686 0.753494 0.017835 0.019401
0 0.031134 0.403260 0.016314 0.019283
0 0.469766 0.519761 0.013356 0.018933
0 0.370486 0.640117 0.015238 0.017623
0 0.904280 0.137855 0.015784 0.022891
0 0.872886 0.610532 0.014109 0.018420
0 0.969352 0.681067 0.015673 0.021118
0 0.114687 0.551487 0.014501 0.018720
0 0.576042 0.250751 0.013247 0.017068
0 0.350457 0.007777 0.016917 0.014501
0 0.361098 0.511782 0.015517 0.020096
0 0.993015 0.255077 0.013970 0.024849
0 0.098530 0.450715 0.012923 0.013962
0 0.251879 0.952343 0.014843 0.017505
0 0.593014 0.654890 0.019014 0.021530
0 0.939231 0.969974 0.014385 0.021327
0 0.631140 0.091510 0.014936 0.017027
0 0.238291 0.620258 0.016265 0.019353
0 0.689640 0.375081 0.014565 0.019793
0 0.812146 0.976618 0.012629 0.016976
0 0.814948 0.671088 0.014806 0.019106
0 0.076301 0.223078 0.014482 0.018341
0 0.063731 0.045186 0.015952 0.019797
0 0.480521 0.838847 0.011876 0.016257
0 0.994340 0.912521 0.011156 0.013792
0 0.450585 0.260427 0.014790 0.015828
0 0.535224 0.845398 0.017978 0.025303
0 0.280774 0.713738 0.017066 0.020412
0 0.309269 0.493591 0.014707 0.017153
0 0.299446 0.887721 0.012490 0.019374
0 0.861389 0.118565 0.012655 0.015143
0 0.825962 0.050927 0.015321 0.016047
0 0.308634 0.327562 0.012048 0.016410
0 0.152834 0.043905 0.013514 0.017404
0 0.996845 0.812320 0.006310 0.023622
0 0.085877 0.840805 0.017831 0.019143
0 0.691922 0.937716 0.016369 0.019520
0 0.017520 0.391008 0.009883 0.014104
0 0.453098 0.037673 0.015523 0.019093
0 0.350578 0.988789 0.013494 0.016417
0 0.743544 0.921543 0.014061 0.019919
0 0.836718 0.924643 0.013701 0.016747
0 0.961035 0.512048 0.015881 0.020771
0 0.042276 0.909233 0.013448 0.015122
0 0.842056 0.863860 0.013406 0.017979
