0 0.912566 0.882465 0.016733 0.021361
0 0.250646 0.759646 0.018398 0.022095
0 0.237038 0.740429 0.014495 0.019227
0 0.210263 0.484085 0.020458 0.027296
0 0.302499 0.292774 0.016449 0.021396
0 0.232825 0.552048 0.019083 0.022473
0 0.030455 0.960103 0.020526 0.024994
0 0.047268 0.123847 0.019863 0.023485
0 0.480936 0.050668 0.018010 0.020388
0 0.961715 0.663740 0.019002 0.022599
0 0.804771 0.116211 0.016951 0.021111
0 0.235854 0.480835 0.015192 0.020441
0 0.198637 0.901107 0.026531 0.027951
0 0.201298 0.082177 0.015161 0.022528
0 0.035518 0.848226 0.016278 0.019861
0 0.664741 0.185259 0.018191 0.026285
0 0.789150 0.866813 0.017965 0.022064
0 0.213719 0.730160 0.017175 0.025675
0 0.879633 0.870514 0.015611 0.019637
0 0.590233 0.109003 0.015828 0.019403
0 0.276898 0.346419 0.014678 0.018083
0 0.050266 0.414695 0.016969 0.021774
0 0.949136 0.776460 0.017842 0.022179
0 0.414318 0.650782 0.016337 0.020205
0 0.435690 0.661897 0.014289 0.018575
0 0.388833 0.394677 0.016900 0.020443
0 0.801181 0.042923 0.018538 0.022925
0 0.199799 0.868911 0.018647 0.023897
0 0.791553 0.836051 0.021678 0.024895
0 0.156571 0.897986 0.019136 0.025928
0 0.981422 0.289957 0.018559 0.023544
0 0.108721 0.074537 0.018101 0.021479
0 0.098820 0.604759 0.014551 0.019394
0 0.767928 0.918508 0.017757 0.022103
0 0.087729 0.502231 0.019370 0.022685
0 0.801426 0.344224 0.018737 0.023017
0 0.731840 0.011316 0.015256 0.019043
0 0.516946 0.678193 0.017063 0.022264
0 0.306237 0.418368 0.014817 0.017470
0 0.709366 0.064263 0.016504 0.020181
0 0.590896 0.484047 0.019147 0.023771
0 0.128752 0.909724 0.018024 0.022586
0 0.230618 0.098202 0.016247 0.021800
0 0.995843 0.237671 0.008315 0.018267
0 0.893784 0.140304 0.014136 0.020356
0 0.603145 0.150876 0.014726 0.016732
0 0.224830 0.236232 0.015898 0.021256
0 0.345013 0.307462 0.016978 0.022491
0 0.400588 0.176113 0.016094 0.020780
0 0.408017 0.727936 0.015867 0.022258
0 0.761307 0.717719 0.015798 0.020335
0 0.714091 0.612873 0.017702 0.019735
0 0.364047 0.412270 0.015598 0.019490
0 0.289209 0.399829 0.014213 0.018869
0 0.400480 0.049285 0.019089 0.021457
0 0.065528 0.357847 0.015504 0.018363
0 0.072988 0.583618 0.014823 0.019717
0 0.126962 0.797733 0.016133 0.020270
0 0.887096 0.184593 0.016952 0.021407
0 0.019065 0.076327 0.017005 0.019227
0 0.337745 0.480738 0.016625 0.020792
0 0.003989 0.363424 0.007978 0.019318
0 0.502474 0.253031 0.015895 0.020328
0 0.777398 0.203419 0.017559 0.020600
0 0.301089 0.150247 0.016385 0.019592
0 0.232535 0.798382 0.016356 0.019890
0 0.882932 0.424996 0.017966 0.021879
0 0.420215 0.034828 0.014233 0.018337
0 0.524450 0.405245 0.016867 0.021746
0 0.996432 0.081384 0.007135 0.018056
0 0.871337 0.626889 0.015890 0.022064
0 0.122212 0.652677 0.015841 0.018701
0 0.287207 0.317250 0.013617 0.016514
0 0.940170 0.015853 0.013650 0.020655
0 0.036361 0.821675 0.017426 0.021478
0 0.150045 0.041772 0.017585 0.021123
0 0.641678 0.175198 0.017321 0.023340
0 0.664396 0.181366 0.019892 0.035262
0 0.709626 0.614181 0.017004 0.017798
0 0.030303 0.040198 0.013567 0.015887
0 0.776321 0.234133 0.015367 0.018680
0 0.304367 0.260352 0.016463 0.020108
0 0.553974 0.145445 0.012948 0.017177
0 0.669082 0.247650 0.015224 0.015924
0 0.081652 0.744489 0.018818 0.023031
0 0.134950 0.006591 0.015672 0.011798
0 0.826641 0.980523 0.018272 0.018661
0 0.102625 0.844522 0.013899 0.019126
0 0.816080 0.074342 0.014080 0.019699
