0 0.102868 0.874472 0.023672 0.028804
0 0.939714 0.890449 0.025702 0.024769
0 0.200922 0.726399 0.026403 0.033846
0 0.253949 0.748252 0.015932 0.022565
0 0.034150 0.440322 0.018817 0.024006
0 0.584379 0.162335 0.016550 0.022309
0 0.091129 0.310250 0.019337 0.024412
0 0.545437 0.669785 0.021545 0.025298
0 0.313578 0.374413 0.029267 0.034118
0 0.499169 0.220751 0.021934 0.026413
0 0.333811 0.250045 0.020798 0.028357
0 0.887605 0.881100 0.018906 0.021234
0 0.175277 0.899884 0.021076 0.026806
0 0.899937 0.290262 0.023505 0.032540
0 0.330335 0.861994 0.022756 0.023461
0 0.057177 0.300550 0.017602 0.021642
0 0.843217 0.439951 0.022912 0.030110
0 0.375938 0.241034 0.022287 0.026603
0 0.615081 0.513708 0.020797 0.027431
0 0.842093 0.973642 0.020451 0.022808
0 0.131339 0.863410 0.017786 0.022560
0 0.864651 0.893124 0.018280 0.021581
0 0.237332 0.889201 0.021473 0.025834
0 0.301866 0.187670 0.017500 0.021138
0 0.236869 0.177453 0.018663 0.023539
0 0.014673 0.098318 0.018806 0.024153
0 0.919454 0.736341 0.021289 0.025239
0 0.278571 0.057890 0.018515 0.022311
0 0.567088 0.549751 0.018316 0.022699
0 0.143340 0.287560 0.019153 0.024245
0 0.814979 0.123730 0.020341 0.023202
0 0.788885 0.242229 0.020651 0.023693
0 0.164508 0.525127 0.022680 0.026611
0 0.085446 0.208041 0.019559 0.023859
0 0.902523 0.426723 0.018952 0.023012
0 0.459596 0.323211 0.019357 0.024489
0 0.667170 0.297187 0.023171 0.027297
0 0.245269 0.048203 0.020184 0.024779
0 0.419811 0.828055 0.020622 0.025775
0 0.411760 0.733696 0.019956 0.023688
0 0.349250 0.303823 0.017424 0.022408
0 0.076954 0.253766 0.018799 0.023644
0 0.968094 0.407662 0.019146 0.023669
0 0.535244 0.417083 0.020243 0.023660
0 0.024627 0.343377 0.019780 0.023522
0 0.100219 0.919246 0.017824 0.020912
0 0.464271 0.209109 0.016169 0.020667
0 0.094704 0.123048 0.016087 0.020425
0 0.606700 0.054296 0.020956 0.028056
0 0.253730 0.560261 0.020254 0.025481
0 0.389507 0.162875 0.016916 0.020586
0 0.190959 0.757423 0.015243 0.019406
0 0.570179 0.777078 0.020460 0.022268
0 0.898967 0.755509 0.019058 0.022406
0 0.104199 0.503695 0.020225 0.024531
0 0.497947 0.151703 0.019459 0.026858
0 0.270808 0.351249 0.017769 0.024317
0 0.081253 0.620046 0.020327 0.025672
0 0.277457 0.744591 0.017655 0.026800
0 0.886233 0.640692 0.021897 0.025200
0 0.819467 0.094481 0.020428 0.023125
0 0.549508 0.705752 0.018059 0.019860
0 0.177218 0.257967 0.018720 0.023689
0 0.817181 0.880182 0.020821 0.026255
0 0.381072 0.323308 0.021730 0.023688
0 0.285277 0.320447 0.017637 0.021981
0 0.166012 0.859626 0.017765 0.022175
0 0.921442 0.311028 0.016657 0.022338
0 0.407146 0.949764 0.019720 0.023511
0 0.786594 0.384045 0.024023 0.025634
0 0.788135 0.213747 0.018469 0.021748
0 0.572572 0.698103 0.017571 0.023105
0 0.836705 0.202945 0.020471 0.024391
0 0.188059 0.156079 0.018252 0.022067
0 0.634056 0.210973 0.020402 0.024798
0 0.816738 0.325855 0.019571 0.022651
0 0.144874 0.744952 0.018771 0.023485
0 0.731406 0.507384 0.019748 0.024855
0 0.995343 0.294603 0.009315 0.024735
0 0.578222 0.075278 0.022533 0.024395
0 0.554048 0.504234 0.020392 0.024510
0 0.166047 0.100095 0.018493 0.022534
0 0.603183 0.944003 0.020680 0.024514
0 0.925515 0.415954 0.017788 0.022364
0 0.962062 0.035282 0.021929 0.024455
0 0.059558 0.423596 0.016944 0.020751
0 0.948800 0.686890 0.017826 0.021857
0 0.321573 0.161025 0.018579 0.022852
0 0.916777 0.122191 0.021397 0.026299
0 0.042873 0.187456 0.021873 0.024624
0 0.111060 0.156268 0.020053 0.022904
0 0.487050 0.485262 0.019061 0.022632
0 0.363484 0.111746 0.019301 0.026581
0 0.424510 0.486650 0.018491 0.024119
0 0.280908 0.582583 0.016535 0.020351
0 0.619738 0.160276 0.018166 0.022338
0 0.789341 0.573037 0.018344 0.023399
0 0.319124 0.272522 0.018487 0.022233
0 0.655746 0.735634 0.020651 0.026713
0 0.639859 0.104120 0.017681 0.022624
0 0.701903 0.098085 0.017611 0.022820
0 0.904667 0.554520 0.016995 0.020038
0 0.444349 0.680694 0.020686 0.022444
0 0.564082 0.158148 0.015974 0.021759
0 0.097910 0.282291 0.016319 0.019471
0 0.483779 0.263374 0.017821 0.022020
0 0.410595 0.343676 0.015045 0.018507
0 0.916175 0.894836 0.015330 0.019841
0 0.894702 0.907293 0.017538 0.018807
0 0.529747 0.058640 0.017118 0.020405
