0 0.556374 0.524316 0.026471 0.035699
0 0.704148 0.272778 0.015525 0.021049
0 0.451739 0.413226 0.018545 0.023715
0 0.249366 0.387836 0.016907 0.021123
0 0.211554 0.323338 0.020761 0.027555
0 0.234383 0.645884 0.017564 0.021118
0 0.982679 0.648991 0.017763 0.022415
0 0.764881 0.713961 0.017634 0.022403
0 0.701698 0.737958 0.016007 0.020251
0 0.699562 0.764255 0.016275 0.020517
0 0.926648 0.773319 0.014852 0.020270
0 0.361020 0.825824 0.015129 0.019100
0 0.720655 0.255129 0.015797 0.022180
0 0.973731 0.469640 0.016041 0.019358
0 0.895384 0.706284 0.014754 0.017943
0 0.237383 0.315053 0.017329 0.026295
0 0.428721 0.427687 0.016609 0.020052
0 0.680588 0.122677 0.017176 0.021608
0 0.077788 0.349631 0.016206 0.022065
0 0.149034 0.445022 0.018226 0.025120
0 0.824945 0.943444 0.013260 0.017953
0 0.970187 0.620799 0.015749 0.021259
0 0.432865 0.754139 0.016873 0.021790
0 0.166094 0.021279 0.017211 0.022831
0 0.719958 0.750928 0.015546 0.020529
0 0.348043 0.809885 0.015110 0.019230
0 0.563352 0.364890 0.015308 0.018559
0 0.945173 0.340714 0.019060 0.021754
0 0.305016 0.580200 0.018342 0.020840
0 0.969123 0.295233 0.016962 0.022072
0 0.384604 0.844959 0.015705 0.021036
0 0.048133 0.354748 0.018227 0.022810
0 0.071594 0.285027 0.015776 0.018137
0 0.402930 0.237829 0.018705 0.022993
0 0.769747 0.529036 0.016722 0.020916
0 0.231057 0.368829 0.016079 0.022693
0 0.335076 0.290505 0.018140 0.021044
0 0.405077 0.349467 0.016543 0.020700
0 0.374918 0.659243 0.017879 0.023604
0 0.438460 0.916564 0.016173 0.021449
0 0.796942 0.823128 0.018081 0.023142
0 0.080381 0.251090 0.015656 0.019857
0 0.145163 0.114577 0.016168 0.020753
0 0.903132 0.773983 0.018473 0.024850
0 0.605757 0.964013 0.013270 0.017105
0 0.898804 0.468571 0.016705 0.018927
0 0.136166 0.362536 0.016274 0.021892
0 0.676847 0.961177 0.016620 0.021424
0 0.417491 0.549509 0.017819 0.022615
0 0.348534 0.544219 0.015806 0.019615
0 0.879315 0.810551 0.014219 0.017213
0 0.995947 0.778084 0.008105 0.022669
0 0.731836 0.987124 0.016306 0.018925
0 0.246409 0.676972 0.017273 0.020262
0 0.413757 0.089708 0.019487 0.025067
0 0.490374 0.459732 0.017538 0.023203
0 0.858352 0.990183 0.015882 0.016361
0 0.634939 0.656596 0.017197 0.020373
0 0.434524 0.245379 0.015443 0.019807
0 0.349562 0.734641 0.022153 0.022405
0 0.948296 0.756364 0.014088 0.020137
0 0.074724 0.175117 0.015785 0.019718
0 0.941127 0.813721 0.015780 0.019424
0 0.555794 0.312156 0.019531 0.023995
0 0.620417 0.060159 0.018153 0.022333
0 0.083076 0.910937 0.018044 0.023621
0 0.253382 0.524257 0.016726 0.020669
0 0.323402 0.424820 0.020297 0.023252
0 0.962185 0.180071 0.013868 0.017241
0 0.807984 0.955732 0.015318 0.018566
0 0.683291 0.286357 0.015381 0.019878
0 0.598028 0.185862 0.017632 0.020513
0 0.664933 0.116180 0.012925 0.018853
0 0.780064 0.456826 0.017912 0.026736
0 0.935950 0.316271 0.017195 0.018881
0 0.319834 0.097309 0.017437 0.021722
0 0.437635 0.619503 0.018014 0.021989
0 0.360881 0.933035 0.018997 0.025092
0 0.950264 0.684029 0.015076 0.018757
0 0.564528 0.696475 0.016760 0.020015
0 0.314503 0.554457 0.016443 0.020433
0 0.884043 0.252501 0.017690 0.022927
0 0.778427 0.008007 0.015246 0.012937
0 0.932604 0.878262 0.015023 0.018839
0 0.262988 0.952363 0.016868 0.019872
0 0.947263 0.477889 0.014960 0.018145
0 0.960968 0.969051 0.016886 0.022108
0 0.688299 0.713279 0.019347 0.021182
0 0.476563 0.305479 0.016437 0.019875
0 0.602855 0.860717 0.018750 0.022786
0 0.231323 0.797919 0.015553 0.019951
0 0.864990 0.334502 0.017426 0.022579
0 0.896167 0.152903 0.015703 0.019324
0 0.797766 0.507120 0.016136 0.019334
0 0.912802 0.455242 0.014017 0.016922
0 0.177659 0.510763 0.014786 0.018058
0 0.324089 0.014918 0.013904 0.017377
0 0.049072 0.385236 0.013429 0.017594
0 0.200112 0.674186 0.015022 0.019231
0 0.216620 0.451019 0.016926 0.020458
0 0.361409 0.468884 0.016068 0.019737
0 0.945056 0.456969 0.014680 0.016744
0 0.695669 0.057529 0.017123 0.019085
0 0.419522 0.860086 0.016630 0.020984
0 0.888475 0.399606 0.016806 0.017934
0 0.849485 0.569818 0.018879 0.023245
0 0.701882 0.249192 0.011203 0.015415
0 0.124931 0.556438 0.019453 0.020842
0 0.964459 0.150372 0.016045 0.019861
0 0.557919 0.980120 0.015876 0.018952
0 0.553676 0.444020 0.017404 0.024551
0 0.385598 0.305746 0.013627 0.016699
0 0.020215 0.851423 0.018085 0.023566
0 0.301342 0.047730 0.016844 0.021355
0 0.715974 0.917190 0.014978 0.018098
0 0.425233 0.466678 0.016287 0.018538
0 0.295765 0.128105 0.016696 0.021136
0 0.993892 0.161661 0.012205 0.017836
0 0.753219 0.652737 0.015223 0.020435
0 0.257633 0.918473 0.014844 0.017805
0 0.042756 0.548706 0.011612 0.014518
0 0.667564 0.533128 0.019946 0.023753
0 0.424113 0.152038 0.017476 0.021737
0 0.906576 0.731470 0.015702 0.018899
0 0.367374 0.007993 0.016424 0.014286
0 0.934508 0.993594 0.014527 0.012811
0 0.535741 0.431864 0.015013 0.019947
0 0.060609 0.419189 0.015066 0.018671
0 0.200197 0.561605 0.013801 0.016931
0 0.856838 0.927325 0.019828 0.035456
0 0.734115 0.988683 0.019872 0.018665
0 0.518273 0.742458 0.015536 0.019766
0 0.233811 0.640638 0.018965 0.031955
0 0.359601 0.472147 0.019171 0.024821
0 0.856196 0.934436 0.019111 0.023365
0 0.837745 0.081317 0.011870 0.014916
0 0.857525 0.921961 0.018073 0.025050
0 0.605166 0.840495 0.012349 0.012898
0 0.111489 0.475533 0.014954 0.020208
0 0.114543 0.651274 0.014709 0.016687
0 0.417593 0.751130 0.011637 0.020376
0 0.957986 0.755347 0.019704 0.021346
0 0.943051 0.793458 0.015808 0.017678
0 0.266075 0.116125 0.015507 0.017961
0 0.352957 0.483932 0.013929 0.015860
0 0.611030 0.314549 0.011705 0.014839
0 0.961777 0.755727 0.013584 0.020191
0 0.934910 0.442193 0.014091 0.016710
0 0.297844 0.282883 0.016246 0.018090
0 0.525490 0.577866 0.011365 0.012376
0 0.250477 0.661112 0.016250 0.017516
0 0.961124 0.964757 0.018646 0.028706
0 0.059978 0.370845 0.012612 0.015739
0 0.966861 0.148914 0.017044 0.020168
0 0.951078 0.755442 0.020994 0.021474
0 0.317236 0.559616 0.019623 0.027248
0 0.410627 0.849507 0.014905 0.020375
0 0.150206 0.018223 0.012626 0.021842
0 0.729346 0.262631 0.016582 0.023899
