0 0.205126 0.724882 0.026640 0.034309
0 0.325378 0.271706 0.016951 0.020372
0 0.315869 0.374172 0.029183 0.032930
0 0.106451 0.874634 0.024836 0.029299
0 0.325619 0.165845 0.018476 0.021224
0 0.869375 0.659762 0.018546 0.024623
0 0.189114 0.517380 0.016520 0.022873
0 0.146441 0.291586 0.018768 0.023016
0 0.938477 0.892674 0.020411 0.022867
0 0.107945 0.681907 0.021487 0.026848
0 0.047580 0.191189 0.021932 0.027591
0 0.095860 0.388184 0.023944 0.026443
0 0.346532 0.907757 0.020242 0.025278
0 0.501915 0.158791 0.020131 0.024963
0 0.123492 0.844644 0.023032 0.026370
0 0.259480 0.564857 0.017230 0.027249
0 0.789478 0.388406 0.022713 0.023043
0 0.207647 0.335679 0.015938 0.021730
0 0.925905 0.912646 0.015965 0.019328
0 0.796897 0.245101 0.019904 0.024604
0 0.819117 0.882238 0.021767 0.026011
0 0.891622 0.880127 0.020441 0.022933
0 0.911531 0.296012 0.021749 0.034416
0 0.188489 0.347420 0.016664 0.022109
0 0.390569 0.359062 0.017729 0.021432
0 0.503501 0.427392 0.021995 0.027927
0 0.330642 0.122954 0.019534 0.023724
0 0.355219 0.306146 0.014620 0.019787
0 0.103648 0.495321 0.018266 0.020323
0 0.078067 0.514837 0.017955 0.021963
0 0.890305 0.645000 0.017865 0.022533
0 0.921585 0.814237 0.019173 0.026772
0 0.080851 0.486113 0.018153 0.022090
0 0.338800 0.293001 0.018069 0.020538
0 0.095605 0.310220 0.019179 0.023847
0 0.160553 0.360259 0.018046 0.023309
0 0.911843 0.929033 0.018961 0.022213
0 0.955131 0.606591 0.022177 0.027733
0 0.503387 0.223103 0.020170 0.026715
0 0.599337 0.144659 0.017289 0.021858
0 0.778545 0.730005 0.021233 0.027149
0 0.176964 0.904667 0.021470 0.027255
0 0.133364 0.957474 0.019358 0.022583
0 0.539089 0.418038 0.019124 0.023748
0 0.536244 0.627365 0.019678 0.025887
0 0.360241 0.113200 0.017442 0.023840
0 0.306319 0.286785 0.015676 0.019866
0 0.325618 0.434581 0.019220 0.023773
0 0.336263 0.249768 0.020380 0.021474
0 0.331770 0.859697 0.022554 0.023699
0 0.553796 0.704142 0.020241 0.022994
0 0.276786 0.694446 0.018963 0.024062
0 0.466370 0.322179 0.019926 0.022288
0 0.766490 0.861226 0.017400 0.022388
0 0.075757 0.448732 0.017354 0.021897
0 0.418693 0.737315 0.019714 0.023345
0 0.987753 0.495914 0.021230 0.025534
0 0.921545 0.120517 0.020478 0.025928
0 0.490822 0.487683 0.018175 0.022221
0 0.578443 0.070515 0.022990 0.025345
0 0.010327 0.499600 0.018013 0.021412
0 0.849065 0.601484 0.019393 0.023014
0 0.628895 0.157021 0.018018 0.023483
0 0.281799 0.743253 0.019201 0.027886
0 0.955578 0.007824 0.018861 0.014746
0 0.772096 0.247710 0.017559 0.019679
0 0.404878 0.504229 0.017530 0.024148
0 0.382671 0.079409 0.017240 0.021792
0 0.266408 0.133171 0.017262 0.023983
0 0.120959 0.291720 0.016152 0.020702
0 0.610973 0.760930 0.017674 0.022466
0 0.450978 0.677180 0.018582 0.026406
0 0.153342 0.748706 0.017515 0.021923
0 0.217619 0.774784 0.018512 0.023088
0 0.570011 0.160754 0.019342 0.023122
0 0.113929 0.439451 0.017163 0.020698
0 0.906270 0.430208 0.020695 0.025622
0 0.887669 0.246799 0.020219 0.023471
0 0.614531 0.056381 0.019773 0.024155
0 0.188261 0.860563 0.018169 0.022643
0 0.685237 0.319332 0.018296 0.023990
0 0.341948 0.185483 0.017499 0.022195
0 0.242852 0.893783 0.020398 0.023584
0 0.438363 0.544332 0.018110 0.021919
0 0.251695 0.037939 0.019130 0.023611
0 0.713761 0.777255 0.019758 0.024898
0 0.309066 0.091965 0.017936 0.022034
0 0.355644 0.259152 0.015017 0.019779
0 0.868836 0.407773 0.017446 0.021332
0 0.297198 0.402627 0.016113 0.021878
0 0.278284 0.368134 0.016853 0.020281
0 0.537144 0.361671 0.018414 0.022591
0 0.650493 0.040044 0.018991 0.022794
0 0.018445 0.273420 0.018292 0.021780
0 0.487802 0.257957 0.016662 0.020730
0 0.338082 0.334132 0.017344 0.021527
0 0.166400 0.531549 0.024821 0.022147
0 0.601802 0.214279 0.018994 0.022356
0 0.285437 0.583448 0.015139 0.018431
0 0.956874 0.689370 0.018770 0.021680
0 0.803639 0.325028 0.017474 0.021432
0 0.824378 0.096596 0.019407 0.023171
0 0.791438 0.216950 0.016507 0.020763
0 0.308030 0.793733 0.016844 0.020544
0 0.043522 0.854272 0.017355 0.022078
0 0.071517 0.038642 0.048772 0.059594
0 0.958416 0.825940 0.018064 0.020049
0 0.755325 0.349119 0.016990 0.020501
0 0.497429 0.110855 0.014157 0.017880
0 0.590141 0.403244 0.017596 0.021036
0 0.765651 0.224659 0.015363 0.024803
0 0.091704 0.783313 0.016849 0.019968
0 0.134512 0.315483 0.015263 0.018343
0 0.411768 0.343417 0.013541 0.016164
0 0.510019 0.126222 0.013546 0.016995
0 0.596566 0.191082 0.017240 0.018539
0 0.933787 0.006682 0.015064 0.011419
0 0.906258 0.903147 0.016199 0.020637
