0 0.702985 0.273193 0.015802 0.022735
0 0.719576 0.254041 0.015183 0.020195
0 0.146251 0.144965 0.019684 0.025213
0 0.937814 0.837357 0.018815 0.022645
0 0.365159 0.816687 0.016157 0.020236
0 0.433705 0.247942 0.015075 0.019670
0 0.163837 0.022014 0.018718 0.021572
0 0.337617 0.254517 0.017288 0.022233
0 0.411920 0.132648 0.014689 0.019779
0 0.805921 0.558833 0.015742 0.019709
0 0.049069 0.059779 0.015178 0.018681
0 0.438580 0.440887 0.015928 0.020596
0 0.646560 0.511493 0.016879 0.022021
0 0.311380 0.511705 0.017101 0.021343
0 0.938794 0.086943 0.014111 0.017675
0 0.926283 0.669748 0.015650 0.018542
0 0.711133 0.713432 0.017772 0.021875
0 0.899837 0.465393 0.014613 0.018582
0 0.812770 0.968546 0.016936 0.019868
0 0.603784 0.859748 0.015432 0.021551
0 0.659884 0.791334 0.015617 0.020241
0 0.398274 0.744137 0.015234 0.019675
0 0.776832 0.568289 0.013773 0.017291
0 0.451453 0.858622 0.011816 0.014998
0 0.904322 0.731125 0.014363 0.018628
0 0.943945 0.457265 0.015108 0.017703
0 0.121181 0.472390 0.015794 0.018568
0 0.642322 0.977966 0.014695 0.017723
0 0.752078 0.868219 0.015129 0.019265
0 0.958099 0.915284 0.014133 0.018048
0 0.808099 0.870198 0.017386 0.022852
0 0.044688 0.384055 0.013547 0.019148
0 0.623883 0.505561 0.016840 0.021221
0 0.723604 0.291139 0.017045 0.021662
0 0.545214 0.453900 0.023927 0.029007
0 0.585320 0.878555 0.018080 0.022085
0 0.135486 0.661792 0.015495 0.019404
0 0.974430 0.944544 0.015947 0.019445
0 0.153302 0.484180 0.015736 0.020458
0 0.781647 0.835383 0.015703 0.019631
0 0.941345 0.421824 0.014583 0.017465
0 0.009075 0.104159 0.014219 0.016962
0 0.304993 0.577415 0.019093 0.020647
0 0.939125 0.810874 0.017375 0.019389
0 0.417173 0.854929 0.015028 0.018683
0 0.960492 0.442490 0.014180 0.020714
0 0.266997 0.788029 0.015796 0.019603
0 0.698533 0.761384 0.015785 0.020053
0 0.932055 0.877872 0.014041 0.018040
0 0.413774 0.092586 0.016633 0.020789
0 0.903826 0.704227 0.013859 0.018452
0 0.417701 0.551167 0.015178 0.019968
0 0.782223 0.717287 0.013867 0.018014
0 0.942605 0.330952 0.016210 0.020260
0 0.403138 0.642395 0.016750 0.022714
0 0.135610 0.359846 0.016897 0.020614
0 0.386881 0.840080 0.014665 0.018337
0 0.983384 0.649731 0.017767 0.023274
0 0.273804 0.763263 0.017911 0.019688
0 0.580309 0.984243 0.013422 0.017799
0 0.012632 0.681962 0.013643 0.017439
0 0.845902 0.568146 0.015595 0.020033
0 0.777836 0.106847 0.016075 0.020148
0 0.996716 0.579011 0.006569 0.022700
0 0.965607 0.972236 0.016114 0.019370
0 0.679107 0.961976 0.016686 0.020782
0 0.348368 0.727898 0.015650 0.021084
0 0.459145 0.460006 0.015398 0.021101
0 0.237096 0.667691 0.015430 0.018476
0 0.199050 0.707193 0.015123 0.018505
0 0.439780 0.545004 0.014784 0.019574
0 0.487078 0.461426 0.015402 0.019398
0 0.024913 0.340047 0.011009 0.014261
0 0.250184 0.386943 0.015750 0.019653
0 0.535608 0.130967 0.010912 0.014070
0 0.120575 0.841831 0.014749 0.018651
0 0.308805 0.186722 0.015953 0.020925
0 0.804772 0.752936 0.018122 0.021756
0 0.622284 0.249126 0.014357 0.016451
0 0.898167 0.679757 0.013774 0.016050
0 0.328783 0.291650 0.015238 0.019787
0 0.533822 0.533944 0.015355 0.018888
0 0.359678 0.468652 0.016602 0.019621
0 0.139297 0.633146 0.013718 0.017002
0 0.214085 0.452445 0.015337 0.017547
0 0.726343 0.966791 0.017511 0.021292
0 0.244590 0.517880 0.016866 0.021069
0 0.557632 0.318561 0.019604 0.024904
0 0.056658 0.351688 0.013588 0.015649
0 0.684621 0.288257 0.013363 0.018918
0 0.746132 0.576372 0.013858 0.017298
0 0.144586 0.113475 0.014960 0.018653
0 0.944084 0.296689 0.016460 0.020245
0 0.934670 0.931241 0.014654 0.018113
0 0.369106 0.007999 0.014495 0.013530
0 0.972735 0.198147 0.014232 0.017922
0 0.799673 0.824520 0.015127 0.016376
0 0.830218 0.381404 0.016659 0.020768
0 0.588298 0.167835 0.016401 0.018518
0 0.087202 0.423243 0.013125 0.015476
0 0.920325 0.098050 0.013900 0.018173
0 0.995300 0.773446 0.009400 0.023097
0 0.153912 0.443264 0.014304 0.017289
0 0.801263 0.251345 0.015511 0.016195
0 0.868552 0.708227 0.019320 0.020755
0 0.610374 0.479034 0.018494 0.023108
0 0.478072 0.304303 0.015649 0.019422
0 0.751516 0.962974 0.013671 0.015619
0 0.728721 0.119324 0.015118 0.020576
0 0.517732 0.744146 0.013315 0.017707
0 0.655433 0.748968 0.015147 0.020155
0 0.354608 0.543812 0.013963 0.017901
0 0.833497 0.011887 0.015473 0.020166
0 0.983473 0.453594 0.017308 0.020973
0 0.607041 0.301224 0.013816 0.016776
0 0.915299 0.497168 0.017752 0.020954
0 0.622380 0.057061 0.016817 0.020759
0 0.076487 0.243611 0.014754 0.019355
0 0.460178 0.261960 0.015661 0.021624
0 0.813451 0.851168 0.014629 0.015838
0 0.698765 0.249296 0.012276 0.014308
0 0.555308 0.596935 0.012600 0.015504
0 0.960325 0.181892 0.013171 0.015690
0 0.691475 0.713343 0.013429 0.019588
0 0.226705 0.300728 0.019519 0.021384
0 0.302659 0.053999 0.015027 0.018805
0 0.080918 0.283350 0.014578 0.018135
0 0.346095 0.811743 0.013970 0.021608
0 0.901073 0.769884 0.014441 0.017535
0 0.920057 0.460339 0.012876 0.016921
0 0.336140 0.935930 0.017591 0.020826
0 0.388532 0.095008 0.014661 0.020631
0 0.337508 0.938794 0.020530 0.024495
0 0.242554 0.254637 0.017453 0.019547
0 0.421392 0.470275 0.013453 0.016519
0 0.299889 0.285432 0.013575 0.018227
0 0.555319 0.981091 0.015584 0.020467
0 0.080740 0.550211 0.014866 0.020604
0 0.064687 0.485418 0.016656 0.019719
0 0.695982 0.057817 0.014489 0.019751
0 0.887833 0.358640 0.014868 0.018774
0 0.948417 0.682864 0.015102 0.020583
0 0.334216 0.548002 0.013928 0.016752
0 0.743410 0.979721 0.012205 0.014432
0 0.747204 0.248924 0.014879 0.016407
0 0.340854 0.941224 0.018468 0.026648
0 0.402767 0.973187 0.013492 0.016873
0 0.835980 0.011197 0.015331 0.019643
0 0.779458 0.462255 0.015444 0.018216
0 0.328387 0.031947 0.013966 0.018522
0 0.223260 0.368332 0.015236 0.016818
0 0.294509 0.127463 0.013447 0.016970
0 0.311464 0.515048 0.018158 0.030047
0 0.386968 0.839658 0.018507 0.022984
0 0.313994 0.101026 0.014886 0.018347
0 0.718546 0.694498 0.015179 0.018258
0 0.066527 0.481292 0.015736 0.022918
0 0.443207 0.613399 0.014696 0.017898
0 0.961816 0.405978 0.014045 0.016182
0 0.833652 0.811794 0.013784 0.019434
