0 0.282136 0.387362 0.018900 0.023281
0 0.815622 0.259279 0.015887 0.024343
0 0.631890 0.947549 0.020346 0.025497
0 0.736484 0.197214 0.017414 0.022850
0 0.515701 0.966884 0.020461 0.028189
0 0.044531 0.903987 0.015563 0.017605
0 0.818253 0.871638 0.017674 0.021582
0 0.251744 0.468877 0.019858 0.024585
0 0.384683 0.649065 0.014609 0.019182
0 0.789627 0.657899 0.017853 0.020772
0 0.757529 0.881115 0.020692 0.022491
0 0.601707 0.680274 0.017483 0.021919
0 0.630172 0.667244 0.016105 0.020279
0 0.080985 0.796056 0.018342 0.023951
0 0.009662 0.056842 0.018190 0.019608
0 0.482932 0.133433 0.018927 0.025747
0 0.856568 0.518893 0.018907 0.022605
0 0.741819 0.959575 0.018319 0.019774
0 0.518352 0.065499 0.016509 0.019769
0 0.981893 0.723410 0.017299 0.020945
0 0.247430 0.519604 0.016705 0.021596
0 0.069069 0.927940 0.016593 0.021531
0 0.192337 0.937542 0.016869 0.021168
0 0.470039 0.905799 0.019004 0.024288
0 0.466945 0.676711 0.017284 0.021303
0 0.084277 0.491475 0.018495 0.022884
0 0.668281 0.138837 0.024338 0.024800
0 0.123992 0.167964 0.020592 0.023576
0 0.757825 0.052308 0.018183 0.022095
0 0.811611 0.642795 0.017914 0.022809
0 0.460242 0.133836 0.016326 0.021886
0 0.046319 0.070588 0.018257 0.022487
0 0.981658 0.878577 0.019864 0.023122
0 0.214490 0.958278 0.017222 0.021042
0 0.680665 0.695871 0.019083 0.021756
0 0.519176 0.625445 0.016485 0.020625
0 0.536405 0.435412 0.015988 0.020512
0 0.326691 0.827805 0.016084 0.020521
0 0.509734 0.286803 0.018285 0.024614
0 0.812800 0.405172 0.017890 0.021141
0 0.853282 0.546903 0.019090 0.022799
0 0.218367 0.230287 0.017457 0.021659
0 0.852656 0.672443 0.018370 0.021805
0 0.038514 0.934912 0.018168 0.024560
0 0.176270 0.250127 0.015494 0.019240
0 0.330677 0.102771 0.017303 0.021572
0 0.877937 0.651001 0.016642 0.019970
0 0.659781 0.676138 0.016027 0.022218
0 0.551206 0.048506 0.014119 0.017303
0 0.111065 0.539194 0.017183 0.023306
0 0.388909 0.086498 0.016154 0.021541
0 0.812466 0.062990 0.012826 0.019150
0 0.380142 0.037759 0.015614 0.020419
0 0.708217 0.587046 0.017054 0.020906
0 0.459184 0.954134 0.018089 0.021121
0 0.314150 0.041150 0.015759 0.021951
0 0.303996 0.827349 0.017192 0.022250
0 0.889950 0.099709 0.016911 0.023662
0 0.772142 0.970299 0.015984 0.020069
0 0.784767 0.834334 0.016284 0.020616
0 0.020593 0.896526 0.015619 0.020143
0 0.833324 0.034061 0.013809 0.016039
0 0.277734 0.453361 0.018647 0.022631
0 0.480036 0.608174 0.016260 0.021138
0 0.826372 0.904433 0.017259 0.022455
0 0.134716 0.133024 0.016945 0.020990
0 0.071780 0.040568 0.018778 0.022802
0 0.981162 0.243925 0.019234 0.023977
0 0.845773 0.476549 0.012353 0.016085
0 0.133731 0.235010 0.017857 0.022814
0 0.944914 0.514430 0.018390 0.021755
0 0.370958 0.831602 0.020431 0.024956
0 0.290598 0.021161 0.017289 0.020956
0 0.120077 0.490650 0.018752 0.023181
0 0.005036 0.092603 0.010072 0.021371
0 0.427113 0.042327 0.018355 0.022549
0 0.211639 0.319763 0.016987 0.019967
0 0.368527 0.641586 0.014515 0.020035
0 0.792250 0.269700 0.014570 0.019025
0 0.674732 0.991045 0.016149 0.015517
0 0.330762 0.876691 0.018598 0.021418
0 0.820548 0.968016 0.017925 0.021422
0 0.463280 0.872657 0.014257 0.017918
0 0.935643 0.889844 0.015178 0.018749
0 0.575372 0.690521 0.016151 0.021040
0 0.314193 0.015541 0.015738 0.020955
0 0.823307 0.720353 0.016139 0.020649
0 0.797258 0.783169 0.018535 0.022326
0 0.430712 0.128104 0.016959 0.021311
0 0.631079 0.078715 0.015046 0.019581
0 0.753209 0.569790 0.017656 0.023929
0 0.671359 0.820080 0.014108 0.017604
0 0.715753 0.541565 0.017318 0.022737
0 0.642014 0.006927 0.016183 0.012886
0 0.007543 0.498945 0.015086 0.019543
0 0.653102 0.056676 0.016098 0.021361
0 0.400900 0.516928 0.014482 0.018879
0 0.073980 0.073298 0.016578 0.025862
0 0.182328 0.664147 0.017243 0.022915
0 0.657244 0.603282 0.018775 0.025679
0 0.842918 0.967633 0.015971 0.019837
0 0.824939 0.580832 0.014966 0.018125
0 0.401724 0.007444 0.013226 0.013550
0 0.541224 0.338982 0.018101 0.020365
0 0.028365 0.008510 0.014820 0.014835
0 0.635699 0.383753 0.016814 0.020760
0 0.909958 0.136505 0.016263 0.020484
0 0.225859 0.512126 0.018389 0.026486
0 0.671489 0.140660 0.021148 0.022920
0 0.629015 0.783707 0.017092 0.026352
0 0.719075 0.255580 0.016808 0.020981
0 0.314796 0.532763 0.011363 0.015972
0 0.493056 0.547578 0.017528 0.020797
0 0.003084 0.208176 0.006168 0.015950
0 0.872950 0.920470 0.017038 0.021560
0 0.018169 0.475666 0.017297 0.021149
0 0.738896 0.588503 0.016198 0.019181
0 0.582572 0.356709 0.017724 0.022160
0 0.949078 0.205871 0.014108 0.017245
0 0.804971 0.985605 0.014658 0.019422
0 0.248555 0.967105 0.016253 0.021023
0 0.996712 0.382875 0.006575 0.020926
0 0.743890 0.517058 0.013094 0.016082
0 0.331966 0.047713 0.013964 0.020154
0 0.365338 0.951960 0.013959 0.017791
0 0.376798 0.007209 0.015101 0.013746
0 0.400414 0.679778 0.015427 0.017108
0 0.891677 0.989232 0.016982 0.018038
0 0.184314 0.338106 0.016205 0.020762
0 0.497602 0.385980 0.015990 0.021464
0 0.298078 0.098765 0.016960 0.020508
0 0.833712 0.007667 0.016015 0.014515
0 0.011116 0.655767 0.017438 0.019253
0 0.092983 0.944530 0.016786 0.020617
0 0.352242 0.037603 0.015682 0.018003
0 0.454132 0.261549 0.018432 0.023010
0 0.425354 0.658029 0.015375 0.019155
0 0.148191 0.935507 0.018576 0.022364
0 0.843089 0.021185 0.010752 0.012874
0 0.022742 0.690540 0.016376 0.019845
0 0.207703 0.295427 0.012758 0.014409
0 0.424441 0.905606 0.013107 0.015032
0 0.089698 0.851470 0.017924 0.023295
0 0.660339 0.536712 0.017731 0.021715
0 0.364256 0.974973 0.015886 0.019237
0 0.032956 0.745401 0.017474 0.021289
0 0.372639 0.432449 0.013859 0.016790
0 0.657118 0.840713 0.016649 0.021292
0 0.003459 0.121675 0.006918 0.021149
0 0.084216 0.923305 0.010623 0.016037
0 0.036770 0.874762 0.014404 0.018184
0 0.462529 0.358552 0.014468 0.019597
0 0.877837 0.013914 0.012040 0.018540
0 0.689164 0.026427 0.014911 0.019943
0 0.610001 0.113240 0.018443 0.022382
0 0.193577 0.634958 0.012105 0.014245
0 0.048862 0.110129 0.017161 0.018364
0 0.558488 0.451178 0.013001 0.017717
0 0.085170 0.568606 0.012594 0.015279
0 0.504625 0.468893 0.012687 0.017128
0 0.715145 0.979578 0.012329 0.015757
0 0.253169 0.793115 0.016738 0.023209
0 0.816681 0.044375 0.010937 0.014076
0 0.242127 0.610562 0.016950 0.019990
0 0.529215 0.992809 0.015905 0.014377
0 0.844671 0.058965 0.015065 0.020265
0 0.519111 0.692503 0.015788 0.021273
0 0.288856 0.565031 0.015837 0.019290
0 0.294152 0.660832 0.013236 0.015576
0 0.221381 0.008466 0.012619 0.014344
0 0.109804 0.061703 0.015116 0.018135
0 0.539181 0.896861 0.014348 0.016259
0 0.782207 0.071855 0.017257 0.020806
0 0.510245 0.669576 0.012978 0.014705
0 0.518730 0.117203 0.013680 0.014704
0 0.431414 0.322383 0.011048 0.013921
0 0.058680 0.504186 0.013770 0.017818
0 0.165956 0.127903 0.013620 0.016770
0 0.872902 0.055692 0.011989 0.015230
0 0.446290 0.005415 0.013795 0.010830
0 0.620678 0.099351 0.010710 0.014964
0 0.659628 0.186148 0.011135 0.013447
0 0.164255 0.990191 0.017001 0.015620
0 0.832281 0.247730 0.012091 0.016439
0 0.766769 0.849521 0.012089 0.015408
0 0.465394 0.830875 0.012484 0.014360
0 0.086210 0.851887 0.017739 0.023768
0 0.551013 0.047632 0.016831 0.021912
0 0.336606 0.011958 0.014092 0.019672
0 0.764751 0.945984 0.010396 0.012146
0 0.427266 0.188702 0.011875 0.017107
0 0.048801 0.136416 0.012644 0.016851
0 0.561808 0.247093 0.012811 0.014921
0 0.652901 0.026573 0.012411 0.015664
