0 0.234455 0.553978 0.019290 0.024169
0 0.912898 0.883977 0.017569 0.021456
0 0.145265 0.916235 0.016361 0.020987
0 0.081866 0.904094 0.015534 0.019626
0 0.316220 0.274649 0.014100 0.019334
0 0.716721 0.528792 0.019528 0.023739
0 0.217443 0.011765 0.019002 0.021150
0 0.345335 0.259451 0.020005 0.025725
0 0.984727 0.404451 0.019526 0.024677
0 0.009772 0.148308 0.014552 0.016560
0 0.032808 0.320807 0.017714 0.022079
0 0.823858 0.314067 0.022043 0.026498
0 0.441267 0.314620 0.017063 0.021429
0 0.007182 0.736960 0.014365 0.022729
0 0.314642 0.751475 0.016011 0.020213
0 0.707250 0.082737 0.019824 0.027167
0 0.827435 0.527782 0.019289 0.024275
0 0.976345 0.295669 0.020692 0.022624
0 0.262718 0.738514 0.014766 0.019957
0 0.679191 0.070916 0.018667 0.025056
0 0.820528 0.990129 0.018277 0.017069
0 0.629093 0.259107 0.017433 0.022001
0 0.318517 0.398466 0.017528 0.022147
0 0.325516 0.053674 0.018197 0.022767
0 0.237144 0.740065 0.015013 0.021457
0 0.086772 0.506291 0.019868 0.022402
0 0.212601 0.784999 0.018120 0.020964
0 0.169668 0.118916 0.016426 0.019498
0 0.121202 0.910367 0.017246 0.021548
0 0.866172 0.880220 0.018013 0.021388
0 0.157603 0.888763 0.020192 0.025827
0 0.935178 0.403919 0.016419 0.020143
0 0.416388 0.090964 0.016688 0.021829
0 0.713161 0.269395 0.015477 0.021086
0 0.769741 0.209665 0.017359 0.018643
0 0.042059 0.415970 0.016670 0.021223
0 0.330806 0.294355 0.015448 0.020963
0 0.208510 0.741822 0.016600 0.019279
0 0.359010 0.456375 0.014654 0.018325
0 0.167264 0.320136 0.025000 0.025536
0 0.686069 0.314152 0.020536 0.028106
0 0.519829 0.407189 0.017964 0.023204
0 0.028738 0.931478 0.016027 0.019914
0 0.637115 0.356467 0.016385 0.020336
0 0.330992 0.811973 0.017019 0.021765
0 0.434467 0.447271 0.017798 0.021603
0 0.477303 0.463287 0.018655 0.023246
0 0.364373 0.169336 0.017933 0.021440
0 0.122484 0.752181 0.016379 0.020942
0 0.353387 0.352978 0.018960 0.021822
0 0.637649 0.300699 0.016559 0.021254
0 0.123502 0.805309 0.017204 0.022586
0 0.075737 0.271799 0.016579 0.019987
0 0.728008 0.400715 0.018238 0.021024
0 0.935594 0.221656 0.017122 0.022050
0 0.747553 0.750953 0.015856 0.019805
0 0.124771 0.279987 0.018447 0.023359
0 0.498187 0.718848 0.017166 0.022062
0 0.265312 0.148413 0.014474 0.016588
0 0.275937 0.808802 0.019558 0.024832
0 0.038793 0.989865 0.018037 0.017448
0 0.297648 0.259691 0.017315 0.022549
0 0.244570 0.455659 0.017848 0.021748
0 0.147220 0.777607 0.013703 0.019854
0 0.087426 0.865812 0.016031 0.019831
0 0.884462 0.418243 0.020475 0.024958
0 0.496358 0.084784 0.017656 0.020520
0 0.497321 0.191541 0.017983 0.023134
0 0.354270 0.887590 0.017111 0.020621
0 0.228319 0.135285 0.018297 0.020895
0 0.085082 0.159884 0.017685 0.021623
0 0.316682 0.240377 0.017030 0.020024
0 0.557424 0.150277 0.015209 0.018731
0 0.542339 0.657371 0.017261 0.020778
0 0.870484 0.630602 0.018376 0.022750
0 0.994687 0.080760 0.010626 0.021366
0 0.794971 0.869682 0.019595 0.024064
0 0.774739 0.233898 0.018332 0.022605
0 0.425829 0.673954 0.016191 0.019506
0 0.637842 0.505389 0.017917 0.021098
0 0.798309 0.083940 0.016760 0.020446
0 0.520557 0.691815 0.016871 0.023473
0 0.374900 0.622521 0.018212 0.022159
0 0.299713 0.152233 0.015986 0.019580
0 0.443259 0.651731 0.017442 0.037400
0 0.072808 0.303172 0.019055 0.023456
0 0.603093 0.152812 0.016303 0.020888
0 0.267808 0.576312 0.014990 0.018961
0 0.992548 0.241471 0.014650 0.020865
0 0.048127 0.199549 0.016714 0.023461
0 0.852565 0.237659 0.019055 0.021997
0 0.931135 0.677228 0.018340 0.021175
0 0.996736 0.607384 0.006529 0.021711
0 0.192857 0.717938 0.015695 0.025185
0 0.604531 0.966596 0.015069 0.019988
0 0.003289 0.027704 0.006540 0.023425
0 0.028910 0.178564 0.016385 0.021507
0 0.459037 0.005390 0.017013 0.010780
0 0.564834 0.005840 0.015388 0.011400
0 0.471400 0.253908 0.013612 0.018087
0 0.177142 0.710153 0.015756 0.021907
0 0.074819 0.305124 0.019672 0.022664
0 0.444702 0.663829 0.017891 0.023639
0 0.458765 0.004288 0.015801 0.008576
0 0.177082 0.724794 0.013765 0.017593
0 0.192222 0.715346 0.013542 0.021355
