0 0.912364 0.882681 0.016944 0.021138
0 0.249480 0.758656 0.018052 0.021774
0 0.952190 0.643374 0.016509 0.021605
0 0.223988 0.052398 0.017309 0.022014
0 0.805861 0.017395 0.021391 0.025809
0 0.794133 0.842474 0.019739 0.021690
0 0.484314 0.033706 0.017774 0.021517
0 0.035067 0.816291 0.017470 0.022482
0 0.236785 0.741284 0.015027 0.018948
0 0.811387 0.096621 0.017439 0.021949
0 0.881555 0.869244 0.016738 0.021758
0 0.087808 0.501785 0.019519 0.024337
0 0.768203 0.887991 0.017385 0.020759
0 0.156480 0.898886 0.018772 0.025255
0 0.051171 0.919394 0.019844 0.026360
0 0.225523 0.461845 0.019364 0.023976
0 0.955907 0.753380 0.017161 0.021627
0 0.091125 0.333801 0.014557 0.018908
0 0.667659 0.173839 0.020041 0.021473
0 0.982826 0.290322 0.018774 0.024523
0 0.212821 0.872992 0.025996 0.029307
0 0.052860 0.832256 0.016136 0.019910
0 0.119378 0.054946 0.017176 0.020347
0 0.018689 0.331967 0.016057 0.019346
0 0.248226 0.458703 0.014776 0.019631
0 0.051285 0.414780 0.016849 0.021925
0 0.212240 0.841062 0.021277 0.021040
0 0.128395 0.909195 0.016993 0.021198
0 0.232670 0.552715 0.018244 0.023556
0 0.764786 0.681134 0.015972 0.020400
0 0.129141 0.798968 0.015578 0.020279
0 0.242799 0.075404 0.018349 0.023040
0 0.214303 0.732087 0.015408 0.022635
0 0.413500 0.698759 0.016778 0.019853
0 0.425349 0.625987 0.017634 0.022302
0 0.605946 0.448379 0.016121 0.021446
0 0.282088 0.337409 0.016740 0.019643
0 0.373734 0.384273 0.015009 0.019805
0 0.145495 0.623601 0.014357 0.018478
0 0.096666 0.011181 0.013717 0.018142
0 0.151471 0.043091 0.018869 0.023759
0 0.995885 0.235116 0.008231 0.023110
0 0.065212 0.111361 0.018643 0.022435
0 0.603265 0.091898 0.015199 0.018391
0 0.802441 0.322569 0.016254 0.016319
0 0.247885 0.784753 0.016077 0.020620
0 0.343960 0.309083 0.015961 0.019931
0 0.826098 0.977470 0.018507 0.019835
0 0.025803 0.072032 0.017954 0.020452
0 0.505785 0.228891 0.016272 0.019522
0 0.518888 0.678857 0.015996 0.019112
0 0.552667 0.144127 0.014935 0.018404
0 0.113407 0.581131 0.017472 0.018649
0 0.334975 0.254185 0.013263 0.017929
0 0.775844 0.203976 0.016302 0.019413
0 0.776178 0.231773 0.015628 0.018333
0 0.311224 0.291897 0.016629 0.019111
0 0.419907 0.035654 0.013764 0.017229
0 0.228491 0.216416 0.014896 0.019054
0 0.399188 0.029984 0.018749 0.023526
0 0.840873 0.317165 0.012896 0.017313
0 0.399969 0.372199 0.014925 0.017329
0 0.602889 0.150838 0.012835 0.017194
0 0.522408 0.410114 0.019201 0.023748
0 0.215961 0.871444 0.022199 0.027526
0 0.353906 0.452159 0.015055 0.018674
0 0.302021 0.260522 0.014557 0.016834
0 0.306568 0.421347 0.013109 0.015814
0 0.716556 0.600163 0.017930 0.019990
0 0.291910 0.313279 0.016579 0.016760
0 0.668537 0.167796 0.019816 0.032985
0 0.301821 0.151272 0.014986 0.021119
0 0.645946 0.154402 0.014652 0.019443
0 0.790470 0.812907 0.020484 0.024187
0 0.090657 0.722869 0.017690 0.020318
0 0.230634 0.729580 0.012601 0.017283
0 0.434991 0.662990 0.014711 0.019226
0 0.041128 0.027456 0.013728 0.015181
0 0.545534 0.655133 0.014030 0.017860
0 0.806764 0.309876 0.017614 0.019813
0 0.720661 0.595597 0.015054 0.020006
0 0.819170 0.052629 0.013765 0.018238
0 0.093808 0.011147 0.017641 0.018724
0 0.408040 0.166461 0.013259 0.018733
0 0.643136 0.302102 0.014344 0.018814
0 0.058430 0.360274 0.014086 0.017662
