0 0.624018 0.945658 0.018532 0.025978
0 0.497789 0.183381 0.021319 0.026365
0 0.280975 0.384982 0.018972 0.024599
0 0.302763 0.823564 0.017291 0.022339
0 0.908638 0.992089 0.017847 0.015097
0 0.593182 0.127133 0.017495 0.020085
0 0.101671 0.612015 0.017637 0.022289
0 0.466078 0.678910 0.017399 0.022055
0 0.317908 0.058664 0.017956 0.020506
0 0.766390 0.796955 0.018838 0.023986
0 0.573510 0.578239 0.015099 0.017463
0 0.006749 0.670392 0.013498 0.019395
0 0.117700 0.488579 0.016609 0.022050
0 0.276166 0.516347 0.017897 0.024749
0 0.239447 0.024216 0.015040 0.018453
0 0.113963 0.549499 0.013861 0.018126
0 0.073079 0.647838 0.016609 0.020835
0 0.796447 0.215557 0.018161 0.023714
0 0.131098 0.232336 0.017294 0.023746
0 0.034165 0.933033 0.016935 0.022317
0 0.329769 0.818178 0.015815 0.020082
0 0.815328 0.868446 0.018899 0.023223
0 0.125132 0.170165 0.018615 0.022813
0 0.486830 0.063305 0.016056 0.021081
0 0.234487 0.935303 0.014576 0.019968
0 0.195952 0.873732 0.017922 0.023169
0 0.303990 0.036746 0.016792 0.018963
0 0.064923 0.201553 0.014868 0.020931
0 0.037626 0.979608 0.015553 0.018695
0 0.770038 0.946589 0.015516 0.019831
0 0.829028 0.286168 0.019495 0.021746
0 0.500839 0.874755 0.018224 0.022281
0 0.730499 0.535550 0.018592 0.023753
0 0.571636 0.933100 0.015740 0.019403
0 0.937750 0.889489 0.014154 0.020096
0 0.072981 0.807925 0.015954 0.019821
0 0.707964 0.156840 0.018823 0.024978
0 0.224708 0.197798 0.017255 0.022130
0 0.854893 0.100952 0.013618 0.018271
0 0.611863 0.614648 0.016408 0.020533
0 0.785555 0.653754 0.016285 0.020999
0 0.078027 0.930480 0.018567 0.022683
0 0.799271 0.959916 0.015852 0.019515
0 0.214735 0.227294 0.016645 0.020334
0 0.786839 0.746282 0.019516 0.024752
0 0.371949 0.637885 0.015228 0.014708
0 0.513798 0.965906 0.022389 0.027999
0 0.016349 0.134430 0.017934 0.023416
0 0.943236 0.969724 0.018633 0.020791
0 0.249578 0.467281 0.018535 0.025338
0 0.627252 0.075775 0.015122 0.018815
0 0.993170 0.237649 0.013660 0.022996
0 0.265225 0.896347 0.016561 0.020159
0 0.044977 0.502951 0.016650 0.020444
0 0.386472 0.084860 0.015890 0.020487
0 0.081566 0.340151 0.015535 0.020583
0 0.330136 0.039401 0.014352 0.018989
0 0.804308 0.619944 0.017629 0.021364
0 0.816821 0.674094 0.015824 0.021200
0 0.653452 0.682117 0.016378 0.021266
0 0.065052 0.045407 0.015955 0.023664
0 0.662110 0.605164 0.015420 0.017043
0 0.267824 0.279313 0.015473 0.017275
0 0.086273 0.304591 0.015287 0.020032
0 0.529436 0.434852 0.015657 0.020248
0 0.825364 0.524732 0.017514 0.022213
0 0.656107 0.121646 0.016645 0.022322
0 0.551891 0.598200 0.015146 0.018987
0 0.983148 0.673992 0.017414 0.022367
0 0.744678 0.114069 0.017168 0.021447
0 0.824648 0.040415 0.015375 0.015490
0 0.381438 0.653482 0.015578 0.018642
0 0.137099 0.028836 0.014381 0.019087
0 0.184622 0.947850 0.014220 0.018870
0 0.460287 0.791045 0.018309 0.021448
0 0.206075 0.926812 0.013834 0.017209
0 0.010293 0.466950 0.019924 0.022692
0 0.349848 0.504622 0.014966 0.019797
0 0.964231 0.008515 0.015109 0.015244
0 0.012123 0.388370 0.016370 0.019094
0 0.706503 0.577813 0.013479 0.017185
0 0.464554 0.338312 0.014489 0.019217
0 0.063829 0.355047 0.014326 0.018851
0 0.081401 0.482589 0.012901 0.016762
0 0.278064 0.463659 0.011969 0.016207
0 0.086569 0.844977 0.017861 0.021617
0 0.036557 0.902869 0.012381 0.015104
0 0.043220 0.073301 0.013262 0.019955
0 0.425786 0.757632 0.018269 0.025117
0 0.845027 0.859716 0.014836 0.017615
0 0.693083 0.933335 0.016479 0.020358
0 0.011620 0.082259 0.013534 0.017633
0 0.990088 0.624647 0.017965 0.022287
0 0.203857 0.688671 0.017082 0.020920
0 0.730000 0.902143 0.015989 0.021819
0 0.251349 0.955134 0.015023 0.019526
0 0.022164 0.211512 0.012076 0.015052
0 0.574527 0.250778 0.012750 0.016420
0 0.597345 0.650732 0.016237 0.019622
0 0.722297 0.900004 0.014047 0.020859
0 0.322939 0.615152 0.014547 0.016946
0 0.260715 0.026660 0.015645 0.023027
0 0.443165 0.644988 0.014161 0.018253
0 0.363955 0.068621 0.013178 0.020397
0 0.004042 0.102354 0.008084 0.020491
0 0.531795 0.841045 0.018263 0.024421
0 0.347664 0.978674 0.012483 0.016693
0 0.101610 0.507743 0.015733 0.019927
0 0.520335 0.299407 0.018090 0.020010
0 0.470535 0.514156 0.013927 0.015938
0 0.271548 0.863098 0.015340 0.019166
0 0.116361 0.437022 0.016517 0.018193
0 0.684644 0.167035 0.014162 0.017459
0 0.791902 0.904757 0.013232 0.017456
0 0.087359 0.166900 0.016550 0.019277
0 0.452033 0.259048 0.016217 0.021560
0 0.672823 0.769202 0.015600 0.020330
0 0.801834 0.055807 0.014330 0.016713
0 0.215619 0.451312 0.016048 0.020248
0 0.150150 0.149804 0.011953 0.016353
0 0.726082 0.900864 0.020055 0.021892
0 0.805665 0.402427 0.015667 0.019259
0 0.685887 0.366342 0.013537 0.018680
0 0.815167 0.973880 0.014456 0.019416
0 0.840524 0.920416 0.015793 0.017857
0 0.286628 0.018419 0.014020 0.017965
0 0.738178 0.589154 0.012860 0.017002
0 0.929415 0.824743 0.019281 0.023978
0 0.324770 0.013480 0.018369 0.022575
0 0.960021 0.510949 0.016398 0.018841
0 0.771976 0.115417 0.015691 0.019012
0 0.003413 0.372496 0.006827 0.016352
0 0.996339 0.813202 0.007321 0.024954
0 0.839696 0.501862 0.015144 0.017939
0 0.091699 0.697251 0.012581 0.016189
0 0.308416 0.475571 0.013036 0.018221
0 0.086268 0.454166 0.012579 0.016075
0 0.324103 0.093368 0.016583 0.023552
0 0.205776 0.930256 0.015208 0.021355
0 0.813880 0.905948 0.010827 0.015289
0 0.619794 0.341251 0.014811 0.017926
0 0.701254 0.891826 0.015004 0.018438
0 0.008184 0.933629 0.016151 0.025975
0 0.860950 0.551611 0.014413 0.020032
0 0.256526 0.295739 0.012449 0.017030
0 0.371172 0.969462 0.013004 0.017980
0 0.691313 0.660334 0.013619 0.018007
