0 0.486213 0.128909 0.019716 0.024297
0 0.658242 0.704976 0.014980 0.018347
0 0.640463 0.960625 0.020739 0.025304
0 0.317176 0.040750 0.015520 0.019632
0 0.468872 0.676097 0.016814 0.020108
0 0.521309 0.968967 0.022314 0.027057
0 0.514946 0.291668 0.019619 0.021836
0 0.817638 0.652342 0.017062 0.021129
0 0.992040 0.798042 0.015919 0.021570
0 0.628245 0.167993 0.024390 0.027000
0 0.401346 0.011498 0.014488 0.017682
0 0.295114 0.026221 0.016863 0.021413
0 0.037059 0.070075 0.018056 0.020952
0 0.050267 0.118261 0.017023 0.022814
0 0.664153 0.041322 0.017971 0.021092
0 0.075442 0.042397 0.018478 0.023146
0 0.874849 0.578298 0.017583 0.022793
0 0.253955 0.471655 0.019298 0.024701
0 0.545712 0.043110 0.015781 0.019232
0 0.138659 0.236263 0.017267 0.020974
0 0.119989 0.156176 0.020144 0.026240
0 0.494418 0.698210 0.017736 0.021024
0 0.392574 0.988713 0.013497 0.016864
0 0.794809 0.657093 0.017689 0.023050
0 0.992153 0.333249 0.015489 0.019912
0 0.740953 0.222679 0.018227 0.022226
0 0.494689 0.096093 0.016234 0.018909
0 0.302294 0.103194 0.015882 0.020903
0 0.767346 0.954084 0.018109 0.024119
0 0.288021 0.387004 0.018599 0.021967
0 0.083963 0.107852 0.017551 0.021689
0 0.681525 0.992359 0.017360 0.015014
0 0.681899 0.712819 0.018960 0.023596
0 0.045399 0.905121 0.015664 0.016678
0 0.753694 0.569011 0.020320 0.024738
0 0.941765 0.895162 0.016727 0.019528
0 0.425974 0.147173 0.017594 0.020546
0 0.374461 0.645104 0.014873 0.018743
0 0.802919 0.442821 0.018996 0.021729
0 0.187502 0.532730 0.019289 0.022041
0 0.316335 0.834873 0.016124 0.019651
0 0.628133 0.733248 0.018336 0.022134
0 0.332443 0.106457 0.017698 0.022251
0 0.800499 0.049347 0.014604 0.024771
0 0.419576 0.022052 0.014058 0.016906
0 0.540427 0.439120 0.017812 0.021498
0 0.393863 0.084909 0.015249 0.019946
0 0.124432 0.493768 0.017202 0.021208
0 0.277054 0.459732 0.018878 0.023850
0 0.684450 0.616371 0.019015 0.022462
0 0.095385 0.163059 0.016758 0.019894
0 0.665519 0.682111 0.016280 0.020045
0 0.316510 0.016958 0.014999 0.018437
0 0.712536 0.591752 0.015925 0.020282
0 0.760362 0.058156 0.019534 0.025071
0 0.014265 0.507045 0.017002 0.022228
0 0.866019 0.023338 0.017471 0.020399
0 0.917059 0.051701 0.016030 0.021552
0 0.723044 0.568863 0.017194 0.022698
0 0.341033 0.933208 0.020001 0.024610
0 0.439298 0.675896 0.015839 0.021257
0 0.059551 0.084383 0.015467 0.023639
0 0.114842 0.731513 0.017407 0.021661
0 0.004194 0.578794 0.008389 0.014834
0 0.317019 0.744653 0.016032 0.019594
0 0.797250 0.957756 0.016116 0.019976
0 0.857725 0.677522 0.017443 0.022068
0 0.557557 0.418301 0.018158 0.022596
0 0.823389 0.881667 0.018266 0.021214
0 0.623268 0.904583 0.019012 0.023096
0 0.222042 0.232475 0.017746 0.022711
0 0.859969 0.776863 0.017588 0.022039
0 0.429799 0.044126 0.021904 0.022395
0 0.666166 0.597260 0.018427 0.023811
0 0.792732 0.790079 0.018262 0.021441
0 0.839213 0.273483 0.019419 0.023168
0 0.875663 0.550577 0.018797 0.023284
0 0.786561 0.081999 0.018412 0.024855
0 0.043557 0.937074 0.016066 0.021579
0 0.352480 0.040510 0.016675 0.020129
0 0.023598 0.895691 0.016819 0.020109
0 0.460872 0.262986 0.019085 0.022045
0 0.480004 0.006888 0.016345 0.013776
0 0.423636 0.727971 0.016819 0.021501
0 0.458628 0.591056 0.017455 0.020554
0 0.916690 0.152082 0.016770 0.023602
0 0.895246 0.989544 0.015712 0.017647
0 0.271658 0.920577 0.016184 0.019659
0 0.506941 0.764721 0.019802 0.024007
0 0.672823 0.868762 0.014904 0.019234
0 0.555655 0.807244 0.018139 0.021492
0 0.963243 0.546886 0.017014 0.021787
0 0.176743 0.578218 0.017312 0.021996
0 0.824987 0.967230 0.018048 0.020653
0 0.330168 0.565492 0.014426 0.016001
0 0.863148 0.970102 0.016682 0.021095
0 0.825604 0.990296 0.015981 0.016362
0 0.217767 0.334477 0.017120 0.021933
0 0.612913 0.115530 0.017679 0.023926
0 0.876482 0.743141 0.018739 0.023273
0 0.074170 0.078534 0.014489 0.022970
0 0.239634 0.955504 0.017372 0.020156
0 0.684141 0.252487 0.017118 0.021796
0 0.670463 0.897179 0.017008 0.020306
0 0.889537 0.964988 0.015043 0.018914
0 0.078712 0.568484 0.017706 0.022523
0 0.502402 0.354992 0.017351 0.021813
0 0.388603 0.658172 0.015541 0.018785
0 0.621939 0.431408 0.015614 0.021554
0 0.044139 0.879856 0.014418 0.018305
0 0.791078 0.288413 0.016172 0.020789
0 0.841124 0.581258 0.015501 0.019055
0 0.062499 0.400753 0.018187 0.022952
0 0.363623 0.955678 0.014257 0.016674
0 0.234796 0.808591 0.018889 0.025158
0 0.221826 0.654035 0.017135 0.022462
0 0.198519 0.665484 0.015634 0.019901
0 0.751965 0.418711 0.012132 0.014757
0 0.033421 0.600613 0.016566 0.021311
0 0.471792 0.306967 0.015705 0.019711
0 0.079065 0.858525 0.020180 0.024776
0 0.742258 0.590496 0.015802 0.021769
0 0.470836 0.539416 0.013500 0.016216
0 0.499987 0.390486 0.018657 0.022106
0 0.275850 0.712744 0.014078 0.015799
0 0.341192 0.014165 0.016788 0.022863
0 0.384805 0.207821 0.013911 0.018170
0 0.371484 0.976509 0.015612 0.019598
0 0.955299 0.193402 0.013589 0.016207
0 0.595484 0.894368 0.012441 0.017848
0 0.332500 0.050281 0.013467 0.020180
0 0.434763 0.374990 0.014279 0.020011
0 0.748641 0.961239 0.010947 0.014049
0 0.736449 0.830351 0.015981 0.019293
0 0.025251 0.113440 0.015133 0.016037
0 0.466462 0.143287 0.017063 0.019303
0 0.067461 0.081252 0.024444 0.028060
0 0.960139 0.214828 0.013508 0.015624
0 0.864933 0.491117 0.015477 0.017630
0 0.004029 0.773386 0.008045 0.021528
0 0.142895 0.674131 0.013816 0.016093
0 0.137532 0.847061 0.012219 0.017245
0 0.338884 0.016343 0.018403 0.023660
0 0.631202 0.303989 0.012192 0.018441
0 0.893711 0.562749 0.010764 0.015223
0 0.240849 0.754755 0.012714 0.015651
0 0.893002 0.170774 0.012762 0.016046
0 0.381763 0.007674 0.017213 0.013461
0 0.176852 0.305059 0.013973 0.018254
0 0.459930 0.880808 0.012014 0.018502
0 0.661568 0.259141 0.013460 0.018240
0 0.379415 0.844771 0.012300 0.016005
0 0.924819 0.941768 0.012060 0.017066
0 0.559732 0.580659 0.012492 0.015898
0 0.002766 0.028037 0.005531 0.021856
0 0.749212 0.913800 0.012201 0.015542
0 0.715851 0.479179 0.012359 0.016385
0 0.409625 0.688094 0.013976 0.016411
0 0.227532 0.011218 0.013119 0.018917
0 0.482473 0.466731 0.013019 0.015333
0 0.062291 0.082936 0.019276 0.027851
0 0.690800 0.766277 0.011803 0.017146
0 0.624926 0.212583 0.014290 0.016362
0 0.106591 0.115441 0.013305 0.017925
0 0.236683 0.983649 0.011377 0.013521
0 0.525170 0.127296 0.013442 0.017001
0 0.458669 0.878961 0.013434 0.019538
0 0.833922 0.005091 0.012647 0.010183
