0 0.125349 0.181155 0.020763 0.025734
0 0.625110 0.944809 0.019541 0.026481
0 0.280217 0.385384 0.018440 0.023911
0 0.034055 0.932432 0.015780 0.022163
0 0.396134 0.537949 0.015661 0.017982
0 0.522892 0.900365 0.018193 0.020988
0 0.066493 0.930412 0.015855 0.021692
0 0.115586 0.488855 0.018079 0.021549
0 0.072530 0.806221 0.014908 0.018478
0 0.504296 0.219132 0.018634 0.025017
0 0.463692 0.020437 0.016702 0.020814
0 0.818866 0.254319 0.018282 0.023260
0 0.763177 0.805396 0.018991 0.022725
0 0.934203 0.888604 0.014682 0.018630
0 0.042303 0.502752 0.020923 0.019477
0 0.091623 0.670647 0.016660 0.019415
0 0.316183 0.075143 0.015888 0.021607
0 0.963651 0.682472 0.014129 0.017556
0 0.131094 0.231270 0.016620 0.021876
0 0.245801 0.469076 0.019886 0.025171
0 0.133966 0.645235 0.016847 0.020064
0 0.905512 0.989954 0.016746 0.016653
0 0.256506 0.233492 0.016939 0.020682
0 0.290832 0.542065 0.020032 0.021289
0 0.383997 0.086692 0.015482 0.021165
0 0.816954 0.870027 0.018516 0.023829
0 0.712795 0.187254 0.022285 0.024318
0 0.801205 0.625877 0.017011 0.021601
0 0.768383 0.951180 0.014713 0.019649
0 0.246704 0.049818 0.013189 0.018232
0 0.005348 0.674403 0.010696 0.020430
0 0.615454 0.632231 0.015436 0.019651
0 0.254803 0.964209 0.013010 0.017387
0 0.842029 0.309764 0.016308 0.023243
0 0.326257 0.824234 0.015618 0.018641
0 0.063251 0.046652 0.017184 0.021599
0 0.737908 0.532912 0.016723 0.021413
0 0.312591 0.844339 0.016959 0.020527
0 0.801615 0.957269 0.015034 0.018476
0 0.081422 0.707253 0.013482 0.016202
0 0.508273 0.092680 0.015758 0.020141
0 0.542913 0.850623 0.016752 0.022022
0 0.087606 0.380503 0.014743 0.019708
0 0.034103 0.166413 0.016238 0.022337
0 0.327745 0.099879 0.014293 0.018487
0 0.589893 0.611933 0.014402 0.018482
0 0.716255 0.897386 0.015442 0.019462
0 0.063472 0.527140 0.015305 0.022044
0 0.654083 0.681038 0.016840 0.021151
0 0.044143 0.905881 0.013639 0.016887
0 0.559887 0.620105 0.015022 0.019762
0 0.511608 0.964345 0.022780 0.027900
0 0.490735 0.012143 0.017772 0.020968
0 0.990809 0.699561 0.016844 0.020257
0 0.786611 0.655283 0.015908 0.019893
0 0.465312 0.335360 0.013547 0.017570
0 0.488697 0.197722 0.012828 0.018101
0 0.209669 0.405126 0.013762 0.015990
0 0.223139 0.455732 0.019265 0.027906
0 0.996301 0.035846 0.007397 0.016169
0 0.241360 0.936689 0.014937 0.020243
0 0.308349 0.334666 0.013605 0.018181
0 0.330409 0.039751 0.014571 0.017705
0 0.444216 0.769722 0.016226 0.020186
0 0.828880 0.538906 0.015242 0.021642
0 0.478618 0.795402 0.019535 0.025174
0 0.788925 0.763277 0.016173 0.019295
0 0.365143 0.643268 0.013008 0.017339
0 0.878018 0.141705 0.011786 0.013950
0 0.021275 0.144228 0.013696 0.017318
0 0.738462 0.147361 0.016073 0.021255
0 0.932638 0.977107 0.015536 0.018603
0 0.529947 0.433863 0.016078 0.018070
0 0.151516 0.150928 0.012896 0.015034
0 0.019468 0.419553 0.011875 0.014759
0 0.520523 0.296356 0.015142 0.018594
0 0.010741 0.113507 0.013875 0.017668
0 0.712416 0.018437 0.018888 0.022468
0 0.250481 0.712160 0.015240 0.018458
0 0.213468 0.225863 0.015945 0.019095
0 0.110509 0.215046 0.015628 0.021305
0 0.641978 0.361110 0.014407 0.018165
0 0.675629 0.155890 0.014738 0.019699
0 0.658148 0.971906 0.014495 0.021868
0 0.468606 0.680045 0.016097 0.021632
0 0.626674 0.172448 0.015611 0.018840
0 0.265679 0.638169 0.013490 0.017048
0 0.012218 0.894597 0.012446 0.019418
0 0.299029 0.040479 0.015692 0.020486
0 0.052393 0.984361 0.014343 0.015282
0 0.348349 0.099751 0.011721 0.015158
0 0.023090 0.205999 0.012340 0.015361
0 0.316083 0.512212 0.014133 0.016803
0 0.992354 0.638660 0.015180 0.021402
0 0.563833 0.945662 0.013847 0.020144
0 0.284947 0.012137 0.013968 0.021871
0 0.640844 0.117204 0.013058 0.017165
0 0.062846 0.166535 0.015742 0.020090
0 0.465114 0.523439 0.013547 0.015718
0 0.825823 0.068394 0.014196 0.018115
0 0.132110 0.474762 0.013811 0.018981
0 0.043240 0.499896 0.018415 0.023217
0 0.382484 0.649559 0.013834 0.018494
0 0.380507 0.953308 0.014645 0.019157
0 0.689996 0.660630 0.014082 0.019079
0 0.263094 0.029402 0.014601 0.018490
0 0.196239 0.946558 0.013791 0.017456
0 0.283715 0.915156 0.015814 0.019517
0 0.052368 0.414634 0.012910 0.020718
0 0.193525 0.875725 0.017043 0.022575
0 0.909128 0.134262 0.012189 0.017226
0 0.996769 0.812398 0.006462 0.024642
0 0.488936 0.837313 0.013459 0.016170
0 0.981768 0.283196 0.018229 0.020877
0 0.931767 0.833872 0.015838 0.020857
0 0.219729 0.930876 0.014583 0.019722
0 0.694285 0.903152 0.014562 0.018725
0 0.803084 0.058541 0.014220 0.017999
0 0.847623 0.927254 0.014228 0.017662
0 0.450148 0.259378 0.014698 0.019880
0 0.969838 0.053791 0.014055 0.019080
0 0.214604 0.009056 0.011775 0.014152
0 0.811649 0.975068 0.013050 0.018060
0 0.427356 0.696197 0.012218 0.015562
0 0.113631 0.548733 0.013709 0.017494
0 0.332284 0.012495 0.015604 0.019609
0 0.846225 0.519817 0.014411 0.017334
0 0.021238 0.679565 0.011185 0.016460
0 0.060391 0.042265 0.017133 0.019386
0 0.192094 0.363805 0.011579 0.013026
0 0.021501 0.539429 0.012758 0.017743
0 0.850258 0.101515 0.014314 0.018696
0 0.021814 0.053573 0.012340 0.015328
0 0.806859 0.401768 0.016045 0.019154
0 0.878728 0.636419 0.015006 0.020312
0 0.003231 0.007933 0.006462 0.014229
0 0.161419 0.074497 0.012523 0.016226
0 0.290501 0.879454 0.014308 0.019805
0 0.959724 0.510326 0.015134 0.017787
0 0.182704 0.062999 0.013442 0.017497
0 0.120623 0.386564 0.013844 0.017430
0 0.878660 0.571532 0.013516 0.015840
