0 0.912395 0.882624 0.016830 0.020979
0 0.172261 0.966740 0.018122 0.021777
0 0.009480 0.157590 0.017788 0.022500
0 0.213334 0.733650 0.014798 0.019020
0 0.564111 0.159808 0.014395 0.019155
0 0.126131 0.796552 0.016104 0.021190
0 0.221131 0.763826 0.016577 0.021832
0 0.123940 0.909466 0.017057 0.021007
0 0.968175 0.975973 0.017222 0.019677
0 0.792552 0.191303 0.016015 0.020734
0 0.146521 0.141146 0.014699 0.021409
0 0.072684 0.095801 0.016901 0.021985
0 0.829674 0.115834 0.016952 0.021522
0 0.946976 0.771070 0.017133 0.020107
0 0.444831 0.104358 0.017501 0.021599
0 0.087304 0.501338 0.018380 0.024895
0 0.545115 0.656538 0.015422 0.019419
0 0.788090 0.866817 0.019385 0.023170
0 0.788482 0.087680 0.017269 0.021150
0 0.234016 0.553147 0.017591 0.022052
0 0.875578 0.872092 0.016699 0.021320
0 0.981561 0.293080 0.016987 0.021397
0 0.770039 0.131624 0.018232 0.022906
0 0.049551 0.753470 0.015689 0.019505
0 0.536908 0.612052 0.018047 0.022191
0 0.727326 0.871446 0.018945 0.022348
0 0.351015 0.098780 0.017733 0.024067
0 0.049580 0.414737 0.016819 0.020450
0 0.035198 0.817732 0.017628 0.022492
0 0.051256 0.679225 0.016834 0.019258
0 0.365889 0.781868 0.017794 0.021665
0 0.334732 0.886834 0.018433 0.021756
0 0.153483 0.166557 0.017947 0.020593
0 0.157767 0.894125 0.019411 0.022814
0 0.237879 0.740188 0.015136 0.019235
0 0.319918 0.544329 0.017765 0.021516
0 0.158556 0.599305 0.021781 0.026983
0 0.772925 0.203255 0.015389 0.020872
0 0.647054 0.343757 0.016257 0.019151
0 0.668750 0.157218 0.015808 0.019515
0 0.185561 0.886155 0.017052 0.021372
0 0.299591 0.520154 0.015275 0.017569
0 0.520092 0.407109 0.015027 0.019259
0 0.177760 0.548091 0.017537 0.021046
0 0.442600 0.354105 0.016256 0.019374
0 0.673147 0.107696 0.014896 0.018996
0 0.085324 0.034485 0.015649 0.018881
0 0.161126 0.307407 0.015807 0.020131
0 0.097852 0.107045 0.018535 0.023383
0 0.087971 0.868425 0.015865 0.018295
0 0.013991 0.436301 0.013797 0.017521
0 0.651918 0.231991 0.017116 0.022209
0 0.418830 0.035875 0.016134 0.019419
0 0.373076 0.204874 0.016038 0.020281
0 0.268455 0.381791 0.015822 0.021105
0 0.788719 0.836648 0.019252 0.023430
0 0.793159 0.383201 0.017401 0.022890
0 0.278860 0.299108 0.017232 0.022739
0 0.046205 0.597119 0.018346 0.021114
0 0.621495 0.048772 0.014236 0.019334
0 0.086873 0.944141 0.016824 0.024109
0 0.867522 0.632894 0.017872 0.021400
0 0.307194 0.296417 0.013841 0.016951
0 0.695059 0.716847 0.014264 0.017547
0 0.642338 0.299338 0.013856 0.017175
0 0.503704 0.026909 0.015891 0.022036
0 0.338209 0.243352 0.013851 0.017134
0 0.057562 0.826871 0.015568 0.021357
0 0.872460 0.294484 0.016153 0.020143
0 0.239434 0.735045 0.016950 0.029222
0 0.929761 0.118399 0.015170 0.018202
0 0.342329 0.306606 0.016576 0.019515
0 0.300690 0.149959 0.016665 0.021831
0 0.603193 0.150801 0.013334 0.016970
0 0.435439 0.667786 0.014769 0.018483
0 0.240374 0.578106 0.015619 0.018384
0 0.996540 0.190024 0.006920 0.020846
0 0.828875 0.978205 0.017276 0.019629
0 0.902303 0.106687 0.015197 0.020230
0 0.871450 0.232352 0.014662 0.020636
0 0.995709 0.238691 0.008581 0.020156
0 0.884753 0.422755 0.015261 0.020707
0 0.552064 0.145258 0.013666 0.017012
0 0.632603 0.239525 0.015541 0.021945
0 0.484900 0.775524 0.017454 0.022000
0 0.492815 0.385347 0.015856 0.018426
0 0.775228 0.232456 0.014702 0.018783
0 0.285800 0.409058 0.013165 0.018533
0 0.252534 0.338969 0.014686 0.018973
0 0.262125 0.567389 0.012739 0.017681
0 0.281539 0.575244 0.015071 0.020114
0 0.332114 0.358010 0.014160 0.017996
