0 0.705403 0.272782 0.015555 0.021579
0 0.558243 0.528889 0.024477 0.033895
0 0.958439 0.815637 0.015072 0.019850
0 0.215654 0.324855 0.020880 0.027852
0 0.982882 0.648958 0.017050 0.021983
0 0.722176 0.255375 0.015209 0.021005
0 0.451647 0.454890 0.015628 0.020321
0 0.068334 0.380349 0.017805 0.021222
0 0.945423 0.331218 0.017837 0.019909
0 0.903277 0.990889 0.013405 0.014688
0 0.380841 0.958077 0.019188 0.024805
0 0.689980 0.715095 0.017569 0.020065
0 0.510735 0.455569 0.016202 0.020762
0 0.232195 0.369254 0.017517 0.023557
0 0.166955 0.022257 0.017034 0.022084
0 0.682915 0.124471 0.016371 0.020286
0 0.316750 0.556192 0.018093 0.021576
0 0.948934 0.846398 0.013786 0.017064
0 0.966990 0.464000 0.016052 0.022312
0 0.946162 0.457533 0.015299 0.018517
0 0.622200 0.060831 0.016942 0.020769
0 0.372516 0.048037 0.014209 0.017692
0 0.361793 0.469502 0.015197 0.018879
0 0.249693 0.388900 0.017693 0.021153
0 0.240135 0.317103 0.018576 0.024583
0 0.150845 0.445951 0.016760 0.022513
0 0.380324 0.666585 0.016682 0.020149
0 0.927270 0.773148 0.014583 0.017693
0 0.942325 0.883943 0.014332 0.018283
0 0.703426 0.738536 0.015535 0.020359
0 0.431930 0.754366 0.016022 0.020514
0 0.267460 0.703730 0.014716 0.020912
0 0.840676 0.780184 0.017628 0.020991
0 0.414461 0.888004 0.017819 0.022231
0 0.294166 0.561030 0.015102 0.021058
0 0.704970 0.696088 0.015690 0.019782
0 0.684386 0.286638 0.014677 0.020253
0 0.677086 0.961787 0.016312 0.021350
0 0.306894 0.580284 0.016911 0.020069
0 0.074676 0.177486 0.016460 0.020246
0 0.404184 0.236438 0.017939 0.022928
0 0.735320 0.984885 0.018009 0.019437
0 0.199925 0.590819 0.012886 0.014807
0 0.634191 0.770618 0.016554 0.020517
0 0.961150 0.690065 0.015503 0.019056
0 0.136763 0.366059 0.018053 0.023815
0 0.700314 0.765594 0.014959 0.019190
0 0.302329 0.051133 0.017087 0.022191
0 0.431955 0.015705 0.015437 0.019389
0 0.433877 0.244222 0.015380 0.018435
0 0.549662 0.445414 0.014683 0.018762
0 0.111482 0.383580 0.015747 0.021594
0 0.738218 0.950840 0.012178 0.016750
0 0.059863 0.421134 0.014391 0.018629
0 0.337508 0.291501 0.015804 0.020586
0 0.087223 0.279843 0.015771 0.016078
0 0.416614 0.552317 0.018244 0.023291
0 0.559399 0.321263 0.018399 0.023456
0 0.262190 0.665740 0.018056 0.022241
0 0.856429 0.572314 0.019443 0.023410
0 0.217810 0.452572 0.017053 0.021151
0 0.146259 0.114018 0.015673 0.019895
0 0.905405 0.471448 0.020254 0.023176
0 0.119765 0.499712 0.014768 0.020587
0 0.220114 0.722829 0.016158 0.020762
0 0.349574 0.736400 0.021243 0.022568
0 0.241686 0.025945 0.013683 0.016195
0 0.146547 0.138307 0.012135 0.016639
0 0.717951 0.756778 0.015060 0.020110
0 0.438652 0.623079 0.017472 0.022203
0 0.598728 0.186324 0.017285 0.020797
0 0.358219 0.830111 0.015768 0.020146
0 0.368719 0.007244 0.015755 0.012498
0 0.903500 0.775252 0.017464 0.021637
0 0.122737 0.979091 0.015645 0.019830
0 0.935023 0.986853 0.011787 0.019257
0 0.090530 0.254572 0.016240 0.018668
0 0.669709 0.113647 0.013796 0.017165
0 0.348988 0.545849 0.015779 0.020247
0 0.621941 0.990764 0.012212 0.013753
0 0.425909 0.151571 0.018464 0.021270
0 0.922036 0.987904 0.016572 0.019148
0 0.796267 0.822861 0.020402 0.024050
0 0.415584 0.092498 0.017966 0.022542
0 0.075233 0.915856 0.018553 0.021965
0 0.559606 0.981269 0.015755 0.017697
0 0.792087 0.556357 0.014854 0.019511
0 0.387510 0.842324 0.016886 0.019834
0 0.476794 0.305974 0.015382 0.019938
0 0.298272 0.287888 0.017812 0.023545
0 0.350460 0.810009 0.016181 0.018950
0 0.936839 0.271027 0.017105 0.020349
0 0.200797 0.558497 0.013473 0.016774
0 0.982762 0.795212 0.013235 0.018153
0 0.254204 0.524711 0.017563 0.021604
0 0.490602 0.462014 0.014893 0.020433
0 0.728961 0.588899 0.019999 0.024583
0 0.942963 0.806052 0.013987 0.018055
0 0.434195 0.395366 0.015386 0.019841
0 0.781733 0.456712 0.018163 0.024609
0 0.141470 0.571148 0.017540 0.022641
0 0.957487 0.356164 0.016928 0.020835
0 0.045763 0.383760 0.014221 0.019244
0 0.625123 0.408512 0.013738 0.017608
0 0.326957 0.108249 0.017815 0.021052
0 0.604723 0.859813 0.017159 0.022302
0 0.519948 0.743422 0.014457 0.018982
0 0.282979 0.701341 0.014496 0.020407
0 0.424364 0.469730 0.015386 0.018493
0 0.368687 0.445741 0.018730 0.021168
0 0.952854 0.425127 0.015481 0.019286
0 0.859507 0.526171 0.015919 0.018627
0 0.940591 0.480439 0.014369 0.018708
0 0.693196 0.058686 0.016729 0.019736
0 0.904750 0.732356 0.015437 0.019660
0 0.294372 0.134050 0.015760 0.020921
0 0.830264 0.023572 0.015782 0.019570
0 0.963252 0.180999 0.013728 0.017048
0 0.961491 0.969592 0.016273 0.022922
0 0.289544 0.878332 0.018223 0.020078
0 0.858201 0.106057 0.011885 0.015158
0 0.139469 0.690817 0.016495 0.020594
0 0.955646 0.308682 0.016253 0.020842
0 0.754326 0.653383 0.015468 0.020339
0 0.963730 0.713695 0.014153 0.017891
0 0.905483 0.168139 0.014198 0.018192
0 0.260130 0.661056 0.019888 0.029804
0 0.534068 0.534781 0.014465 0.018814
0 0.354093 0.484507 0.014622 0.015977
0 0.426230 0.337424 0.015050 0.019250
0 0.966093 0.151399 0.016545 0.019377
0 0.318082 0.559248 0.020437 0.027692
0 0.267571 0.117047 0.015259 0.019196
0 0.800044 0.286347 0.012702 0.017647
0 0.218595 0.725107 0.019741 0.025202
0 0.996681 0.777643 0.006639 0.023586
0 0.301251 0.984502 0.013485 0.015534
0 0.417169 0.754580 0.011180 0.018704
0 0.150693 0.018438 0.012545 0.020466
0 0.558782 0.622771 0.011308 0.013897
0 0.055499 0.605550 0.011008 0.013635
0 0.640022 0.330564 0.011985 0.014842
0 0.734663 0.267901 0.014907 0.018817
0 0.216355 0.729830 0.020577 0.020822
0 0.924794 0.985603 0.020002 0.022729
0 0.625239 0.875541 0.010910 0.014553
0 0.358901 0.475550 0.019746 0.028444
0 0.703773 0.249564 0.012039 0.015832
0 0.996071 0.801808 0.007859 0.016283
0 0.413173 0.089219 0.019421 0.029394
0 0.936658 0.443049 0.012965 0.015883
0 0.613110 0.543931 0.010792 0.013007
0 0.433241 0.448060 0.013057 0.014479
