0 0.099642 0.307503 0.017283 0.023148
0 0.452893 0.442083 0.018958 0.023931
0 0.237186 0.553875 0.019539 0.024259
0 0.564722 0.759658 0.029154 0.028052
0 0.208290 0.746164 0.015940 0.018835
0 0.639224 0.306479 0.019016 0.022967
0 0.986226 0.466172 0.020505 0.025984
0 0.237675 0.742576 0.016558 0.020466
0 0.771713 0.209758 0.018240 0.019061
0 0.443125 0.315908 0.016999 0.021203
0 0.060659 0.270245 0.017730 0.022463
0 0.977202 0.294490 0.018717 0.022348
0 0.915080 0.884784 0.018296 0.022449
0 0.798425 0.872796 0.019682 0.023488
0 0.016451 0.406385 0.016149 0.018850
0 0.772285 0.380306 0.020968 0.025237
0 0.623404 0.274283 0.019703 0.023334
0 0.298114 0.945676 0.018350 0.020887
0 0.308907 0.212282 0.018406 0.023272
0 0.096026 0.371976 0.016743 0.021764
0 0.594147 0.808742 0.017689 0.022223
0 0.041829 0.420613 0.016167 0.018405
0 0.430318 0.227313 0.018285 0.022025
0 0.553847 0.107074 0.019511 0.023432
0 0.566772 0.044702 0.018488 0.023111
0 0.414021 0.349089 0.019674 0.021978
0 0.134200 0.914898 0.020471 0.023095
0 0.871938 0.137895 0.020653 0.026134
0 0.917482 0.766210 0.019960 0.024257
0 0.075204 0.304769 0.017797 0.024731
0 0.157187 0.889446 0.019843 0.025556
0 0.480216 0.148841 0.018399 0.022454
0 0.054465 0.900773 0.018295 0.022074
0 0.091351 0.504178 0.019662 0.024271
0 0.128047 0.284354 0.019968 0.023766
0 0.815520 0.370355 0.016819 0.019998
0 0.263417 0.738657 0.015724 0.021032
0 0.860733 0.910240 0.015969 0.019192
0 0.422589 0.111552 0.018218 0.024523
0 0.444085 0.687307 0.017536 0.023556
0 0.316847 0.241373 0.016413 0.020341
0 0.966947 0.698280 0.020165 0.024716
0 0.865898 0.880625 0.018317 0.020850
0 0.350396 0.264225 0.015587 0.019300
0 0.030877 0.452655 0.015988 0.019358
0 0.615002 0.616607 0.018583 0.023122
0 0.304440 0.153985 0.019023 0.022163
0 0.085344 0.204504 0.014939 0.017285
0 0.932481 0.678674 0.017695 0.023832
0 0.876714 0.533882 0.018886 0.022917
0 0.323400 0.265915 0.013976 0.019874
0 0.749481 0.339003 0.018100 0.022015
0 0.312610 0.853470 0.018845 0.024265
0 0.720421 0.086275 0.019257 0.023589
0 0.102282 0.223788 0.020470 0.022723
0 0.934259 0.222122 0.018926 0.022758
0 0.801067 0.084349 0.017652 0.020656
0 0.469704 0.476272 0.018020 0.021886
0 0.411639 0.961985 0.018638 0.023362
0 0.312620 0.530335 0.018894 0.023939
0 0.523694 0.697631 0.018295 0.023092
0 0.349317 0.399795 0.018506 0.021662
0 0.865210 0.629477 0.018976 0.023047
0 0.776959 0.235694 0.018520 0.022068
0 0.254148 0.176644 0.016041 0.020820
0 0.313976 0.061967 0.019346 0.025407
0 0.810684 0.113658 0.018309 0.022031
0 0.166433 0.248741 0.017020 0.020787
0 0.544797 0.654139 0.016867 0.019748
0 0.738596 0.448008 0.017916 0.022371
0 0.275403 0.419770 0.022735 0.028374
0 0.190859 0.905855 0.015327 0.019615
0 0.007215 0.447664 0.014430 0.018627
0 0.063207 0.235290 0.018956 0.022137
0 0.639006 0.506170 0.018134 0.021201
0 0.179315 0.720442 0.025937 0.036637
0 0.226310 0.914875 0.018365 0.021034
0 0.301528 0.264937 0.017030 0.021482
0 0.004243 0.255002 0.008485 0.021695
0 0.887455 0.419121 0.019571 0.023807
0 0.270498 0.943540 0.015550 0.018737
0 0.519765 0.410451 0.019321 0.021983
0 0.267993 0.570119 0.015723 0.020102
0 0.606594 0.151923 0.016361 0.020687
0 0.888078 0.287668 0.022064 0.021357
0 0.555989 0.157825 0.015894 0.019985
0 0.004257 0.424205 0.008515 0.018879
0 0.432916 0.563976 0.016884 0.020195
0 0.992473 0.247753 0.015054 0.021386
0 0.029779 0.180876 0.016598 0.019292
0 0.899251 0.108767 0.017846 0.021837
0 0.089315 0.871040 0.018957 0.021189
0 0.171017 0.993191 0.016109 0.013345
0 0.428813 0.673120 0.016824 0.020209
0 0.330728 0.298050 0.016634 0.019230
0 0.041080 0.418779 0.018839 0.023938
0 0.003370 0.026593 0.006720 0.028318
