0 0.277976 0.080547 0.014896 0.020513
0 0.545479 0.510136 0.021598 0.028649
0 0.127147 0.345588 0.019236 0.023331
0 0.568231 0.469048 0.017817 0.022698
0 0.537178 0.458362 0.019156 0.022781
0 0.014617 0.519566 0.018353 0.023650
0 0.688139 0.252094 0.021239 0.027458
0 0.218290 0.352782 0.018772 0.022649
0 0.198884 0.305917 0.021491 0.027410
0 0.966739 0.860813 0.019873 0.024368
0 0.240875 0.662936 0.018812 0.024085
0 0.200931 0.432705 0.019459 0.023020
0 0.747436 0.623400 0.024005 0.025464
0 0.279504 0.509615 0.018642 0.023477
0 0.241148 0.501285 0.019291 0.023337
0 0.985083 0.760793 0.019009 0.022587
0 0.960704 0.590199 0.016130 0.020596
0 0.298895 0.079603 0.015178 0.021431
0 0.423456 0.743530 0.017988 0.022633
0 0.068160 0.365118 0.019220 0.023156
0 0.240531 0.369051 0.017551 0.021148
0 0.414260 0.532741 0.019921 0.023976
0 0.324035 0.270825 0.018953 0.022994
0 0.284603 0.269080 0.017761 0.023428
0 0.389023 0.798042 0.017396 0.022075
0 0.949887 0.943937 0.021359 0.026700
0 0.388830 0.503464 0.018908 0.023195
0 0.315364 0.236475 0.019982 0.026072
0 0.542911 0.298432 0.021634 0.025439
0 0.931740 0.588200 0.018962 0.022037
0 0.891230 0.433836 0.019623 0.023766
0 0.674528 0.699503 0.022014 0.026544
0 0.973405 0.633826 0.020777 0.022936
0 0.837784 0.017578 0.019938 0.024611
0 0.292170 0.469964 0.019626 0.023655
0 0.888579 0.717794 0.019637 0.023860
0 0.520504 0.495625 0.017118 0.021310
0 0.685571 0.745875 0.018723 0.022818
0 0.682434 0.042980 0.020432 0.026255
0 0.625228 0.273872 0.019639 0.023425
0 0.615262 0.044484 0.020587 0.025506
0 0.287680 0.858864 0.022020 0.025411
0 0.411072 0.132380 0.017241 0.022399
0 0.973181 0.374384 0.025712 0.027618
0 0.141735 0.879165 0.021872 0.027897
0 0.515632 0.389385 0.017389 0.019901
0 0.088483 0.459336 0.018624 0.023472
0 0.348944 0.463602 0.016248 0.019859
0 0.934666 0.433815 0.019079 0.023427
0 0.842725 0.558619 0.020338 0.025595
0 0.807611 0.209732 0.021404 0.024382
0 0.024545 0.255193 0.018107 0.022564
0 0.118952 0.216460 0.019058 0.024170
0 0.700865 0.556421 0.020807 0.024852
0 0.589895 0.847462 0.021543 0.027934
0 0.132560 0.094934 0.017071 0.023661
0 0.239798 0.314116 0.018426 0.022034
0 0.051376 0.401133 0.017535 0.021030
0 0.971232 0.066387 0.019923 0.024333
0 0.824980 0.818067 0.025174 0.028489
0 0.888162 0.499651 0.019752 0.027784
0 0.336776 0.789760 0.019830 0.023985
0 0.977992 0.569682 0.017359 0.020687
0 0.434837 0.923586 0.020852 0.027086
0 0.504898 0.074599 0.019376 0.024213
0 0.428750 0.603938 0.020524 0.025549
0 0.139933 0.427794 0.016878 0.021484
0 0.419303 0.229344 0.019040 0.024667
0 0.937051 0.877708 0.017843 0.021746
0 0.127940 0.305001 0.021730 0.026082
0 0.677930 0.774381 0.022071 0.024911
0 0.891634 0.051292 0.017689 0.029912
0 0.956306 0.095998 0.019136 0.022777
0 0.824821 0.968249 0.021658 0.023425
0 0.546747 0.702230 0.016916 0.021379
0 0.625851 0.795367 0.019702 0.025421
0 0.366126 0.623912 0.019570 0.023932
0 0.189121 0.469105 0.017625 0.022355
0 0.255053 0.075073 0.017568 0.021578
0 0.355011 0.099720 0.016908 0.019228
0 0.506784 0.726934 0.018764 0.023042
0 0.718637 0.227363 0.019100 0.021330
0 0.408454 0.447782 0.017348 0.022463
0 0.824064 0.698523 0.017333 0.020638
0 0.899065 0.154734 0.020412 0.025212
0 0.716327 0.251529 0.018048 0.021143
0 0.262991 0.645682 0.017526 0.022200
0 0.937002 0.991636 0.020433 0.015738
0 0.748234 0.685308 0.019129 0.025317
0 0.948172 0.160530 0.017514 0.021206
0 0.447413 0.853344 0.022501 0.027118
0 0.307228 0.543391 0.017189 0.021309
0 0.255463 0.099563 0.020158 0.021469
0 0.139563 0.566523 0.018900 0.030438
0 0.339346 0.839746 0.018414 0.022064
0 0.573990 0.069043 0.014967 0.018845
0 0.547038 0.482425 0.015362 0.019260
0 0.116463 0.117684 0.013755 0.015799
0 0.911254 0.770658 0.015529 0.016771
0 0.256981 0.976374 0.015439 0.018027
0 0.446584 0.766792 0.013016 0.015233
0 0.158272 0.003767 0.019166 0.007534
0 0.696696 0.998489 0.034643 0.003022
0 0.157594 0.005508 0.018233 0.011016
