0 0.342758 0.255123 0.017226 0.022263
0 0.718860 0.254187 0.015384 0.019861
0 0.703823 0.273053 0.016298 0.022195
0 0.815256 0.892453 0.015946 0.020964
0 0.963585 0.456345 0.013167 0.020365
0 0.907230 0.731087 0.014422 0.018399
0 0.362602 0.819415 0.015061 0.019201
0 0.951560 0.842001 0.018063 0.023248
0 0.143382 0.150624 0.018864 0.025007
0 0.574813 0.010631 0.015174 0.018142
0 0.414540 0.092139 0.016077 0.017971
0 0.309842 0.192770 0.015961 0.020218
0 0.698967 0.762162 0.015482 0.019785
0 0.806450 0.557681 0.015455 0.019280
0 0.451530 0.858339 0.011897 0.015139
0 0.910931 0.706991 0.013733 0.016869
0 0.273326 0.763609 0.018022 0.021212
0 0.934901 0.932457 0.013467 0.016965
0 0.613439 0.499114 0.016356 0.021237
0 0.752183 0.867419 0.015237 0.019090
0 0.164886 0.021625 0.018477 0.021774
0 0.653988 0.534184 0.015909 0.019665
0 0.825300 0.990059 0.015382 0.015905
0 0.946185 0.425845 0.015165 0.017182
0 0.352772 0.542060 0.014415 0.018490
0 0.124584 0.479974 0.015849 0.020466
0 0.899806 0.466714 0.015602 0.019317
0 0.044772 0.382946 0.014524 0.018477
0 0.439126 0.555210 0.014868 0.019535
0 0.269056 0.792023 0.014750 0.018405
0 0.138681 0.679216 0.016975 0.021707
0 0.144185 0.114252 0.015743 0.018244
0 0.433591 0.247376 0.015195 0.019581
0 0.633940 0.518383 0.015986 0.019355
0 0.400779 0.762934 0.014857 0.017980
0 0.439479 0.440837 0.015664 0.020678
0 0.944914 0.455895 0.015961 0.019465
0 0.972328 0.195254 0.013135 0.017005
0 0.939060 0.811291 0.016281 0.020600
0 0.960389 0.925069 0.014675 0.018308
0 0.925084 0.681572 0.014544 0.018268
0 0.135399 0.360963 0.016836 0.020604
0 0.752614 0.596248 0.013997 0.017993
0 0.052727 0.065615 0.016796 0.020401
0 0.641215 0.977477 0.014394 0.017032
0 0.965306 0.972805 0.015836 0.019397
0 0.014628 0.698591 0.014103 0.018820
0 0.387943 0.841595 0.015268 0.019216
0 0.679603 0.961738 0.016572 0.019918
0 0.897317 0.683219 0.014344 0.017497
0 0.140313 0.649569 0.012880 0.016524
0 0.154007 0.486317 0.015219 0.019182
0 0.237470 0.668258 0.015282 0.018105
0 0.552881 0.606459 0.011614 0.015598
0 0.057638 0.356557 0.014510 0.017508
0 0.728019 0.966526 0.017796 0.024058
0 0.846227 0.567717 0.015161 0.020305
0 0.603861 0.859583 0.016184 0.021946
0 0.785532 0.840966 0.015496 0.020147
0 0.659176 0.769794 0.014797 0.019002
0 0.346542 0.810734 0.013671 0.019959
0 0.726652 0.290630 0.018127 0.021655
0 0.709928 0.722454 0.015250 0.022190
0 0.417385 0.551013 0.015659 0.020440
0 0.875500 0.724446 0.018475 0.021696
0 0.721536 0.707495 0.015341 0.018318
0 0.942476 0.329414 0.015502 0.019676
0 0.980332 0.954715 0.016192 0.018784
0 0.591477 0.887372 0.017038 0.022188
0 0.751891 0.963388 0.013703 0.017969
0 0.311216 0.521631 0.017364 0.022044
0 0.245871 0.518803 0.016295 0.019710
0 0.214613 0.453335 0.016296 0.018106
0 0.543893 0.456012 0.024186 0.028530
0 0.461654 0.467905 0.016706 0.020068
0 0.417261 0.854651 0.014896 0.018870
0 0.790527 0.729267 0.015115 0.018119
0 0.012761 0.115866 0.015484 0.018939
0 0.799999 0.823646 0.014500 0.018289
0 0.339773 0.557923 0.013822 0.017278
0 0.250245 0.386597 0.014742 0.019546
0 0.082415 0.565458 0.014003 0.018742
0 0.075621 0.243391 0.014635 0.018613
0 0.359578 0.469946 0.018473 0.021049
0 0.669407 0.810257 0.015780 0.019444
0 0.478212 0.305303 0.015085 0.018430
0 0.925616 0.507975 0.016443 0.020368
0 0.304970 0.577159 0.019293 0.021356
0 0.983764 0.649858 0.018161 0.023671
0 0.754139 0.261105 0.015001 0.016673
0 0.783976 0.119662 0.016238 0.020141
0 0.077991 0.286720 0.014661 0.017782
0 0.932204 0.878308 0.014526 0.018502
0 0.555674 0.318671 0.019199 0.022363
0 0.416586 0.143022 0.013649 0.018242
0 0.368815 0.008260 0.014907 0.013846
0 0.342007 0.940807 0.016960 0.024265
0 0.693090 0.713502 0.014235 0.020972
0 0.460607 0.278260 0.017725 0.023660
0 0.944118 0.296185 0.016837 0.018629
0 0.406309 0.656733 0.016754 0.022631
0 0.775853 0.569845 0.014737 0.016978
0 0.835915 0.399610 0.017292 0.020737
0 0.780750 0.459405 0.016727 0.021337
0 0.605963 0.299289 0.013875 0.015655
0 0.323971 0.934706 0.010979 0.014461
0 0.488717 0.461821 0.015440 0.020680
0 0.517992 0.743407 0.013808 0.016715
0 0.329800 0.291611 0.015468 0.021037
0 0.118075 0.851069 0.016350 0.020833
0 0.313532 0.102632 0.013800 0.016895
0 0.960513 0.181774 0.012120 0.015894
0 0.201250 0.727438 0.015579 0.017178
0 0.346186 0.730220 0.016538 0.021384
0 0.533450 0.533568 0.015362 0.018833
0 0.806161 0.263832 0.016391 0.021009
0 0.957001 0.701108 0.015398 0.019707
0 0.153286 0.444473 0.015097 0.018467
0 0.744042 0.980267 0.013872 0.014918
0 0.621320 0.056533 0.014969 0.018908
0 0.332094 0.042205 0.013441 0.016809
0 0.698928 0.249180 0.011991 0.014448
0 0.442532 0.615420 0.015223 0.018341
0 0.894670 0.374617 0.015531 0.019223
0 0.995356 0.774899 0.009288 0.022350
0 0.241854 0.263876 0.019116 0.022504
0 0.984274 0.469790 0.019364 0.022776
0 0.841364 0.840746 0.014610 0.017085
0 0.234185 0.311893 0.018080 0.021378
0 0.301754 0.051952 0.013467 0.017834
0 0.940187 0.095681 0.015419 0.019428
0 0.812120 0.767327 0.016348 0.023442
0 0.928893 0.114121 0.013496 0.016207
0 0.996694 0.577212 0.006613 0.022081
0 0.086062 0.434637 0.014177 0.016893
0 0.596515 0.179834 0.014621 0.018302
0 0.751522 0.653536 0.014458 0.019339
0 0.535317 0.147893 0.011546 0.013585
0 0.683845 0.287017 0.014369 0.018496
0 0.734219 0.135364 0.016125 0.019385
0 0.840245 0.026736 0.017758 0.019811
0 0.622372 0.261832 0.014165 0.018342
0 0.017579 0.358162 0.010497 0.012200
0 0.813198 0.870631 0.014411 0.016434
0 0.296336 0.283959 0.015850 0.017227
0 0.392948 0.107486 0.013711 0.017797
0 0.061136 0.489048 0.016657 0.017964
0 0.186847 0.466012 0.010772 0.013502
0 0.555238 0.981426 0.016000 0.018313
0 0.906190 0.778213 0.014227 0.016651
0 0.344116 0.943120 0.017108 0.024124
0 0.368123 0.128588 0.013071 0.016415
0 0.267402 0.115646 0.012858 0.015337
0 0.248199 0.130660 0.014104 0.015804
0 0.917854 0.457360 0.012938 0.019074
0 0.422898 0.469178 0.014037 0.017733
0 0.294544 0.126267 0.014705 0.019058
0 0.695315 0.056414 0.013704 0.019172
0 0.346842 0.947993 0.015637 0.020339
0 0.718736 0.711119 0.018423 0.023964
0 0.568383 0.140860 0.010546 0.012849
0 0.388963 0.842450 0.017402 0.024178
0 0.946474 0.422618 0.018706 0.022435
0 0.231771 0.309504 0.020491 0.024274
0 0.391039 0.106314 0.016274 0.019107
