0 0.774911 0.844662 0.023420 0.028654
0 0.153118 0.892759 0.017750 0.022828
0 0.911616 0.883734 0.016919 0.021056
0 0.235430 0.742169 0.015375 0.022432
0 0.151499 0.923834 0.019360 0.022452
0 0.123349 0.910410 0.018012 0.023303
0 0.232713 0.554741 0.019166 0.024137
0 0.794613 0.233907 0.017354 0.024923
0 0.086059 0.505080 0.019116 0.023022
0 0.904976 0.322735 0.017663 0.021583
0 0.882744 0.601995 0.019507 0.023578
0 0.419903 0.492861 0.017610 0.020910
0 0.843192 0.274325 0.017309 0.020542
0 0.007149 0.228717 0.014273 0.023379
0 0.280953 0.797131 0.017551 0.021422
0 0.318142 0.085610 0.016879 0.020735
0 0.675059 0.251972 0.015040 0.019758
0 0.045366 0.974793 0.017312 0.021195
0 0.284177 0.326199 0.017761 0.022571
0 0.481958 0.778317 0.017741 0.022732
0 0.981657 0.292766 0.018064 0.022331
0 0.005134 0.983321 0.010269 0.020894
0 0.148550 0.790667 0.020909 0.025869
0 0.610361 0.266113 0.017917 0.022646
0 0.855269 0.229537 0.019496 0.023212
0 0.102730 0.486839 0.015751 0.019681
0 0.871203 0.873082 0.016296 0.019106
0 0.722093 0.950791 0.020280 0.024123
0 0.365059 0.010654 0.018116 0.019917
0 0.019645 0.881615 0.019369 0.025425
0 0.042712 0.412367 0.015722 0.019780
0 0.124129 0.235194 0.018291 0.023057
0 0.790036 0.870277 0.018295 0.023229
0 0.051983 0.750679 0.016159 0.021237
0 0.120614 0.063539 0.014842 0.017526
0 0.517592 0.136366 0.015200 0.019043
0 0.698874 0.278817 0.017264 0.022507
0 0.315277 0.175482 0.019083 0.024601
0 0.005573 0.727603 0.011146 0.019558
0 0.361490 0.329250 0.015871 0.020927
0 0.569761 0.221962 0.017056 0.020763
0 0.277789 0.492542 0.016622 0.021456
0 0.904565 0.431359 0.015997 0.019633
0 0.568839 0.885977 0.019496 0.023873
0 0.305265 0.279026 0.015038 0.016675
0 0.320815 0.444459 0.016275 0.019816
0 0.654133 0.267685 0.019878 0.030465
0 0.310912 0.382688 0.015807 0.021246
0 0.280081 0.665039 0.016011 0.019674
0 0.429783 0.667215 0.015988 0.020730
0 0.770376 0.204267 0.016644 0.023013
0 0.206998 0.010441 0.013360 0.017377
0 0.211460 0.740460 0.017080 0.021684
0 0.083555 0.874610 0.015346 0.019338
0 0.053956 0.191987 0.017560 0.019844
0 0.299482 0.148068 0.016106 0.021619
0 0.770175 0.233992 0.016230 0.020601
0 0.648438 0.157061 0.016644 0.020713
0 0.547957 0.149259 0.013668 0.018243
0 0.426150 0.242209 0.018239 0.021075
0 0.521207 0.409622 0.017735 0.022451
0 0.396314 0.303324 0.017402 0.022478
0 0.907566 0.631593 0.012125 0.016197
0 0.326397 0.395958 0.014645 0.017599
0 0.297445 0.257079 0.017494 0.019214
0 0.801893 0.081387 0.015570 0.019376
0 0.661154 0.521079 0.015387 0.020349
0 0.244332 0.455807 0.016046 0.020336
0 0.138592 0.711333 0.016246 0.021038
0 0.634655 0.505753 0.016274 0.019956
0 0.859788 0.624322 0.017359 0.021490
0 0.062041 0.240331 0.018799 0.024849
0 0.122664 0.797562 0.015258 0.020417
0 0.914907 0.134860 0.018803 0.020958
0 0.599357 0.151425 0.014920 0.019558
0 0.156530 0.051844 0.017672 0.022438
0 0.539423 0.655612 0.017774 0.019407
0 0.254720 0.596830 0.016603 0.021531
0 0.881459 0.421775 0.017979 0.022832
0 0.041307 0.108624 0.015007 0.019896
0 0.110331 0.263332 0.017662 0.022847
0 0.276887 0.695436 0.016176 0.020829
0 0.652768 0.271845 0.019631 0.022536
0 0.026667 0.179121 0.016922 0.020951
0 0.638134 0.300168 0.014358 0.016185
0 0.981764 0.265348 0.013809 0.016866
0 0.501199 0.575044 0.016409 0.019625
0 0.928931 0.421927 0.016266 0.023243
0 0.498880 0.573418 0.018092 0.020476
0 0.864080 0.794688 0.016514 0.020901
0 0.233326 0.738222 0.017024 0.027371
0 0.976172 0.846264 0.014433 0.017771
0 0.425269 0.071821 0.015789 0.019243
0 0.828603 0.985011 0.017947 0.020298
0 0.254750 0.565921 0.014867 0.017022
0 0.083138 0.948236 0.015856 0.022570
0 0.829502 0.232159 0.014764 0.017538
0 0.357362 0.399003 0.019872 0.037206
0 0.933677 0.677680 0.018415 0.020196
0 0.990948 0.243822 0.015830 0.015718
0 0.316902 0.241430 0.014479 0.015146
0 0.358145 0.408897 0.016666 0.021889
