0 0.546460 0.415435 0.020315 0.022948
0 0.074331 0.306717 0.019988 0.026219
0 0.780679 0.897949 0.026888 0.027203
0 0.239613 0.555952 0.018497 0.022833
0 0.241131 0.743622 0.015686 0.019419
0 0.037596 0.724001 0.017843 0.023921
0 0.774231 0.211791 0.017043 0.018955
0 0.772565 0.380833 0.020197 0.021013
0 0.876483 0.140699 0.018573 0.024220
0 0.801849 0.873440 0.018653 0.023029
0 0.596714 0.549243 0.019023 0.024311
0 0.211225 0.746992 0.016153 0.019177
0 0.640106 0.307020 0.017773 0.021144
0 0.445204 0.317429 0.015608 0.021562
0 0.474605 0.626826 0.018960 0.024228
0 0.267028 0.741443 0.016481 0.021619
0 0.222758 0.273964 0.021726 0.024184
0 0.191510 0.349465 0.018672 0.022057
0 0.481422 0.148909 0.016639 0.021737
0 0.501953 0.148371 0.016409 0.023304
0 0.520390 0.412916 0.017285 0.022819
0 0.326873 0.266268 0.013624 0.019068
0 0.813751 0.751917 0.018151 0.022452
0 0.856221 0.115235 0.018798 0.023459
0 0.097316 0.286276 0.017806 0.019799
0 0.548637 0.658716 0.016638 0.021467
0 0.978166 0.293840 0.018167 0.023052
0 0.010632 0.732182 0.019878 0.024391
0 0.045561 0.420415 0.016157 0.021059
0 0.460971 0.109535 0.019741 0.025381
0 0.474549 0.483923 0.016098 0.020185
0 0.161593 0.894564 0.020844 0.027065
0 0.507444 0.613111 0.014769 0.018857
0 0.127215 0.280764 0.018465 0.024635
0 0.778426 0.237016 0.017458 0.020210
0 0.437337 0.495144 0.020776 0.026601
0 0.093431 0.505782 0.018469 0.023010
0 0.935723 0.680668 0.017935 0.021098
0 0.887416 0.420600 0.019191 0.024186
0 0.597648 0.795616 0.018786 0.022775
0 0.659716 0.122468 0.017998 0.022888
0 0.213691 0.433071 0.017223 0.021524
0 0.872842 0.631317 0.018887 0.024559
0 0.474881 0.450993 0.016945 0.022609
0 0.104675 0.320924 0.018193 0.022727
0 0.257597 0.308367 0.017297 0.021774
0 0.098028 0.471748 0.017741 0.019669
0 0.519707 0.262429 0.018073 0.022254
0 0.804281 0.087604 0.018547 0.019698
0 0.314323 0.853370 0.020128 0.029378
0 0.224483 0.969458 0.020166 0.022260
0 0.770199 0.943639 0.018816 0.021698
0 0.010067 0.616383 0.017035 0.020667
0 0.869195 0.881287 0.017390 0.021370
0 0.931850 0.220865 0.018930 0.024269
0 0.346963 0.259898 0.017427 0.024195
0 0.308477 0.157524 0.018753 0.022325
0 0.883917 0.527154 0.019107 0.021572
0 0.181951 0.721333 0.024522 0.036707
0 0.358082 0.200958 0.016665 0.019273
0 0.915094 0.429272 0.018304 0.022099
0 0.729630 0.129553 0.017406 0.020515
0 0.367841 0.018262 0.019318 0.024058
0 0.030475 0.136047 0.016913 0.019753
0 0.101712 0.402213 0.017611 0.022159
0 0.032662 0.178982 0.019176 0.025264
0 0.919066 0.886420 0.016628 0.020423
0 0.909846 0.908502 0.015079 0.019345
0 0.428140 0.040558 0.016932 0.019447
0 0.533715 0.699142 0.017022 0.023781
0 0.941479 0.408606 0.017350 0.021666
0 0.040358 0.116560 0.015859 0.019119
0 0.889750 0.289098 0.020349 0.021525
0 0.897574 0.113640 0.021471 0.027036
0 0.711063 0.343960 0.017501 0.021834
0 0.152905 0.538062 0.016380 0.019347
0 0.639458 0.506029 0.018364 0.021699
0 0.552857 0.159132 0.015052 0.018103
0 0.607911 0.155410 0.016538 0.020409
0 0.020819 0.403860 0.016486 0.019364
0 0.268061 0.572800 0.015591 0.019404
0 0.194659 0.260194 0.015556 0.019119
0 0.304411 0.263879 0.017853 0.021832
0 0.319614 0.243360 0.018950 0.022166
0 0.463602 0.332447 0.015291 0.018231
0 0.154839 0.281547 0.019332 0.023159
0 0.088692 0.869314 0.022254 0.026048
0 0.004027 0.028578 0.008054 0.024135
0 0.127908 0.485875 0.015245 0.023670
0 0.431844 0.668364 0.016887 0.022999
0 0.337916 0.297185 0.016842 0.020273
0 0.480168 0.257903 0.015704 0.020657
0 0.993490 0.246542 0.013020 0.019154
0 0.396747 0.340985 0.014291 0.018189
0 0.185719 0.725754 0.025963 0.030015
