0 0.102969 0.873687 0.024099 0.028310
0 0.763543 0.881944 0.018290 0.023214
0 0.195230 0.727957 0.027812 0.034492
0 0.936829 0.889285 0.027210 0.025995
0 0.604925 0.053659 0.021170 0.026023
0 0.784841 0.896258 0.019161 0.026087
0 0.888272 0.880741 0.020540 0.024658
0 0.739721 0.891370 0.018413 0.023574
0 0.031464 0.153858 0.017602 0.020545
0 0.880976 0.637876 0.018971 0.022224
0 0.611141 0.511893 0.022279 0.025726
0 0.810169 0.880369 0.019858 0.024965
0 0.171125 0.901983 0.020479 0.025999
0 0.763765 0.323962 0.024209 0.028344
0 0.782866 0.384965 0.024607 0.025269
0 0.562006 0.946024 0.020384 0.025085
0 0.312156 0.373841 0.030203 0.035903
0 0.143138 0.285324 0.020215 0.024548
0 0.989081 0.296201 0.019010 0.022890
0 0.251573 0.560147 0.019288 0.024250
0 0.373875 0.239884 0.020883 0.026610
0 0.315465 0.718896 0.018545 0.022101
0 0.742131 0.077415 0.020585 0.024433
0 0.327841 0.860937 0.020883 0.021996
0 0.475936 0.593135 0.019144 0.022829
0 0.569004 0.128675 0.016737 0.020289
0 0.084846 0.784841 0.015719 0.020651
0 0.351479 0.297370 0.018169 0.021923
0 0.060921 0.792293 0.017227 0.023901
0 0.102937 0.508989 0.019484 0.024089
0 0.789296 0.242784 0.020476 0.023151
0 0.341366 0.096830 0.017900 0.022728
0 0.912723 0.120399 0.020784 0.027968
0 0.625527 0.370209 0.020050 0.024276
0 0.041967 0.187938 0.020645 0.024754
0 0.911595 0.790891 0.020516 0.024452
0 0.604887 0.186764 0.019390 0.023543
0 0.235004 0.890635 0.019471 0.024614
0 0.531282 0.414816 0.019361 0.023025
0 0.464293 0.402513 0.020375 0.023410
0 0.443690 0.675816 0.018418 0.023853
0 0.788066 0.808709 0.020055 0.023032
0 0.125866 0.684696 0.016630 0.020103
0 0.848559 0.643377 0.021000 0.025162
0 0.897967 0.294291 0.023788 0.022432
0 0.495561 0.218258 0.022635 0.026415
0 0.191324 0.219045 0.017168 0.020299
0 0.329171 0.116832 0.015570 0.019851
0 0.516365 0.072708 0.017522 0.022453
0 0.493949 0.151992 0.020257 0.026501
0 0.011544 0.191304 0.018002 0.022045
0 0.088010 0.309940 0.020360 0.025303
0 0.147613 0.072933 0.020109 0.022078
0 0.058653 0.126744 0.017856 0.022515
0 0.897392 0.424036 0.020834 0.025398
0 0.319441 0.159129 0.020336 0.024299
0 0.143574 0.744472 0.017399 0.022605
0 0.457212 0.321312 0.018439 0.023917
0 0.332235 0.246297 0.020943 0.024813
0 0.275912 0.744661 0.016521 0.024755
0 0.489598 0.964222 0.020238 0.026322
0 0.409936 0.734253 0.018368 0.022602
0 0.252809 0.747229 0.015263 0.021633
0 0.087089 0.031697 0.016526 0.020839
0 0.564950 0.155626 0.015669 0.019377
0 0.010282 0.219691 0.016618 0.021121
0 0.867346 0.830759 0.019392 0.022919
0 0.135245 0.133469 0.017586 0.022166
0 0.890576 0.319039 0.017247 0.021220
0 0.550903 0.706582 0.020452 0.021068
0 0.746583 0.013653 0.018420 0.021500
0 0.886460 0.378814 0.019287 0.022914
0 0.789109 0.608194 0.020007 0.023288
0 0.485268 0.485743 0.017822 0.022428
0 0.551193 0.533298 0.017314 0.021112
0 0.816525 0.324127 0.017873 0.022283
0 0.173856 0.244958 0.017862 0.023984
0 0.356561 0.407086 0.018702 0.022946
0 0.471120 0.783161 0.017503 0.022315
0 0.379185 0.325481 0.021313 0.026307
0 0.531708 0.572021 0.020084 0.022900
0 0.556687 0.660036 0.019117 0.023634
0 0.057816 0.424037 0.017676 0.021924
0 0.229606 0.104591 0.018510 0.021909
0 0.279864 0.581009 0.015730 0.020311
0 0.949544 0.686690 0.018268 0.021792
0 0.993246 0.546854 0.013509 0.026540
0 0.785983 0.214556 0.017401 0.020438
0 0.320024 0.269627 0.019860 0.025300
0 0.854355 0.204914 0.018109 0.022390
0 0.336993 0.832462 0.019915 0.021965
0 0.162586 0.528107 0.022293 0.024315
0 0.456622 0.642283 0.018978 0.023419
0 0.078133 0.900802 0.016165 0.019834
0 0.810211 0.415730 0.016392 0.019810
0 0.818704 0.092651 0.018427 0.024883
0 0.620024 0.159178 0.018044 0.021527
0 0.986802 0.356357 0.018252 0.023122
0 0.381811 0.092638 0.016810 0.020340
0 0.634138 0.066589 0.017928 0.020423
0 0.700476 0.461248 0.018254 0.021886
0 0.409007 0.342578 0.013901 0.018866
0 0.575868 0.076888 0.023817 0.024243
0 0.487073 0.261402 0.017698 0.021071
0 0.072387 0.726200 0.013820 0.015731
0 0.996869 0.248228 0.006263 0.020020
0 0.006634 0.998104 0.012898 0.003793
