0 0.078507 0.405792 0.017952 0.022757
0 0.559612 0.525735 0.022640 0.030822
0 0.577685 0.480863 0.017269 0.020657
0 0.009248 0.548720 0.016896 0.025441
0 0.307559 0.575470 0.015182 0.020585
0 0.389118 0.090012 0.017740 0.021920
0 0.779779 0.782335 0.016793 0.021266
0 0.979481 0.849980 0.017556 0.021631
0 0.390821 0.830063 0.017421 0.026868
0 0.414383 0.804673 0.015942 0.021161
0 0.170195 0.293899 0.015491 0.017496
0 0.780643 0.450609 0.018553 0.023390
0 0.163097 0.017319 0.021210 0.024159
0 0.704934 0.269854 0.016014 0.022361
0 0.007188 0.670239 0.014377 0.021380
0 0.215203 0.320279 0.019564 0.025580
0 0.439018 0.480032 0.017438 0.021787
0 0.945092 0.329807 0.017417 0.019778
0 0.031661 0.535255 0.014738 0.016853
0 0.492640 0.457974 0.016694 0.021710
0 0.682829 0.281707 0.015290 0.019589
0 0.320366 0.134201 0.019302 0.021653
0 0.428629 0.457644 0.017413 0.018842
0 0.421892 0.546088 0.019059 0.022616
0 0.403476 0.231112 0.016413 0.021139
0 0.519147 0.028335 0.020107 0.021065
0 0.250705 0.386023 0.015929 0.020044
0 0.490309 0.974840 0.016965 0.018327
0 0.469831 0.825081 0.018789 0.021673
0 0.980101 0.179228 0.010522 0.012485
0 0.700641 0.762113 0.016884 0.020454
0 0.240023 0.314761 0.016960 0.022868
0 0.803556 0.768834 0.016436 0.018845
0 0.144746 0.361872 0.018307 0.022365
0 0.888261 0.689185 0.019685 0.023321
0 0.596695 0.064499 0.014515 0.018889
0 0.524179 0.461558 0.015575 0.017325
0 0.947388 0.452624 0.016250 0.021002
0 0.146998 0.323823 0.019520 0.017801
0 0.440864 0.396866 0.020138 0.021298
0 0.381542 0.660876 0.016023 0.018584
0 0.293410 0.601833 0.013517 0.016641
0 0.559609 0.305694 0.020874 0.024091
0 0.558739 0.977840 0.016316 0.017960
0 0.535211 0.527951 0.015011 0.019625
0 0.794818 0.821379 0.021570 0.024456
0 0.854693 0.569657 0.017600 0.021000
0 0.441577 0.748855 0.016347 0.020533
0 0.323289 0.558563 0.016680 0.021863
0 0.913786 0.169311 0.016905 0.024521
0 0.484086 0.306802 0.016853 0.021284
0 0.986685 0.648371 0.016304 0.020919
0 0.680723 0.956965 0.017362 0.021612
0 0.244589 0.645589 0.011981 0.015457
0 0.725687 0.253590 0.018086 0.023441
0 0.324189 0.105431 0.018587 0.022422
0 0.430357 0.847351 0.019384 0.022766
0 0.150550 0.442553 0.015628 0.020790
0 0.201747 0.420002 0.016535 0.020013
0 0.254155 0.525015 0.018349 0.021478
0 0.217035 0.449752 0.017431 0.021281
0 0.339597 0.285150 0.015590 0.019205
0 0.602489 0.858526 0.019814 0.023916
0 0.375968 0.009424 0.015206 0.016743
0 0.146051 0.109671 0.017687 0.021651
0 0.836306 0.905684 0.017133 0.020654
0 0.902785 0.776499 0.018665 0.024747
0 0.874213 0.589918 0.014786 0.019592
0 0.683970 0.119455 0.017082 0.021446
0 0.689857 0.711117 0.017876 0.022151
0 0.299543 0.288154 0.015163 0.021575
0 0.440709 0.616574 0.016467 0.021433
0 0.353438 0.804850 0.015244 0.018895
0 0.549660 0.440316 0.013861 0.017103
0 0.961254 0.962314 0.017512 0.024184
0 0.627874 0.063655 0.017748 0.022222
0 0.416054 0.089429 0.016576 0.020230
0 0.273918 0.662421 0.019348 0.026522
0 0.521315 0.483093 0.015427 0.018205
0 0.183809 0.176554 0.013704 0.016714
0 0.309043 0.787592 0.015523 0.019435
0 0.609133 0.179958 0.016682 0.020084
0 0.232428 0.366300 0.017057 0.022800
0 0.986004 0.812546 0.015906 0.023131
0 0.050478 0.380457 0.017976 0.021713
0 0.265490 0.116366 0.016585 0.020677
0 0.121098 0.213507 0.017921 0.021669
0 0.703756 0.057203 0.018325 0.022531
0 0.970726 0.316925 0.016749 0.021525
0 0.086065 0.283598 0.019483 0.023312
0 0.063880 0.727598 0.011643 0.012132
0 0.365502 0.476019 0.020261 0.021673
0 0.221330 0.774851 0.016858 0.019904
0 0.941514 0.058949 0.015939 0.021617
0 0.388945 0.549418 0.016747 0.021089
0 0.756519 0.643490 0.017789 0.023245
0 0.995706 0.775870 0.008589 0.022663
0 0.423718 0.150498 0.017973 0.023597
0 0.389424 0.834123 0.017830 0.024753
0 0.290624 0.571575 0.013788 0.018024
0 0.903293 0.727945 0.018694 0.021381
0 0.518051 0.737444 0.016680 0.020646
0 0.293984 0.084903 0.014070 0.018088
0 0.889441 0.850309 0.015104 0.017353
0 0.022734 0.813624 0.013274 0.016960
0 0.022067 0.112396 0.015396 0.018753
0 0.603560 0.428573 0.014384 0.018894
0 0.657701 0.681407 0.011863 0.012641
0 0.707639 0.244643 0.011913 0.014968
0 0.026000 0.554841 0.011981 0.015612
0 0.962453 0.178097 0.013515 0.016999
0 0.791882 0.577102 0.017354 0.022057
0 0.544501 0.057513 0.015184 0.018557
0 0.146546 0.561459 0.021433 0.022637
0 0.150520 0.565699 0.017907 0.020693
0 0.959581 0.204430 0.012122 0.014809
0 0.880511 0.840736 0.018700 0.021876
0 0.440637 0.980780 0.015636 0.019157
0 0.060312 0.421464 0.014796 0.018145
0 0.672126 0.604793 0.011133 0.013359
0 0.125799 0.734572 0.011530 0.014279
0 0.996840 0.708292 0.006321 0.021588
0 0.434853 0.244167 0.015566 0.017459
0 0.730213 0.259233 0.016400 0.023648
0 0.882661 0.842518 0.023710 0.024970
0 0.432689 0.231231 0.016746 0.022101
0 0.943894 0.440873 0.015815 0.018094
0 0.150174 0.323222 0.022248 0.018288
0 0.294435 0.084805 0.017468 0.023328
0 0.361170 0.478482 0.019566 0.019613
0 0.155674 0.323186 0.013029 0.017226
0 0.895500 0.054975 0.016131 0.018042
0 0.997044 0.128037 0.005911 0.017704
0 0.604146 0.426740 0.017233 0.021582
0 0.401160 0.866099 0.012972 0.017117
