0 0.545305 0.571317 0.015015 0.019641
0 0.281028 0.384833 0.019474 0.024013
0 0.225118 0.899215 0.017621 0.020128
0 0.385768 0.086435 0.014162 0.021557
0 0.035651 0.933446 0.016646 0.021569
0 0.747047 0.053056 0.018142 0.024027
0 0.123841 0.166062 0.020205 0.026429
0 0.628440 0.944789 0.018174 0.024395
0 0.478974 0.886740 0.017337 0.021389
0 0.565054 0.087530 0.015806 0.020957
0 0.154795 0.152499 0.017388 0.020100
0 0.117637 0.489458 0.017770 0.022763
0 0.447750 0.027116 0.017557 0.020199
0 0.839082 0.864747 0.013897 0.019215
0 0.218523 0.948897 0.015486 0.018924
0 0.817177 0.894618 0.014986 0.020100
0 0.251523 0.470000 0.021467 0.025442
0 0.805831 0.264872 0.016044 0.022453
0 0.492092 0.850695 0.019906 0.023482
0 0.008679 0.654299 0.016708 0.021175
0 0.769910 0.742339 0.015987 0.020891
0 0.515993 0.292404 0.019176 0.023789
0 0.934333 0.890267 0.014064 0.017803
0 0.749347 0.828312 0.018264 0.024246
0 0.710311 0.941500 0.017480 0.021163
0 0.661621 0.337275 0.015745 0.019589
0 0.805078 0.405508 0.017194 0.019526
0 0.130148 0.232779 0.018012 0.022366
0 0.622083 0.633548 0.015849 0.020333
0 0.511156 0.966239 0.023249 0.027390
0 0.980875 0.670709 0.018569 0.022664
0 0.996059 0.365110 0.007882 0.020505
0 0.817650 0.017495 0.017802 0.023285
0 0.795606 0.605012 0.017953 0.020545
0 0.215227 0.260853 0.015751 0.018558
0 0.013535 0.333512 0.015823 0.018808
0 0.043353 0.071353 0.015961 0.020817
0 0.067201 0.038913 0.016205 0.021547
0 0.650050 0.675309 0.017191 0.022129
0 0.764442 0.960669 0.015956 0.019672
0 0.631552 0.332860 0.015417 0.020235
0 0.394350 0.825105 0.018519 0.021910
0 0.691467 0.130876 0.018543 0.022278
0 0.815022 0.867700 0.018049 0.022317
0 0.114451 0.543906 0.017368 0.021763
0 0.325274 0.811590 0.015665 0.018308
0 0.768377 0.188926 0.018424 0.023070
0 0.237518 0.497383 0.019783 0.020583
0 0.260562 0.615882 0.015738 0.018602
0 0.706586 0.578090 0.015614 0.018722
0 0.653526 0.781292 0.016361 0.020868
0 0.466327 0.676015 0.017596 0.022032
0 0.521834 0.570267 0.017172 0.021580
0 0.304421 0.824854 0.017571 0.020411
0 0.584115 0.649876 0.015522 0.021128
0 0.451949 0.259670 0.017423 0.020165
0 0.831293 0.560373 0.015880 0.018800
0 0.738889 0.086709 0.012901 0.016185
0 0.443125 0.501254 0.013986 0.017244
0 0.387810 0.772145 0.018958 0.025922
0 0.461991 0.866424 0.014849 0.019382
0 0.016529 0.070439 0.016335 0.018184
0 0.646108 0.067911 0.016009 0.023464
0 0.081459 0.490285 0.013638 0.018807
0 0.736850 0.914200 0.015999 0.021375
0 0.375948 0.039818 0.014100 0.017478
0 0.307570 0.027689 0.015560 0.018494
0 0.513921 0.543037 0.015619 0.019592
0 0.720198 0.521501 0.018191 0.024081
0 0.216561 0.226507 0.017327 0.021994
0 0.786005 0.654796 0.015979 0.020880
0 0.841248 0.502523 0.017322 0.021950
0 0.197646 0.090198 0.015205 0.017925
0 0.049715 0.106951 0.014293 0.020782
0 0.828501 0.524940 0.017659 0.022531
0 0.231927 0.867514 0.016405 0.021504
0 0.317816 0.094802 0.015474 0.021762
0 0.173707 0.713787 0.017395 0.021674
0 0.251978 0.958733 0.015457 0.019801
0 0.023824 0.707071 0.016054 0.017657
0 0.537437 0.945189 0.014958 0.018815
0 0.817654 0.969083 0.016538 0.021914
0 0.797061 0.052096 0.014533 0.019570
0 0.643499 0.100974 0.014002 0.017782
0 0.946049 0.506725 0.017091 0.021048
0 0.533105 0.438051 0.016663 0.022605
0 0.190243 0.870516 0.016210 0.020815
0 0.791023 0.728906 0.015539 0.021172
0 0.485396 0.136448 0.019991 0.024169
0 0.086057 0.850115 0.016005 0.020508
0 0.456657 0.401583 0.012478 0.017239
0 0.840876 0.039712 0.012558 0.018962
0 0.196381 0.943163 0.016802 0.024596
0 0.590957 0.049370 0.015042 0.018921
0 0.939624 0.840714 0.018966 0.022606
0 0.865361 0.109722 0.014904 0.018338
0 0.665111 0.599265 0.015994 0.019883
0 0.832913 0.075567 0.014959 0.016591
0 0.016344 0.578695 0.017542 0.022242
0 0.081885 0.464327 0.012206 0.015797
0 0.027519 0.203320 0.011926 0.016513
0 0.685307 0.660272 0.016452 0.020593
0 0.966953 0.232722 0.019244 0.025958
0 0.111040 0.420872 0.019869 0.023881
0 0.288023 0.020930 0.015853 0.018704
0 0.209499 0.975839 0.018602 0.021223
0 0.182040 0.962987 0.014262 0.018889
0 0.712128 0.904864 0.016970 0.020678
0 0.436310 0.125439 0.015731 0.020302
0 0.403147 0.679684 0.013721 0.017874
0 0.042763 0.899211 0.013975 0.019922
0 0.426554 0.007898 0.014307 0.014565
0 0.035047 0.876156 0.013581 0.016127
0 0.831434 0.929373 0.015349 0.019721
0 0.030032 0.129623 0.017810 0.020647
0 0.078848 0.922590 0.016665 0.021332
0 0.114479 0.674303 0.016378 0.020520
0 0.904337 0.135609 0.016180 0.019749
0 0.366802 0.640308 0.014691 0.017400
0 0.620435 0.972080 0.012793 0.017984
0 0.067868 0.071312 0.012803 0.018228
0 0.566240 0.622761 0.016466 0.020115
0 0.628554 0.738114 0.014466 0.021189
0 0.102931 0.469509 0.016353 0.023753
0 0.586302 0.312751 0.017698 0.021834
0 0.399487 0.009433 0.012930 0.015920
0 0.466840 0.336798 0.014761 0.019424
0 0.650516 0.971657 0.015152 0.017554
0 0.964219 0.990759 0.017036 0.015496
0 0.113964 0.638600 0.015019 0.020007
0 0.004195 0.190834 0.008391 0.018462
0 0.825471 0.035142 0.009629 0.013814
0 0.280204 0.495314 0.017533 0.023149
0 0.991165 0.548490 0.014700 0.017069
0 0.811951 0.672882 0.014676 0.019112
0 0.752569 0.460653 0.011042 0.014203
0 0.057716 0.467048 0.015354 0.020379
0 0.853346 0.671660 0.016725 0.020017
0 0.747767 0.564287 0.016791 0.022344
0 0.754056 0.484118 0.012280 0.018590
0 0.294337 0.097969 0.014662 0.020402
0 0.015263 0.894040 0.015509 0.018168
0 0.694075 0.008637 0.014729 0.014831
0 0.361873 0.950939 0.014671 0.018177
0 0.884592 0.991126 0.016979 0.015035
0 0.117305 0.022096 0.013565 0.012517
0 0.380892 0.650790 0.015452 0.020083
0 0.214106 0.009063 0.014583 0.015105
0 0.313012 0.048338 0.016196 0.021550
0 0.330397 0.045126 0.013651 0.016789
0 0.798430 0.978277 0.015071 0.018275
0 0.861132 0.600930 0.016213 0.021106
0 0.673410 0.991053 0.014155 0.015346
0 0.011303 0.100269 0.013707 0.020695
0 0.369549 0.971596 0.013356 0.017911
0 0.281833 0.460876 0.014993 0.019079
0 0.613651 0.062361 0.012611 0.017494
0 0.272102 0.320064 0.015118 0.018940
0 0.269658 0.636990 0.014452 0.017280
0 0.752591 0.938273 0.016509 0.019112
0 0.533432 0.989788 0.011600 0.013715
0 0.706872 0.974808 0.011943 0.015545
0 0.611009 0.107239 0.016429 0.021227
0 0.733596 0.991196 0.012303 0.014866
0 0.633799 0.525671 0.014733 0.019332
0 0.670006 0.750178 0.014262 0.017335
0 0.104616 0.581240 0.012054 0.014071
0 0.235658 0.744977 0.011543 0.016251
0 0.838622 0.472828 0.011486 0.015128
0 0.831492 0.908959 0.010961 0.012767
0 0.786400 0.269339 0.012914 0.017907
0 0.951091 0.188211 0.014084 0.020524
0 0.466648 0.148002 0.015094 0.020234
0 0.355009 0.615933 0.011569 0.015264
0 0.971970 0.194624 0.010708 0.015318
0 0.419188 0.645625 0.014035 0.016743
0 0.427560 0.319133 0.011974 0.015716
