0 0.557688 0.522521 0.027209 0.035296
0 0.703789 0.272917 0.015806 0.021488
0 0.926484 0.772200 0.014700 0.018216
0 0.210638 0.321990 0.020969 0.027036
0 0.982653 0.649561 0.017545 0.022379
0 0.902210 0.774495 0.019245 0.023725
0 0.432293 0.752929 0.016192 0.021110
0 0.236247 0.314998 0.016804 0.024185
0 0.832702 0.920847 0.015477 0.018914
0 0.752041 0.704160 0.016548 0.021211
0 0.426105 0.395725 0.019601 0.022365
0 0.589882 0.831831 0.011745 0.014550
0 0.699827 0.764532 0.015718 0.019881
0 0.724417 0.735961 0.016202 0.019421
0 0.080817 0.251196 0.015106 0.019636
0 0.429650 0.427354 0.016958 0.020502
0 0.344076 0.905602 0.019077 0.024406
0 0.903560 0.731154 0.014396 0.018435
0 0.951674 0.293583 0.017278 0.022052
0 0.403176 0.237459 0.016343 0.021982
0 0.064510 0.277656 0.013766 0.017315
0 0.720201 0.255057 0.015961 0.021497
0 0.937970 0.807145 0.015892 0.019239
0 0.944764 0.337699 0.019667 0.022439
0 0.165660 0.022063 0.017545 0.022203
0 0.909544 0.659195 0.014578 0.017925
0 0.918744 0.747389 0.013065 0.015235
0 0.424806 0.154972 0.015564 0.020794
0 0.776228 0.917813 0.013542 0.017280
0 0.928447 0.977440 0.013440 0.017601
0 0.420141 0.880598 0.015557 0.019413
0 0.417847 0.854102 0.014149 0.017408
0 0.149751 0.444067 0.017277 0.023555
0 0.177295 0.641550 0.016243 0.019136
0 0.237999 0.667061 0.015565 0.021708
0 0.074951 0.175888 0.016228 0.019612
0 0.305467 0.580948 0.018091 0.021036
0 0.234541 0.891236 0.014200 0.017205
0 0.045006 0.384399 0.014977 0.018005
0 0.350002 0.736002 0.021124 0.023386
0 0.703004 0.738176 0.015190 0.019337
0 0.401678 0.085154 0.011768 0.019408
0 0.358676 0.827332 0.015567 0.019462
0 0.135896 0.361948 0.017019 0.021457
0 0.676392 0.961836 0.016228 0.021327
0 0.382277 0.335014 0.017011 0.020931
0 0.797242 0.822460 0.017192 0.022311
0 0.527748 0.338334 0.014120 0.018209
0 0.027049 0.347892 0.018211 0.022224
0 0.301024 0.050252 0.016268 0.020633
0 0.383425 0.843017 0.015746 0.019009
0 0.602618 0.860479 0.018401 0.022632
0 0.932565 0.878474 0.015200 0.019051
0 0.756662 0.922131 0.014945 0.020065
0 0.433493 0.245804 0.014350 0.019764
0 0.355099 0.283837 0.012040 0.014919
0 0.944266 0.609012 0.016783 0.017658
0 0.848921 0.569308 0.016752 0.021038
0 0.556343 0.314537 0.017173 0.022396
0 0.698749 0.902553 0.013923 0.016161
0 0.248801 0.387646 0.017357 0.021068
0 0.733776 0.507386 0.016883 0.021100
0 0.733902 0.980253 0.015832 0.018251
0 0.489369 0.459736 0.017226 0.022993
0 0.964176 0.466301 0.014650 0.018471
0 0.426463 0.465861 0.015883 0.019132
0 0.348271 0.544345 0.015224 0.019373
0 0.862899 0.139041 0.014587 0.018866
0 0.597021 0.951615 0.013348 0.016763
0 0.621035 0.059685 0.018150 0.021776
0 0.683676 0.286905 0.014665 0.020551
0 0.597442 0.185936 0.017404 0.020384
0 0.596976 0.634416 0.015934 0.021334
0 0.073951 0.898748 0.017431 0.024238
0 0.964796 0.149856 0.015300 0.020530
0 0.314205 0.555283 0.016184 0.019973
0 0.415966 0.092072 0.016231 0.021870
0 0.361085 0.469105 0.016255 0.020236
0 0.414337 0.554381 0.018120 0.022208
0 0.767697 0.494713 0.014435 0.017159
0 0.348358 0.809065 0.014930 0.018482
0 0.526519 0.664106 0.017158 0.021901
0 0.644597 0.115627 0.017158 0.019186
0 0.145318 0.113980 0.015261 0.019841
0 0.864459 0.694308 0.014539 0.019742
0 0.216747 0.452104 0.016611 0.019327
0 0.889182 0.442361 0.015604 0.019614
0 0.907350 0.975517 0.015814 0.018915
0 0.478332 0.304636 0.016088 0.020716
0 0.962761 0.971138 0.016875 0.022989
0 0.230452 0.370229 0.015332 0.020809
0 0.315679 0.418218 0.017697 0.025174
0 0.334230 0.290452 0.016380 0.019266
0 0.868189 0.251036 0.017401 0.022138
0 0.992991 0.162512 0.013888 0.018964
0 0.298590 0.006261 0.012663 0.011005
0 0.214305 0.623856 0.017812 0.021693
0 0.221508 0.914848 0.016614 0.021857
0 0.820523 0.320013 0.018627 0.021880
0 0.700989 0.249190 0.011059 0.014674
0 0.102967 0.466132 0.015375 0.016336
0 0.438308 0.619114 0.017049 0.020347
0 0.312384 0.102165 0.016900 0.019633
0 0.780086 0.456650 0.017555 0.024988
0 0.625580 0.499758 0.018311 0.022174
0 0.848266 0.378265 0.015064 0.020694
0 0.927349 0.733951 0.015128 0.018900
0 0.695044 0.058316 0.017339 0.020231
0 0.342313 0.621189 0.017332 0.022112
0 0.246384 0.517209 0.017397 0.020931
0 0.067067 0.981769 0.015674 0.015776
0 0.102370 0.637466 0.015490 0.019512
0 0.944782 0.457242 0.014813 0.019950
0 0.539616 0.433287 0.017480 0.019435
0 0.962290 0.180427 0.013289 0.017036
0 0.900001 0.466491 0.017289 0.019683
0 0.687111 0.713469 0.020805 0.020937
0 0.293425 0.128301 0.017239 0.020582
0 0.832736 0.975449 0.017318 0.019265
0 0.914175 0.320211 0.017905 0.020879
0 0.518129 0.743572 0.015174 0.018972
0 0.794805 0.055147 0.011948 0.014418
0 0.557773 0.980368 0.016263 0.019594
0 0.837814 0.901907 0.016966 0.017317
0 0.833422 0.992508 0.015790 0.014214
0 0.840076 0.777063 0.013803 0.017621
0 0.996191 0.779060 0.007619 0.021694
0 0.367773 0.007153 0.015392 0.012871
0 0.060910 0.421754 0.015856 0.019451
0 0.946524 0.788417 0.014969 0.017142
0 0.091428 0.539665 0.013326 0.020505
0 0.153071 0.481459 0.013880 0.017531
0 0.029562 0.521159 0.010762 0.011895
0 0.642194 0.093552 0.015017 0.016393
0 0.298953 0.285303 0.015598 0.017456
0 0.206754 0.541361 0.012056 0.014233
0 0.591992 0.289782 0.012019 0.012139
0 0.996816 0.829608 0.006367 0.016796
0 0.193187 0.758242 0.015834 0.020008
0 0.751917 0.654273 0.015616 0.020726
0 0.040590 0.360863 0.013706 0.015818
0 0.928011 0.467942 0.014238 0.017742
0 0.047980 0.327210 0.015708 0.021114
0 0.491073 0.408131 0.013689 0.016707
0 0.214352 0.617231 0.017593 0.033287
0 0.990020 0.956024 0.016021 0.019777
0 0.105271 0.541355 0.011234 0.016513
0 0.533189 0.534880 0.014240 0.017655
0 0.415430 0.753548 0.011113 0.017284
0 0.266786 0.118296 0.015121 0.019909
0 0.352639 0.484974 0.013716 0.017401
0 0.783690 0.818502 0.012636 0.018273
0 0.542182 0.434548 0.018870 0.019289
0 0.056223 0.332415 0.015032 0.019319
0 0.953583 0.291152 0.018833 0.025573
0 0.769126 0.696296 0.011890 0.017719
0 0.836440 0.904169 0.019126 0.020711
0 0.221543 0.310812 0.010594 0.023280
0 0.318010 0.561812 0.020859 0.027858
0 0.035000 0.357185 0.017796 0.018597
0 0.093569 0.538184 0.015109 0.021489
