0 0.024189 0.885714 0.023060 0.028548
0 0.955181 0.857890 0.018486 0.022958
0 0.980970 0.853688 0.017084 0.021005
0 0.539341 0.975381 0.022580 0.027739
0 0.933081 0.992669 0.018102 0.014663
0 0.813891 0.350552 0.018057 0.022745
0 0.491224 0.833536 0.019799 0.023938
0 0.408813 0.658573 0.015387 0.019676
0 0.494356 0.012678 0.018258 0.022407
0 0.140311 0.500316 0.018197 0.023150
0 0.840422 0.873206 0.016184 0.019243
0 0.030511 0.987127 0.018662 0.020373
0 0.366286 0.935549 0.016774 0.021523
0 0.428802 0.018554 0.019721 0.024376
0 0.977935 0.351862 0.017828 0.023618
0 0.625376 0.685992 0.019348 0.023271
0 0.209827 0.465915 0.016809 0.021433
0 0.908028 0.019882 0.019828 0.025003
0 0.350700 0.117397 0.019452 0.022587
0 0.723948 0.474574 0.018619 0.024673
0 0.175309 0.040248 0.017826 0.021033
0 0.466602 0.022109 0.016808 0.020801
0 0.753331 0.918628 0.018952 0.023107
0 0.335857 0.986963 0.019684 0.020026
0 0.704228 0.357555 0.020156 0.023671
0 0.861790 0.276626 0.019295 0.024341
0 0.331183 0.835414 0.016809 0.020296
0 0.024706 0.556519 0.021572 0.024647
0 0.290173 0.459077 0.017451 0.021135
0 0.307531 0.393217 0.019572 0.024066
0 0.468584 0.348289 0.017801 0.021193
0 0.426619 0.629698 0.015322 0.017530
0 0.319328 0.441911 0.017205 0.022113
0 0.876680 0.594179 0.017015 0.021684
0 0.738679 0.061917 0.020252 0.024383
0 0.601036 0.539665 0.017562 0.021592
0 0.811658 0.287615 0.015071 0.018408
0 0.102173 0.835201 0.018582 0.022348
0 0.405304 0.713652 0.018702 0.022938
0 0.130792 0.931828 0.021368 0.024955
0 0.587029 0.390996 0.019795 0.022768
0 0.935402 0.435874 0.018124 0.024462
0 0.252776 0.814010 0.018917 0.024922
0 0.516563 0.396709 0.017557 0.022307
0 0.984946 0.649785 0.018217 0.020082
0 0.400693 0.012477 0.019895 0.019809
0 0.489571 0.156523 0.017818 0.021940
0 0.156240 0.242711 0.017758 0.020934
0 0.067043 0.869801 0.017703 0.021652
0 0.513189 0.702386 0.018069 0.023184
0 0.514110 0.873067 0.019366 0.022947
0 0.255896 0.053415 0.017886 0.022141
0 0.960373 0.244930 0.019273 0.023072
0 0.189929 0.684635 0.018044 0.021441
0 0.412813 0.079004 0.019509 0.019722
0 0.553622 0.446756 0.016717 0.019395
0 0.408335 0.103773 0.016317 0.020311
0 0.692355 0.956660 0.015524 0.019875
0 0.545472 0.763729 0.016652 0.021008
0 0.537848 0.430135 0.018665 0.021955
0 0.162202 0.074166 0.018178 0.020700
0 0.771164 0.730868 0.017177 0.021261
0 0.993988 0.889861 0.012024 0.024115
0 0.533034 0.234410 0.018110 0.023640
0 0.739454 0.127310 0.021185 0.022026
0 0.156105 0.553063 0.019413 0.024096
0 0.229644 0.335961 0.017003 0.020548
0 0.758930 0.596864 0.016293 0.020468
0 0.782710 0.150853 0.017248 0.022594
0 0.842989 0.782178 0.016686 0.021001
0 0.482427 0.521519 0.017673 0.022439
0 0.785059 0.064851 0.018451 0.023050
0 0.817838 0.630736 0.016839 0.019781
0 0.193112 0.726238 0.017807 0.021834
0 0.715314 0.446702 0.016883 0.019452
0 0.380793 0.921608 0.014242 0.018978
0 0.276724 0.807103 0.018260 0.023345
0 0.400181 0.921846 0.014748 0.019463
0 0.404080 0.887675 0.017275 0.021087
0 0.391017 0.652911 0.013306 0.019783
0 0.956714 0.891174 0.016827 0.019999
0 0.511106 0.098550 0.018039 0.022427
0 0.153968 0.437375 0.018823 0.023521
0 0.808388 0.665515 0.017814 0.020723
0 0.830137 0.432214 0.015162 0.019573
0 0.273729 0.477043 0.020501 0.025622
0 0.827966 0.896766 0.018571 0.022964
0 0.244216 0.239600 0.018136 0.022033
0 0.174151 0.283929 0.016265 0.022768
0 0.606159 0.011712 0.016424 0.019507
0 0.437166 0.045889 0.015393 0.018328
0 0.224509 0.487808 0.016909 0.020155
0 0.799353 0.092097 0.017189 0.022606
0 0.281880 0.973090 0.017379 0.020602
0 0.105433 0.217456 0.018766 0.022196
0 0.045177 0.654690 0.019063 0.023009
0 0.421173 0.600608 0.016447 0.019699
0 0.868770 0.682579 0.019329 0.022816
0 0.813358 0.691450 0.018638 0.021392
0 0.705674 0.174866 0.018732 0.024406
0 0.157882 0.727147 0.017046 0.021739
0 0.581863 0.465924 0.018329 0.022911
0 0.727686 0.596393 0.018079 0.021799
0 0.939433 0.503980 0.017592 0.023171
0 0.884000 0.169179 0.018109 0.022064
0 0.354457 0.049417 0.015890 0.018779
0 0.369678 0.652514 0.016402 0.019850
0 0.059019 0.944424 0.018795 0.023402
0 0.622976 0.363342 0.017053 0.021445
0 0.237809 0.587072 0.019251 0.023234
0 0.632294 0.119950 0.012503 0.017600
0 0.246246 0.437957 0.016139 0.020624
0 0.523551 0.745237 0.015033 0.020304
0 0.778190 0.260886 0.017205 0.020217
0 0.135052 0.194004 0.015725 0.020342
0 0.309043 0.038167 0.016885 0.024589
0 0.841519 0.976036 0.018319 0.019517
0 0.774521 0.539454 0.021571 0.025477
0 0.096163 0.513920 0.016147 0.020446
0 0.385921 0.959357 0.014395 0.017693
0 0.339184 0.382994 0.013941 0.019444
0 0.123791 0.831682 0.010668 0.014409
0 0.709440 0.944429 0.014786 0.019688
0 0.369581 0.971386 0.015708 0.018897
0 0.775735 0.981081 0.016500 0.021031
0 0.696022 0.880814 0.016675 0.018810
0 0.695271 0.994058 0.019231 0.011883
0 0.131681 0.271426 0.014377 0.017182
0 0.308618 0.635538 0.012745 0.016126
0 0.730130 0.980780 0.012920 0.014965
0 0.465976 0.500430 0.014542 0.016775
0 0.255155 0.720643 0.014163 0.018784
0 0.949552 0.785130 0.014624 0.021284
0 0.574826 0.794755 0.011014 0.011718
0 0.958583 0.352705 0.009854 0.013795
0 0.613922 0.829196 0.014550 0.018772
0 0.922430 0.827922 0.013732 0.017824
0 0.355220 0.637945 0.013249 0.015622
0 0.630819 0.087418 0.011950 0.016218
0 0.352945 0.047574 0.018123 0.022950
0 0.839136 0.996143 0.020983 0.007714
0 0.461569 0.622897 0.013077 0.016086
0 0.756818 0.638294 0.013118 0.017689
0 0.051988 0.207119 0.013054 0.014505
0 0.582444 0.224908 0.014025 0.017966
0 0.695524 0.995295 0.018471 0.009410
0 0.966093 0.399899 0.011693 0.015651
0 0.160917 0.300046 0.014036 0.014162
0 0.090479 0.102049 0.013107 0.014492
0 0.839822 0.995001 0.023489 0.009997
0 0.442506 0.314572 0.013402 0.016533
0 0.895955 0.801796 0.012503 0.015786
0 0.881070 0.069494 0.011838 0.015747
0 0.594883 0.115067 0.013320 0.017297
0 0.415233 0.001857 0.017471 0.003713
0 0.138583 0.968308 0.014525 0.021046
0 0.729350 0.978749 0.014052 0.016632
0 0.246703 0.161581 0.015262 0.022047
0 0.939498 0.748912 0.014527 0.017058
0 0.290355 0.456553 0.020299 0.027220
0 0.390990 0.649713 0.016375 0.023571
0 0.159810 0.007466 0.010877 0.012669
0 0.250458 0.164591 0.012839 0.020763
