0 0.913075 0.884128 0.017113 0.022293
0 0.234549 0.553538 0.019013 0.023916
0 0.145571 0.917593 0.016513 0.020681
0 0.815754 0.307130 0.020323 0.026537
0 0.007487 0.734117 0.014975 0.022730
0 0.343234 0.350437 0.018851 0.022236
0 0.337960 0.252290 0.020057 0.026884
0 0.237168 0.741575 0.015291 0.020749
0 0.208390 0.742349 0.016747 0.019504
0 0.468045 0.451707 0.018594 0.022389
0 0.704686 0.514287 0.018974 0.024399
0 0.298839 0.257706 0.016137 0.020719
0 0.263463 0.737743 0.015703 0.019065
0 0.407586 0.089266 0.016869 0.021240
0 0.005300 0.146551 0.010600 0.017232
0 0.815117 0.989195 0.017957 0.018091
0 0.311077 0.732086 0.017760 0.021600
0 0.316766 0.053452 0.019302 0.023094
0 0.699442 0.088029 0.018052 0.022532
0 0.975562 0.297006 0.020222 0.023231
0 0.441369 0.315868 0.017091 0.020550
0 0.711883 0.268156 0.015853 0.019002
0 0.814678 0.513353 0.018819 0.023937
0 0.427543 0.673976 0.016917 0.020085
0 0.358033 0.168723 0.018005 0.020868
0 0.028467 0.319434 0.017454 0.022614
0 0.668730 0.068693 0.017782 0.022821
0 0.616938 0.250673 0.017500 0.022127
0 0.318353 0.394122 0.018277 0.021713
0 0.769743 0.209552 0.017726 0.019110
0 0.081130 0.899010 0.015780 0.020369
0 0.967994 0.393345 0.019290 0.024232
0 0.313161 0.277350 0.014847 0.019733
0 0.521073 0.409128 0.017700 0.023638
0 0.630124 0.345131 0.016806 0.021063
0 0.042248 0.416178 0.016833 0.021055
0 0.342020 0.866175 0.016037 0.019986
0 0.087012 0.505577 0.019843 0.022914
0 0.122148 0.908969 0.017767 0.022828
0 0.920367 0.392188 0.016921 0.020028
0 0.488251 0.080836 0.017107 0.021684
0 0.157944 0.889408 0.020076 0.027392
0 0.121207 0.803593 0.017161 0.020952
0 0.487538 0.717134 0.016698 0.022435
0 0.072284 0.271960 0.016807 0.021283
0 0.722675 0.387376 0.016847 0.020663
0 0.208955 0.012941 0.019022 0.022752
0 0.168086 0.118220 0.015438 0.018723
0 0.159982 0.317714 0.022513 0.024443
0 0.775357 0.234019 0.018009 0.021958
0 0.734119 0.732661 0.017403 0.021846
0 0.931906 0.225216 0.017844 0.022376
0 0.028839 0.180000 0.016895 0.022368
0 0.604563 0.152926 0.015394 0.018846
0 0.869047 0.877889 0.018393 0.021707
0 0.322899 0.793063 0.018398 0.022624
0 0.556705 0.150003 0.015054 0.017967
0 0.426110 0.437916 0.017858 0.020744
0 0.207919 0.780648 0.018171 0.020783
0 0.073502 0.305667 0.019094 0.023621
0 0.137677 0.764413 0.013372 0.018427
0 0.351501 0.445965 0.016157 0.019975
0 0.992579 0.595835 0.014842 0.022410
0 0.636676 0.301282 0.016736 0.020040
0 0.246001 0.457102 0.018284 0.022707
0 0.081298 0.156778 0.016578 0.020739
0 0.052838 0.201263 0.017364 0.022377
0 0.300354 0.154158 0.016905 0.019961
0 0.519771 0.688641 0.017274 0.023403
0 0.794667 0.869038 0.019200 0.024650
0 0.866827 0.636561 0.020426 0.023094
0 0.258696 0.147835 0.014820 0.016780
0 0.118587 0.736465 0.017290 0.022208
0 0.032645 0.963711 0.017655 0.022400
0 0.206148 0.980471 0.019519 0.024161
0 0.267999 0.794961 0.017129 0.024277
0 0.025330 0.899096 0.016627 0.019351
0 0.125922 0.278995 0.018978 0.026425
0 0.267970 0.577750 0.014708 0.019866
0 0.316587 0.240365 0.015408 0.018426
0 0.217593 0.130663 0.017778 0.021519
0 0.838522 0.232460 0.018812 0.026249
0 0.798104 0.085701 0.019784 0.020160
0 0.541876 0.656967 0.017241 0.020948
0 0.933145 0.678623 0.017250 0.018613
0 0.679210 0.321956 0.020411 0.021466
0 0.591337 0.955127 0.015529 0.019603
0 0.366885 0.607286 0.017984 0.021247
0 0.485965 0.186920 0.016868 0.022379
0 0.884217 0.420171 0.018943 0.023192
0 0.088187 0.867149 0.015964 0.020291
0 0.677422 0.315775 0.021163 0.028632
0 0.637564 0.503029 0.016816 0.020648
0 0.429944 0.635684 0.020577 0.035471
0 0.995355 0.080538 0.009291 0.021784
0 0.332295 0.295236 0.015043 0.018824
0 0.432066 0.641472 0.019433 0.027367
0 0.991812 0.241092 0.015743 0.017817
0 0.473623 0.253397 0.013534 0.020111
0 0.055242 0.199567 0.018472 0.020954
0 0.136185 0.763313 0.017495 0.021945
0 0.003107 0.028455 0.006125 0.021128
