0 0.240737 0.503397 0.020791 0.023230
0 0.281293 0.385756 0.019422 0.024460
0 0.482572 0.133990 0.019517 0.024906
0 0.629541 0.945857 0.019306 0.024443
0 0.795730 0.610461 0.018395 0.022129
0 0.216017 0.959116 0.014374 0.019454
0 0.271256 0.497614 0.017134 0.022518
0 0.252666 0.959688 0.014868 0.018948
0 0.008817 0.333242 0.015462 0.018040
0 0.223047 0.910634 0.016553 0.020837
0 0.123689 0.162759 0.019121 0.024967
0 0.035878 0.934352 0.017009 0.023250
0 0.251559 0.469447 0.020979 0.023439
0 0.748244 0.834392 0.018917 0.023381
0 0.116872 0.490718 0.016596 0.020851
0 0.564475 0.086570 0.016264 0.020533
0 0.067062 0.491180 0.016615 0.021098
0 0.479831 0.888929 0.017449 0.021030
0 0.130154 0.233541 0.018025 0.022527
0 0.464841 0.866320 0.013104 0.016325
0 0.682462 0.134184 0.018373 0.022021
0 0.615479 0.643976 0.016582 0.021407
0 0.018575 0.064186 0.016140 0.019800
0 0.008413 0.654643 0.016395 0.022262
0 0.831135 0.527958 0.016979 0.022308
0 0.086299 0.421863 0.019489 0.023944
0 0.638533 0.097224 0.015427 0.020353
0 0.744402 0.926742 0.017736 0.019869
0 0.847059 0.508025 0.017834 0.021581
0 0.818164 0.867985 0.017493 0.021115
0 0.067110 0.041229 0.017887 0.021661
0 0.760784 0.187314 0.018595 0.023019
0 0.309838 0.044745 0.017931 0.020784
0 0.386998 0.087090 0.015413 0.020006
0 0.205971 0.254018 0.015560 0.019004
0 0.980984 0.559751 0.012859 0.015574
0 0.369897 0.641127 0.014796 0.020388
0 0.775559 0.969518 0.015099 0.019205
0 0.722707 0.913241 0.015671 0.018228
0 0.753955 0.047233 0.016482 0.023104
0 0.586251 0.657524 0.017799 0.021190
0 0.286162 0.019513 0.016585 0.021688
0 0.330055 0.045447 0.013370 0.017758
0 0.651101 0.680454 0.017320 0.023796
0 0.433849 0.122600 0.015634 0.019019
0 0.186297 0.873073 0.017603 0.021067
0 0.580562 0.055273 0.014031 0.017540
0 0.808777 0.743348 0.016771 0.020004
0 0.149348 0.147520 0.016955 0.021050
0 0.078850 0.923779 0.017365 0.020678
0 0.834404 0.927650 0.015361 0.018661
0 0.218668 0.227415 0.017994 0.021532
0 0.536710 0.955270 0.015369 0.020129
0 0.982169 0.689790 0.017707 0.022000
0 0.317126 0.101564 0.017125 0.020600
0 0.650297 0.345705 0.015629 0.019229
0 0.786713 0.655419 0.016103 0.021839
0 0.003810 0.573250 0.007621 0.020146
0 0.809550 0.259384 0.019868 0.021524
0 0.749088 0.565293 0.018740 0.022314
0 0.512183 0.577951 0.015440 0.018773
0 0.103029 0.471715 0.017351 0.022857
0 0.718513 0.523114 0.018779 0.023362
0 0.067481 0.074968 0.016648 0.021444
0 0.804020 0.986737 0.016342 0.019816
0 0.304992 0.826713 0.018571 0.021951
0 0.944827 0.854379 0.020401 0.023499
0 0.808039 0.673405 0.016305 0.018580
0 0.660948 0.600942 0.016425 0.023397
0 0.044027 0.071540 0.017139 0.022138
0 0.177546 0.978164 0.013768 0.015778
0 0.831260 0.562220 0.014316 0.019989
0 0.934911 0.894517 0.015237 0.018573
0 0.512465 0.967759 0.021817 0.032913
0 0.449111 0.026370 0.019221 0.020848
0 0.720035 0.956095 0.017650 0.021478
0 0.819170 0.020699 0.017238 0.020861
0 0.831484 0.076300 0.014809 0.018218
0 0.944179 0.503731 0.017439 0.021312
0 0.384646 0.830930 0.017723 0.023656
0 0.326673 0.810709 0.015142 0.019855
0 0.007705 0.096760 0.015322 0.020433
0 0.966379 0.237093 0.018395 0.023799
0 0.657754 0.801475 0.016178 0.020275
0 0.841940 0.878547 0.015634 0.020925
0 0.905183 0.138882 0.015210 0.019817
0 0.465751 0.676315 0.016103 0.022228
0 0.223241 0.876991 0.014137 0.021431
0 0.400730 0.010685 0.013927 0.016953
0 0.491580 0.852053 0.020343 0.023699
0 0.644881 0.066636 0.015940 0.021543
0 0.191288 0.950329 0.016024 0.021005
0 0.309739 0.021963 0.014118 0.017455
0 0.244257 0.629177 0.015420 0.021671
0 0.425353 0.010536 0.015721 0.018004
0 0.534608 0.580824 0.016117 0.020347
0 0.575652 0.326717 0.015754 0.020813
0 0.516430 0.290600 0.019060 0.024720
0 0.819261 0.970842 0.018206 0.021445
0 0.805992 0.048485 0.015882 0.020872
0 0.112674 0.544583 0.016496 0.021181
0 0.254052 0.917797 0.013457 0.016535
0 0.568923 0.631268 0.015730 0.019378
0 0.805920 0.404531 0.017843 0.022103
0 0.440985 0.402742 0.012895 0.016199
0 0.160300 0.724895 0.016387 0.020840
0 0.277926 0.465010 0.015910 0.019219
0 0.780924 0.757925 0.016568 0.021750
0 0.106456 0.684487 0.017220 0.023220
0 0.027045 0.207022 0.013446 0.018440
0 0.087483 0.847630 0.018252 0.022125
0 0.029752 0.130350 0.016704 0.020870
0 0.367465 0.971660 0.015363 0.018538
0 0.381172 0.783162 0.019752 0.024991
0 0.439778 0.504162 0.014222 0.019971
0 0.786063 0.264805 0.013843 0.019871
0 0.017338 0.894732 0.015292 0.018475
0 0.996497 0.367345 0.007007 0.019506
0 0.706063 0.977334 0.011428 0.016111
0 0.824798 0.044727 0.009575 0.014456
0 0.295200 0.098926 0.013907 0.017911
0 0.819340 0.893648 0.016282 0.019420
0 0.080015 0.468324 0.013313 0.015976
0 0.533779 0.435355 0.017165 0.020354
0 0.401719 0.677647 0.014669 0.016994
0 0.018906 0.303320 0.011823 0.014841
0 0.055147 0.461601 0.014597 0.019060
0 0.707493 0.577835 0.015880 0.019363
0 0.098466 0.657610 0.014520 0.017873
0 0.013222 0.717380 0.013667 0.016200
0 0.418738 0.036434 0.015915 0.023020
0 0.629099 0.757839 0.014184 0.017242
0 0.465909 0.336588 0.014536 0.019230
0 0.638394 0.525046 0.015626 0.019478
0 0.299335 0.006469 0.010892 0.012756
0 0.041315 0.900450 0.013599 0.017725
0 0.375683 0.039059 0.014900 0.017869
0 0.623805 0.339831 0.016803 0.021878
0 0.692013 0.124991 0.014272 0.021241
0 0.381522 0.648663 0.015742 0.024189
0 0.451970 0.260506 0.018582 0.023014
0 0.839094 0.041636 0.014642 0.018893
0 0.686398 0.663567 0.015925 0.020958
0 0.739070 0.251937 0.012634 0.015270
0 0.332974 0.020245 0.014666 0.018754
0 0.420728 0.649750 0.014530 0.020103
0 0.823111 0.584938 0.012749 0.013961
0 0.363624 0.949560 0.014149 0.016195
0 0.035209 0.874930 0.013417 0.015765
0 0.834339 0.906141 0.011304 0.013400
0 0.519637 0.700555 0.011138 0.016853
0 0.754672 0.486840 0.013206 0.019922
0 0.851314 0.671939 0.017444 0.019197
0 0.698974 0.012799 0.014539 0.022268
0 0.216542 0.007970 0.014331 0.013666
0 0.284275 0.569540 0.013431 0.022230
0 0.870724 0.100767 0.015649 0.017832
0 0.735089 0.087801 0.014074 0.018171
0 0.210643 0.989954 0.020013 0.018788
0 0.106792 0.021700 0.013209 0.016535
0 0.864339 0.604702 0.015184 0.020386
0 0.761714 0.947985 0.016062 0.020208
0 0.512434 0.575173 0.017056 0.021744
0 0.514613 0.972806 0.017552 0.026221
0 0.050471 0.106250 0.015950 0.021451
0 0.634509 0.252076 0.012952 0.015777
0 0.259693 0.633140 0.011102 0.018302
0 0.613321 0.112567 0.016220 0.019078
0 0.738853 0.586531 0.012447 0.017636
0 0.247706 0.119525 0.013483 0.017707
0 0.500871 0.494589 0.011418 0.013260
0 0.513800 0.663034 0.016126 0.021139
0 0.673414 0.990410 0.014167 0.015773
0 0.735247 0.087511 0.016745 0.022739
0 0.869728 0.054704 0.011951 0.016352
0 0.498108 0.800773 0.013000 0.016055
