0 0.629894 0.946228 0.018855 0.024530
0 0.286874 0.019222 0.017312 0.021635
0 0.281810 0.384756 0.019524 0.024428
0 0.224176 0.905390 0.016919 0.021008
0 0.036545 0.933882 0.016865 0.021639
0 0.066515 0.040177 0.017576 0.020558
0 0.482903 0.135282 0.019572 0.025606
0 0.008101 0.654067 0.015709 0.020884
0 0.129659 0.233246 0.018269 0.022602
0 0.795210 0.608396 0.017263 0.021715
0 0.117059 0.489709 0.016744 0.021227
0 0.541249 0.574041 0.015236 0.020556
0 0.766099 0.188319 0.018164 0.024367
0 0.215921 0.951498 0.015304 0.021675
0 0.490285 0.852052 0.019660 0.023691
0 0.123513 0.166687 0.019858 0.025095
0 0.386280 0.086536 0.013608 0.020415
0 0.387659 0.830401 0.018630 0.025530
0 0.805703 0.257234 0.016729 0.021560
0 0.619151 0.642734 0.015203 0.020020
0 0.687539 0.133367 0.019076 0.024375
0 0.096650 0.419879 0.019398 0.022420
0 0.981756 0.678622 0.017698 0.022458
0 0.832396 0.563498 0.015781 0.020369
0 0.831265 0.530840 0.017950 0.022387
0 0.740194 0.918823 0.016994 0.021065
0 0.302845 0.825777 0.016935 0.021782
0 0.252070 0.469576 0.020401 0.024068
0 0.192728 0.945821 0.015650 0.021975
0 0.567073 0.088012 0.015605 0.021388
0 0.477039 0.887187 0.018476 0.021797
0 0.934191 0.891862 0.014849 0.019413
0 0.208499 0.259207 0.016191 0.019725
0 0.452521 0.260062 0.018776 0.024026
0 0.075191 0.492276 0.017707 0.021046
0 0.842343 0.507298 0.017910 0.022356
0 0.817404 0.867692 0.017120 0.021543
0 0.308429 0.025850 0.016809 0.014936
0 0.450403 0.027465 0.017492 0.021683
0 0.436677 0.123907 0.016204 0.020937
0 0.752181 0.051727 0.017388 0.019881
0 0.739144 0.082282 0.013639 0.018056
0 0.368992 0.641663 0.015146 0.019146
0 0.839626 0.872038 0.015064 0.020453
0 0.324711 0.810569 0.015239 0.020140
0 0.012450 0.329270 0.013060 0.017553
0 0.716356 0.908357 0.017303 0.020271
0 0.007112 0.574397 0.014182 0.021572
0 0.041628 0.071391 0.016622 0.022176
0 0.511797 0.967187 0.023315 0.031204
0 0.224676 0.870571 0.016898 0.022640
0 0.251608 0.960056 0.014598 0.019563
0 0.651159 0.675248 0.017408 0.021166
0 0.240698 0.499515 0.018742 0.023231
0 0.190151 0.869925 0.015738 0.020570
0 0.646757 0.068966 0.016278 0.020717
0 0.538162 0.948152 0.015209 0.019861
0 0.465635 0.675359 0.016515 0.021570
0 0.652548 0.338353 0.015330 0.019784
0 0.065800 0.074740 0.015895 0.019917
0 0.831419 0.906127 0.011701 0.014246
0 0.747401 0.834005 0.017340 0.023371
0 0.581451 0.057255 0.014519 0.018081
0 0.785679 0.654373 0.016383 0.021320
0 0.168899 0.719655 0.016181 0.021981
0 0.585128 0.656892 0.017960 0.020249
0 0.945024 0.505042 0.017311 0.021212
0 0.770384 0.962533 0.016735 0.021873
0 0.151788 0.150592 0.016447 0.019927
0 0.217425 0.227068 0.016380 0.021399
0 0.426484 0.008708 0.014406 0.015094
0 0.030707 0.129670 0.017109 0.020263
0 0.079105 0.924789 0.017482 0.022703
0 0.831662 0.928977 0.014563 0.018189
0 0.533690 0.436004 0.017327 0.020844
0 0.905957 0.137665 0.016411 0.022054
0 0.179010 0.971983 0.015182 0.017768
0 0.996474 0.365080 0.007053 0.020571
0 0.720778 0.523929 0.017336 0.022119
0 0.274326 0.498372 0.017879 0.023199
0 0.801968 0.983074 0.015124 0.018847
0 0.005859 0.094914 0.011718 0.020436
0 0.818292 0.894161 0.015476 0.021191
0 0.518285 0.290762 0.018564 0.023806
0 0.967993 0.237984 0.018064 0.022866
0 0.386714 0.778546 0.019254 0.024554
0 0.779275 0.746757 0.016810 0.020789
0 0.809464 0.674066 0.016095 0.019964
0 0.089054 0.848260 0.017781 0.020552
0 0.805203 0.732011 0.018040 0.021208
0 0.687813 0.661191 0.016930 0.021708
0 0.805918 0.403646 0.017582 0.022046
0 0.713482 0.947094 0.016144 0.023328
0 0.309118 0.046735 0.017843 0.022078
0 0.016356 0.893969 0.015462 0.018279
0 0.575510 0.322141 0.016736 0.021559
0 0.941409 0.844659 0.019557 0.023149
0 0.018602 0.714519 0.015614 0.019082
0 0.820047 0.016879 0.017333 0.021583
0 0.026882 0.206034 0.013633 0.019120
0 0.830285 0.073139 0.014145 0.016144
0 0.465082 0.336256 0.014604 0.016852
0 0.819138 0.970464 0.015502 0.019442
0 0.516433 0.578598 0.015594 0.020026
0 0.295300 0.098959 0.015964 0.020706
0 0.317999 0.095583 0.015925 0.023656
0 0.758768 0.938406 0.016126 0.020117
0 0.748843 0.565661 0.016304 0.020892
0 0.052132 0.108366 0.014609 0.018700
0 0.381793 0.650483 0.014833 0.019771
0 0.112593 0.542628 0.016429 0.022072
0 0.463685 0.865962 0.014587 0.017904
0 0.420094 0.650321 0.015451 0.020958
0 0.708169 0.576962 0.016012 0.019585
0 0.366271 0.971058 0.015668 0.018281
0 0.654520 0.787758 0.016025 0.021150
0 0.054385 0.467835 0.016476 0.020384
0 0.886157 0.990383 0.017075 0.015913
0 0.016055 0.066771 0.016009 0.017867
0 0.399858 0.011328 0.013502 0.017622
0 0.043965 0.897864 0.015672 0.019995
0 0.662180 0.600429 0.016300 0.020695
0 0.567985 0.622839 0.015176 0.018263
0 0.627980 0.336742 0.016591 0.023011
0 0.419194 0.034492 0.017747 0.023000
0 0.080664 0.468333 0.013857 0.018657
0 0.072147 0.299410 0.013585 0.013662
0 0.798202 0.048454 0.014197 0.019959
0 0.191972 0.083293 0.013146 0.018383
0 0.839034 0.041471 0.015921 0.018960
0 0.103214 0.469703 0.016574 0.022636
0 0.823466 0.039733 0.009780 0.013773
0 0.400572 0.678870 0.014098 0.016560
0 0.643546 0.101846 0.012948 0.015799
0 0.329785 0.045169 0.014846 0.018924
0 0.644765 0.978778 0.016055 0.018017
0 0.674099 0.755339 0.013867 0.018706
0 0.626016 0.738440 0.014973 0.019216
0 0.364417 0.516502 0.015768 0.021009
0 0.377389 0.044401 0.014774 0.017674
0 0.986190 0.551908 0.012263 0.014434
0 0.631481 0.253750 0.012712 0.016280
0 0.280365 0.466483 0.016549 0.021613
0 0.601739 0.230687 0.011033 0.014908
0 0.819573 0.579577 0.011651 0.014259
0 0.250108 0.621685 0.016923 0.022141
0 0.832326 0.233274 0.010989 0.015537
0 0.111850 0.679053 0.016769 0.020100
0 0.965779 0.652170 0.012163 0.015767
0 0.996861 0.809996 0.006278 0.019736
0 0.211424 0.982356 0.018888 0.021487
0 0.445348 0.499878 0.013473 0.015279
0 0.456791 0.202983 0.012179 0.017172
0 0.861750 0.601956 0.015505 0.020637
0 0.470259 0.662409 0.012850 0.012338
0 0.690205 0.124361 0.018779 0.027769
0 0.208334 0.319845 0.014312 0.017171
0 0.777593 0.068172 0.017332 0.020571
0 0.068493 0.007684 0.015808 0.013216
0 0.509988 0.550466 0.013837 0.016474
0 0.851958 0.671277 0.018382 0.019885
0 0.363239 0.949324 0.013913 0.018600
0 0.349699 0.622409 0.013772 0.015812
0 0.520720 0.695585 0.011637 0.014762
0 0.637357 0.525109 0.015963 0.019375
0 0.838984 0.473870 0.010895 0.013027
0 0.024282 0.311541 0.011523 0.013325
0 0.463171 0.144040 0.015600 0.019558
0 0.694034 0.013747 0.014520 0.021036
0 0.112796 0.019998 0.012666 0.019621
0 0.828692 0.905147 0.016408 0.015944
0 0.823337 0.038990 0.012760 0.014600
0 0.098074 0.585701 0.013506 0.015672
0 0.236758 0.746738 0.011436 0.015726
0 0.784740 0.262264 0.013031 0.018282
0 0.039461 0.698368 0.011685 0.016478
0 0.033948 0.875168 0.013977 0.016124
0 0.106976 0.644799 0.013276 0.017195
0 0.663493 0.597804 0.015270 0.019850
0 0.985467 0.944624 0.018013 0.017798
0 0.867706 0.106778 0.015523 0.017408
0 0.987300 0.943079 0.016700 0.017410
0 0.349020 0.036188 0.012492 0.017984
0 0.697178 0.012324 0.014846 0.021713
