0 0.912373 0.883536 0.017250 0.021254
0 0.982173 0.293367 0.018359 0.022550
0 0.233793 0.555050 0.018808 0.023853
0 0.787906 0.190235 0.017753 0.023731
0 0.124543 0.909096 0.017472 0.022549
0 0.825493 0.481083 0.020369 0.023256
0 0.344222 0.920868 0.018041 0.021706
0 0.008355 0.192446 0.016710 0.022002
0 0.858846 0.233350 0.017261 0.021731
0 0.976770 0.860818 0.018222 0.021641
0 0.669223 0.203281 0.015133 0.019677
0 0.154546 0.899282 0.018687 0.025526
0 0.177736 0.865434 0.018221 0.022323
0 0.236091 0.740654 0.015935 0.022951
0 0.234173 0.737482 0.019459 0.027971
0 0.809020 0.166801 0.018543 0.023396
0 0.327489 0.148229 0.018238 0.025912
0 0.418721 0.035113 0.014991 0.018355
0 0.030212 0.820983 0.018747 0.022314
0 0.086827 0.504279 0.019737 0.023448
0 0.558923 0.180838 0.015977 0.019704
0 0.130595 0.180413 0.017611 0.020183
0 0.423283 0.174736 0.017838 0.021285
0 0.276951 0.602549 0.014219 0.017638
0 0.118927 0.712667 0.020846 0.026885
0 0.315891 0.039347 0.017750 0.021642
0 0.015087 0.858364 0.015962 0.017848
0 0.145464 0.641520 0.017706 0.020370
0 0.542421 0.736998 0.017768 0.024598
0 0.769398 0.207407 0.015522 0.019346
0 0.483126 0.780125 0.018510 0.024017
0 0.278053 0.312345 0.018568 0.022846
0 0.210407 0.736830 0.018440 0.021554
0 0.083158 0.875276 0.014106 0.018342
0 0.873485 0.874695 0.016455 0.020664
0 0.496757 0.090546 0.015456 0.019918
0 0.272703 0.422446 0.016591 0.019735
0 0.653444 0.261704 0.018258 0.023244
0 0.627847 0.261044 0.015811 0.024531
0 0.060441 0.153026 0.018571 0.022181
0 0.049228 0.414557 0.017389 0.021721
0 0.114703 0.404502 0.016941 0.020560
0 0.773188 0.233085 0.017481 0.018264
0 0.626702 0.102866 0.015613 0.021187
0 0.343287 0.308210 0.016692 0.021012
0 0.434033 0.667912 0.014170 0.019444
0 0.867163 0.625686 0.019532 0.021777
0 0.641661 0.460196 0.014918 0.018464
0 0.808094 0.236954 0.017323 0.020437
0 0.792443 0.874258 0.019169 0.021655
0 0.265754 0.627621 0.017394 0.022551
0 0.124584 0.794559 0.017818 0.022243
0 0.122674 0.217101 0.019045 0.023667
0 0.322313 0.409841 0.014512 0.016159
0 0.908577 0.386213 0.016389 0.021942
0 0.687025 0.223621 0.017866 0.020901
0 0.650646 0.257688 0.020787 0.030414
0 0.783390 0.843469 0.022517 0.026218
0 0.753168 0.988548 0.016071 0.017004
0 0.827265 0.990918 0.019130 0.015566
0 0.055632 0.082458 0.016377 0.021069
0 0.693941 0.837970 0.019368 0.021942
0 0.065049 0.183537 0.017343 0.021518
0 0.081756 0.946867 0.015710 0.019243
0 0.410958 0.470491 0.017134 0.022019
0 0.049073 0.684786 0.017046 0.020827
0 0.296528 0.688637 0.017312 0.020826
0 0.299517 0.152840 0.016548 0.019259
0 0.543406 0.654325 0.015588 0.019261
0 0.111154 0.034141 0.013261 0.016991
0 0.894990 0.337187 0.014567 0.019882
0 0.641472 0.296966 0.014292 0.017734
0 0.784152 0.046948 0.014656 0.016632
0 0.521418 0.407653 0.016837 0.023375
0 0.366500 0.258232 0.016941 0.022940
0 0.157720 0.028487 0.014880 0.020448
0 0.034332 0.886077 0.017471 0.020628
0 0.549450 0.146437 0.014363 0.016429
0 0.485733 0.480374 0.015115 0.019281
0 0.244453 0.424073 0.015559 0.018588
0 0.146006 0.967929 0.014491 0.018681
0 0.298211 0.282580 0.012701 0.017611
0 0.602759 0.150478 0.014783 0.018471
0 0.816239 0.202225 0.016761 0.017274
0 0.015788 0.688630 0.014648 0.018746
0 0.991514 0.246131 0.016437 0.018242
0 0.868375 0.076699 0.016193 0.020117
0 0.951156 0.222167 0.014061 0.019444
0 0.243461 0.578912 0.014616 0.020088
0 0.347249 0.378233 0.014417 0.017270
0 0.963522 0.821979 0.013349 0.017905
0 0.810350 0.664410 0.016506 0.019139
