0 0.704096 0.272982 0.016116 0.020766
0 0.809045 0.881849 0.021563 0.022582
0 0.559500 0.521278 0.028102 0.035618
0 0.944835 0.329312 0.020260 0.024055
0 0.063016 0.154819 0.015509 0.018526
0 0.982659 0.650056 0.018629 0.023527
0 0.600419 0.101462 0.017315 0.020507
0 0.304832 0.579913 0.018389 0.021235
0 0.433969 0.753817 0.016269 0.020347
0 0.959180 0.774704 0.015772 0.017909
0 0.367712 0.340514 0.018720 0.023015
0 0.357251 0.291246 0.015676 0.019719
0 0.236931 0.669638 0.015898 0.020577
0 0.731846 0.983736 0.014535 0.017338
0 0.946785 0.293937 0.019561 0.022326
0 0.234973 0.313681 0.018448 0.023416
0 0.536957 0.582146 0.017311 0.021548
0 0.217642 0.453490 0.017168 0.021944
0 0.971970 0.147590 0.014649 0.017823
0 0.730672 0.883248 0.015051 0.018148
0 0.175619 0.560479 0.017047 0.020104
0 0.165808 0.023308 0.017349 0.020584
0 0.050965 0.220393 0.014448 0.018635
0 0.721672 0.252273 0.015719 0.020907
0 0.692098 0.667950 0.017489 0.021715
0 0.699221 0.765066 0.015845 0.020766
0 0.348502 0.543610 0.015020 0.019425
0 0.903813 0.950963 0.018247 0.023132
0 0.905532 0.731793 0.015452 0.019122
0 0.150285 0.444199 0.016063 0.022884
0 0.359584 0.827170 0.015044 0.018759
0 0.196074 0.814921 0.013603 0.016531
0 0.937783 0.811991 0.016714 0.020844
0 0.917175 0.758142 0.014919 0.018990
0 0.387807 0.841839 0.014509 0.017943
0 0.136018 0.360238 0.017829 0.023119
0 0.178063 0.826096 0.015367 0.020027
0 0.228614 0.367484 0.016559 0.021670
0 0.473516 0.269102 0.013708 0.018362
0 0.044584 0.383715 0.014061 0.019201
0 0.351814 0.958839 0.016827 0.020083
0 0.932616 0.878276 0.014649 0.018209
0 0.249567 0.387966 0.016372 0.020248
0 0.295210 0.821711 0.019057 0.023524
0 0.430226 0.430639 0.018226 0.021436
0 0.039163 0.906535 0.016092 0.020229
0 0.894325 0.546359 0.015353 0.023047
0 0.332734 0.292922 0.015691 0.020726
0 0.916120 0.709841 0.014596 0.018131
0 0.804022 0.621815 0.016520 0.019093
0 0.684611 0.288308 0.014696 0.019067
0 0.661421 0.611108 0.017525 0.022281
0 0.900808 0.777148 0.018910 0.022738
0 0.518673 0.742176 0.014527 0.018077
0 0.679322 0.960576 0.015991 0.020676
0 0.743187 0.902241 0.014754 0.018209
0 0.038696 0.805516 0.018611 0.020892
0 0.071389 0.924604 0.015244 0.019982
0 0.243302 0.519991 0.017161 0.020976
0 0.596967 0.183820 0.017923 0.021401
0 0.838550 0.606806 0.016938 0.019862
0 0.475098 0.614302 0.018304 0.019424
0 0.688678 0.713650 0.017382 0.022596
0 0.963044 0.462746 0.014044 0.019598
0 0.079689 0.251382 0.016167 0.020654
0 0.565623 0.754220 0.011918 0.014190
0 0.707464 0.733364 0.017279 0.020555
0 0.854692 0.925750 0.015512 0.021257
0 0.069932 0.500710 0.017097 0.021063
0 0.556887 0.318032 0.019748 0.023752
0 0.413815 0.092073 0.017577 0.022012
0 0.438417 0.619222 0.017084 0.021880
0 0.785272 0.922638 0.016910 0.019134
0 0.995909 0.779190 0.008182 0.020806
0 0.206740 0.514261 0.011984 0.016400
0 0.013954 0.260862 0.014750 0.017465
0 0.470518 0.493251 0.010613 0.012795
0 0.415051 0.550228 0.018410 0.022576
0 0.748785 0.278213 0.016273 0.020506
0 0.602087 0.860812 0.018670 0.022304
0 0.348342 0.732134 0.018008 0.021216
0 0.797731 0.338744 0.014567 0.019679
0 0.110671 0.444065 0.013537 0.017711
0 0.241325 0.948405 0.016069 0.020312
0 0.433855 0.245451 0.014858 0.018945
0 0.477176 0.308170 0.016577 0.020124
0 0.865062 0.883371 0.015263 0.018435
0 0.416542 0.854299 0.015013 0.018225
0 0.300938 0.051527 0.015637 0.020247
0 0.836028 0.246087 0.017441 0.020163
0 0.801975 0.074955 0.014873 0.018899
0 0.899088 0.467823 0.015989 0.018485
0 0.360760 0.469546 0.016490 0.020687
0 0.082375 0.418148 0.015018 0.016136
0 0.179612 0.270332 0.021476 0.027340
0 0.120404 0.970055 0.014756 0.018372
0 0.465095 0.955985 0.013022 0.015956
0 0.787485 0.695937 0.014756 0.018504
0 0.619403 0.060747 0.017232 0.019259
0 0.151309 0.572196 0.015544 0.019245
0 0.680881 0.431233 0.015569 0.018072
0 0.319118 0.551283 0.016856 0.020471
0 0.488412 0.458739 0.015893 0.021449
0 0.974651 0.194306 0.014757 0.018944
0 0.144810 0.114567 0.015978 0.018982
0 0.701311 0.420505 0.014997 0.019195
0 0.427356 0.870873 0.015777 0.019550
0 0.797690 0.822858 0.016474 0.019013
0 0.018935 0.321349 0.017937 0.021730
0 0.348252 0.810638 0.014700 0.019391
0 0.917039 0.457509 0.014490 0.017051
0 0.945497 0.458056 0.014946 0.021479
0 0.699974 0.249230 0.011665 0.014228
0 0.296430 0.394481 0.016558 0.022458
0 0.786548 0.907051 0.017870 0.018726
0 0.856903 0.282646 0.017064 0.020363
0 0.079392 0.581992 0.014010 0.017458
0 0.854309 0.569688 0.016801 0.020281
0 0.313315 0.101110 0.015769 0.018391
0 0.588923 0.254381 0.011585 0.015439
0 0.563299 0.447391 0.016367 0.020392
0 0.503073 0.376652 0.016828 0.019942
0 0.943262 0.132897 0.016729 0.019876
0 0.559824 0.262253 0.011380 0.013605
0 0.424273 0.151280 0.016129 0.019564
0 0.855776 0.402888 0.017449 0.018488
0 0.680551 0.865903 0.014342 0.015191
0 0.295312 0.129087 0.016151 0.018574
0 0.965273 0.971527 0.018066 0.022272
0 0.555614 0.982156 0.015808 0.019022
0 0.028267 0.339528 0.014891 0.017077
0 0.373654 0.190832 0.016089 0.020961
0 0.780173 0.459281 0.017189 0.022005
0 0.150226 0.674403 0.015377 0.017538
0 0.298077 0.285454 0.014757 0.017510
0 0.317384 0.246061 0.013878 0.017347
0 0.810760 0.884689 0.024341 0.028114
0 0.815897 0.887759 0.019853 0.025352
0 0.359450 0.473013 0.019361 0.026720
0 0.422014 0.469811 0.014576 0.019487
0 0.960942 0.179781 0.013511 0.019460
0 0.694987 0.056133 0.016057 0.020342
0 0.333448 0.591791 0.014354 0.017895
0 0.059409 0.426459 0.014156 0.016714
0 0.752573 0.654298 0.015453 0.019679
0 0.997020 0.129208 0.005961 0.015624
0 0.959528 0.891026 0.015416 0.017128
0 0.365259 0.007544 0.015723 0.013977
0 0.417983 0.749991 0.012265 0.019541
0 0.265903 0.117708 0.015507 0.017320
0 0.330273 0.115529 0.011957 0.014671
0 0.320883 0.555563 0.018623 0.026450
0 0.818884 0.890456 0.015185 0.021963
0 0.026380 0.457520 0.010112 0.011823
0 0.734777 0.986849 0.017537 0.019645
0 0.432210 0.303064 0.013583 0.016877
0 0.961504 0.964589 0.019878 0.024791
0 0.353869 0.482309 0.014532 0.016801
0 0.533393 0.534004 0.014572 0.018968
0 0.606947 0.082151 0.014833 0.016499
0 0.500950 0.377996 0.017989 0.020692
0 0.918727 0.757385 0.017288 0.022631
0 0.853172 0.570105 0.020127 0.024539
0 0.786078 0.915105 0.018842 0.033031
