0 0.164109 0.014117 0.019523 0.021408
0 0.560376 0.522853 0.022731 0.030018
0 0.704177 0.268746 0.016666 0.022727
0 0.306094 0.577642 0.016834 0.021728
0 0.577281 0.478527 0.017247 0.020672
0 0.087088 0.415689 0.016708 0.021059
0 0.404380 0.098706 0.017645 0.022231
0 0.985254 0.647514 0.017108 0.021981
0 0.780068 0.450541 0.018057 0.023672
0 0.413634 0.844445 0.017627 0.020528
0 0.407974 0.228173 0.016314 0.021760
0 0.425601 0.088905 0.017116 0.021002
0 0.421092 0.546076 0.018929 0.021573
0 0.813672 0.802448 0.016399 0.021289
0 0.434055 0.830026 0.015660 0.020923
0 0.213837 0.319488 0.020065 0.025506
0 0.977209 0.851158 0.018782 0.022482
0 0.387319 0.014224 0.016029 0.019125
0 0.321679 0.557375 0.016458 0.020622
0 0.249848 0.384677 0.016112 0.020525
0 0.401733 0.565794 0.015014 0.018471
0 0.681085 0.279340 0.017191 0.021990
0 0.380427 0.659629 0.016356 0.018852
0 0.456060 0.493863 0.018353 0.023379
0 0.217906 0.450286 0.017909 0.020830
0 0.904021 0.776156 0.018434 0.023890
0 0.422716 0.148374 0.018676 0.023584
0 0.793499 0.819898 0.018557 0.023356
0 0.276447 0.665497 0.019817 0.022907
0 0.362782 0.477097 0.015382 0.020127
0 0.254806 0.522962 0.018697 0.022018
0 0.534314 0.527676 0.015478 0.019545
0 0.602588 0.067596 0.014074 0.018559
0 0.143223 0.361536 0.016187 0.021240
0 0.548316 0.440299 0.013325 0.016625
0 0.041939 0.553675 0.010689 0.014674
0 0.123487 0.213261 0.017447 0.021970
0 0.629385 0.064431 0.017434 0.022481
0 0.241335 0.320663 0.017988 0.023705
0 0.171687 0.287522 0.014260 0.017121
0 0.944152 0.327333 0.018030 0.021550
0 0.912310 0.169017 0.016906 0.022213
0 0.519517 0.028260 0.019560 0.021427
0 0.540159 0.462736 0.015692 0.017393
0 0.145245 0.108454 0.016991 0.021676
0 0.480986 0.833642 0.017398 0.021702
0 0.945954 0.449262 0.017943 0.024163
0 0.688343 0.709808 0.017963 0.022141
0 0.803097 0.765262 0.017668 0.019642
0 0.350532 0.801157 0.015566 0.019152
0 0.440759 0.746584 0.016114 0.019847
0 0.555467 0.303403 0.019849 0.023565
0 0.453991 0.870381 0.017098 0.022424
0 0.440067 0.395957 0.020433 0.022002
0 0.316453 0.789699 0.016513 0.018753
0 0.299423 0.286442 0.015492 0.021351
0 0.683320 0.119085 0.016697 0.020658
0 0.301586 0.095991 0.013890 0.017330
0 0.960465 0.961047 0.018898 0.025626
0 0.290076 0.580433 0.014339 0.020416
0 0.025017 0.555831 0.016440 0.020916
0 0.604445 0.853807 0.017663 0.023302
0 0.234678 0.787775 0.015806 0.019143
0 0.489024 0.972215 0.017335 0.019805
0 0.558127 0.984446 0.015682 0.018212
0 0.440389 0.615266 0.016524 0.019726
0 0.680162 0.955109 0.017058 0.021212
0 0.699474 0.761641 0.016615 0.020745
0 0.338153 0.283999 0.015247 0.018998
0 0.724857 0.251398 0.018158 0.023419
0 0.490455 0.457691 0.016637 0.022187
0 0.903590 0.683983 0.018031 0.022784
0 0.555038 0.066859 0.014417 0.018340
0 0.608480 0.177682 0.016383 0.021114
0 0.852885 0.568212 0.020095 0.023680
0 0.669859 0.624127 0.012415 0.014729
0 0.026849 0.687408 0.016258 0.020250
0 0.331347 0.134900 0.017467 0.022088
0 0.871691 0.928379 0.017875 0.020109
0 0.245983 0.657407 0.013410 0.015389
0 0.320628 0.626394 0.015449 0.017969
0 0.322120 0.105901 0.017727 0.022653
0 0.908649 0.861274 0.020715 0.024356
0 0.433572 0.242796 0.015738 0.018087
0 0.887222 0.601355 0.015478 0.020594
0 0.955330 0.221298 0.013367 0.016042
0 0.630587 0.448537 0.015172 0.019211
0 0.048481 0.378164 0.016215 0.019768
0 0.703103 0.055645 0.018248 0.022646
0 0.487695 0.302615 0.017070 0.020128
0 0.232017 0.365368 0.017270 0.022251
0 0.172870 0.344847 0.014624 0.016679
0 0.150550 0.441280 0.017255 0.020618
0 0.517357 0.737751 0.015227 0.019649
0 0.217185 0.421295 0.015747 0.018824
0 0.966279 0.072458 0.016432 0.021259
0 0.705823 0.242841 0.011937 0.015497
0 0.754891 0.643126 0.016718 0.023311
0 0.104452 0.294258 0.018382 0.023354
0 0.428167 0.458128 0.016795 0.019218
0 0.533882 0.484098 0.015551 0.019228
0 0.148672 0.554439 0.017971 0.020494
0 0.168567 0.343576 0.019351 0.017402
0 0.030438 0.532905 0.017106 0.019339
0 0.122758 0.778244 0.012921 0.013575
0 0.901526 0.727563 0.018301 0.021166
0 0.962062 0.176988 0.014666 0.019011
0 0.195027 0.192950 0.012992 0.016022
0 0.030493 0.828483 0.012401 0.015387
0 0.995218 0.334999 0.009564 0.021941
0 0.059781 0.420911 0.014576 0.019983
0 0.432453 0.230556 0.015458 0.023878
0 0.994781 0.773887 0.010438 0.024811
0 0.439062 0.979584 0.015606 0.019044
0 0.808224 0.596922 0.016588 0.022795
0 0.903463 0.055347 0.014599 0.018147
0 0.914656 0.870128 0.016519 0.017292
0 0.265015 0.113613 0.017968 0.021029
0 0.065484 0.737254 0.012273 0.013312
0 0.018516 0.124258 0.015564 0.016483
0 0.729173 0.259704 0.015983 0.020530
0 0.893637 0.044469 0.012049 0.016636
0 0.399438 0.864670 0.014067 0.017053
0 0.081072 0.187279 0.012337 0.013740
0 0.656372 0.698114 0.011805 0.015786
0 0.433069 0.233135 0.017244 0.030729
0 0.601143 0.009167 0.011395 0.014430
0 0.584379 0.083246 0.011834 0.014701
0 0.997097 0.127358 0.005806 0.018425
0 0.169749 0.343364 0.018703 0.023183
0 0.454298 0.496349 0.017535 0.022973
0 0.150133 0.557526 0.021302 0.025412
