0 0.822575 0.274834 0.021254 0.022372
0 0.517935 0.966093 0.023109 0.027793
0 0.292943 0.023179 0.016623 0.020354
0 0.514617 0.349585 0.017153 0.020741
0 0.280969 0.453019 0.018886 0.022560
0 0.638270 0.685958 0.014963 0.018434
0 0.819075 0.872333 0.017397 0.020206
0 0.508357 0.665967 0.017225 0.019945
0 0.788772 0.654623 0.017568 0.021723
0 0.251813 0.470570 0.020075 0.023759
0 0.761664 0.052170 0.018313 0.023345
0 0.808725 0.641167 0.017778 0.022386
0 0.127842 0.171615 0.020354 0.023277
0 0.394754 0.037755 0.015154 0.019961
0 0.622563 0.704978 0.017068 0.020990
0 0.450680 0.009896 0.016391 0.017009
0 0.371455 0.642845 0.014709 0.019491
0 0.547263 0.087556 0.014804 0.017286
0 0.049111 0.903865 0.014576 0.017029
0 0.537600 0.436041 0.016575 0.020955
0 0.871001 0.576657 0.018301 0.021387
0 0.678539 0.701395 0.018201 0.022640
0 0.302670 0.862007 0.016748 0.020180
0 0.137984 0.288761 0.016722 0.021535
0 0.740363 0.228757 0.018619 0.022406
0 0.069838 0.046298 0.020448 0.024457
0 0.658022 0.675326 0.016234 0.020334
0 0.121695 0.491581 0.017255 0.022540
0 0.011542 0.500928 0.017924 0.020996
0 0.756280 0.923218 0.018967 0.025824
0 0.310549 0.830787 0.016904 0.021165
0 0.672111 0.609352 0.017108 0.025433
0 0.474191 0.678532 0.017037 0.020531
0 0.029987 0.984592 0.018428 0.021500
0 0.659979 0.054986 0.017529 0.020701
0 0.486331 0.133296 0.018947 0.024382
0 0.385980 0.651345 0.014668 0.017999
0 0.436582 0.970085 0.018339 0.022947
0 0.284712 0.387264 0.019275 0.022386
0 0.301360 0.100553 0.016940 0.019420
0 0.637020 0.953002 0.021401 0.025286
0 0.512366 0.301088 0.017559 0.023618
0 0.450784 0.643469 0.017129 0.021345
0 0.864159 0.548851 0.018468 0.022818
0 0.848216 0.010664 0.017121 0.018435
0 0.938955 0.892644 0.015245 0.018528
0 0.724756 0.550915 0.017324 0.022096
0 0.043118 0.074383 0.017564 0.023765
0 0.848817 0.043200 0.015805 0.018801
0 0.094981 0.163126 0.017391 0.022755
0 0.312904 0.015444 0.014671 0.022927
0 0.393252 0.085122 0.016641 0.020098
0 0.750559 0.570364 0.017743 0.022861
0 0.818063 0.580255 0.016771 0.019982
0 0.314941 0.042226 0.014821 0.020927
0 0.814331 0.064818 0.014320 0.023418
0 0.361165 0.882948 0.020742 0.025456
0 0.792216 0.435970 0.017383 0.020902
0 0.476089 0.572401 0.017895 0.022478
0 0.630921 0.413632 0.016574 0.021393
0 0.822212 0.967061 0.016190 0.020522
0 0.894242 0.990557 0.018093 0.016206
0 0.085179 0.100782 0.018456 0.023822
0 0.841047 0.751098 0.017207 0.021421
0 0.457479 0.263117 0.018290 0.022042
0 0.431279 0.154909 0.018179 0.021690
0 0.647520 0.078566 0.016631 0.019238
0 0.137337 0.234525 0.017235 0.021300
0 0.668815 0.566778 0.019409 0.024885
0 0.849705 0.073367 0.016147 0.018741
0 0.511807 0.093185 0.016060 0.020778
0 0.350036 0.040628 0.014029 0.019491
0 0.857151 0.674292 0.019346 0.023321
0 0.644690 0.160791 0.019624 0.021800
0 0.122710 0.362049 0.016590 0.021351
0 0.993766 0.758242 0.012469 0.021099
0 0.566782 0.393236 0.018082 0.021901
0 0.118287 0.990648 0.016441 0.015628
0 0.793820 0.787747 0.017515 0.021743
0 0.810982 0.988260 0.015454 0.018655
0 0.220519 0.231398 0.017597 0.021687
0 0.378612 0.008240 0.016965 0.013858
0 0.889510 0.943398 0.017218 0.020787
0 0.041521 0.935536 0.016720 0.023265
0 0.797700 0.901710 0.016118 0.019579
0 0.713834 0.581418 0.017839 0.020482
0 0.215598 0.320183 0.016275 0.019840
0 0.790261 0.285294 0.015728 0.018555
0 0.685778 0.029526 0.015102 0.018436
0 0.091395 0.853001 0.019439 0.025938
0 0.213058 0.517018 0.020592 0.023794
0 0.278304 0.929358 0.018102 0.022122
0 0.053241 0.110526 0.017776 0.018629
0 0.955562 0.541593 0.017238 0.021198
0 0.655131 0.870921 0.015735 0.019579
0 0.220790 0.548787 0.016202 0.020177
0 0.427859 0.902383 0.015574 0.018800
0 0.015460 0.074275 0.017821 0.021277
0 0.621342 0.859235 0.018930 0.024043
0 0.848365 0.935430 0.017733 0.020919
0 0.879647 0.707711 0.019216 0.023339
0 0.332568 0.050256 0.014287 0.019730
0 0.358941 0.551159 0.013864 0.019391
0 0.370989 0.973254 0.015810 0.019170
0 0.140623 0.697192 0.019057 0.024284
0 0.784469 0.077682 0.018418 0.023568
0 0.516787 0.731004 0.017677 0.024016
0 0.330917 0.102464 0.016585 0.023531
0 0.106675 0.543192 0.017164 0.022293
0 0.214794 0.645926 0.015489 0.018843
0 0.033359 0.829508 0.017571 0.022341
0 0.429759 0.692255 0.019244 0.022247
0 0.904870 0.112018 0.017611 0.022307
0 0.399040 0.007919 0.011944 0.015658
0 0.363723 0.689770 0.016473 0.019497
0 0.564273 0.773850 0.017147 0.022765
0 0.246421 0.619758 0.018129 0.021223
0 0.017093 0.897130 0.016737 0.022290
0 0.059572 0.555032 0.017992 0.023132
0 0.705704 0.287262 0.016885 0.021262
0 0.948367 0.223778 0.013766 0.016763
0 0.423999 0.039222 0.017193 0.021534
0 0.912255 0.138254 0.016739 0.021553
0 0.501362 0.386253 0.016977 0.022336
0 0.041952 0.877065 0.014159 0.018612
0 0.069401 0.077160 0.016704 0.023172
0 0.365233 0.950174 0.014751 0.017658
0 0.679092 0.992062 0.016226 0.015039
0 0.675780 0.857595 0.016301 0.021571
0 0.447954 0.373373 0.015589 0.018801
0 0.018043 0.036700 0.015017 0.019750
0 0.644867 0.170641 0.019352 0.027010
0 0.466578 0.142897 0.015649 0.021422
0 0.337630 0.018132 0.017070 0.021883
0 0.608413 0.109866 0.017905 0.021528
0 0.533145 0.993152 0.016785 0.012764
0 0.996760 0.280061 0.006480 0.023056
0 0.479273 0.545138 0.013923 0.015667
0 0.644630 0.166036 0.020508 0.030736
0 0.184949 0.297282 0.014259 0.015950
0 0.724129 0.477880 0.011748 0.014428
0 0.236526 0.806461 0.018308 0.023328
0 0.169840 0.643477 0.012320 0.015649
0 0.739306 0.591955 0.015445 0.018936
0 0.884304 0.557851 0.012870 0.016516
0 0.996510 0.935030 0.006980 0.021426
0 0.881975 0.063948 0.013370 0.014981
0 0.996742 0.336266 0.006516 0.026782
0 0.517412 0.133475 0.012512 0.015718
0 0.410832 0.348522 0.012932 0.015599
0 0.408530 0.792940 0.012535 0.016143
0 0.972107 0.228188 0.011581 0.015170
0 0.408988 0.220509 0.012976 0.015862
0 0.034331 0.549898 0.014948 0.016408
0 0.546805 0.087006 0.017389 0.022184
0 0.004488 0.727223 0.008975 0.016826
0 0.489562 0.304708 0.013833 0.018463
0 0.638179 0.220926 0.012911 0.016182
0 0.223444 0.008301 0.013737 0.013787
0 0.412826 0.957561 0.011846 0.013599
0 0.757102 0.875539 0.012647 0.013951
0 0.287301 0.700107 0.014486 0.019360
0 0.780656 0.970776 0.011060 0.012021
0 0.003028 0.646937 0.006056 0.021686
0 0.363951 0.324982 0.011560 0.015726
0 0.384388 0.648022 0.019408 0.021926
0 0.497689 0.718449 0.013983 0.018539
0 0.653423 0.274639 0.013742 0.017172
0 0.833308 0.993574 0.015592 0.012852
0 0.747856 0.414876 0.013062 0.015165
0 0.363203 0.661838 0.013860 0.017132
0 0.734319 0.827960 0.012187 0.015723
0 0.220849 0.502144 0.010636 0.012425
0 0.821910 0.038772 0.010431 0.012731
0 0.231494 0.266474 0.014453 0.015807
