0 0.540674 0.481218 0.024411 0.029994
0 0.242922 0.602152 0.017404 0.022321
0 0.209323 0.338577 0.019192 0.021203
0 0.084951 0.422575 0.019457 0.023898
0 0.191533 0.259052 0.020906 0.026391
0 0.137972 0.229184 0.021643 0.026227
0 0.146941 0.923454 0.022684 0.026728
0 0.254702 0.630007 0.016674 0.019355
0 0.236527 0.345747 0.015530 0.020364
0 0.692940 0.966487 0.020445 0.034250
0 0.937588 0.916701 0.023787 0.025604
0 0.875973 0.459356 0.020787 0.025020
0 0.608709 0.027396 0.020051 0.026096
0 0.007485 0.494442 0.014971 0.024693
0 0.582055 0.795476 0.018891 0.025474
0 0.914175 0.280884 0.024572 0.025469
0 0.974838 0.737451 0.022580 0.025364
0 0.025366 0.325124 0.021827 0.025038
0 0.241601 0.724065 0.019314 0.022782
0 0.968168 0.199885 0.019773 0.024729
0 0.235938 0.492502 0.020213 0.024427
0 0.334141 0.775777 0.018936 0.021998
0 0.259381 0.363873 0.018216 0.022747
0 0.936689 0.137173 0.017698 0.019922
0 0.510133 0.443094 0.021258 0.026386
0 0.508865 0.387870 0.020137 0.024565
0 0.451608 0.635841 0.019823 0.024100
0 0.529883 0.278036 0.018885 0.024830
0 0.371469 0.954007 0.020242 0.024598
0 0.404768 0.109355 0.018200 0.023677
0 0.740964 0.132576 0.021049 0.025684
0 0.049240 0.377324 0.017181 0.020600
0 0.199839 0.411136 0.018598 0.022896
0 0.125024 0.080908 0.017259 0.020931
0 0.836088 0.672961 0.020977 0.023440
0 0.618091 0.780121 0.017990 0.021930
0 0.121560 0.299172 0.018216 0.022458
0 0.685690 0.697693 0.019800 0.023790
0 0.710579 0.208877 0.021580 0.025195
0 0.878383 0.040233 0.020976 0.028346
0 0.810822 0.397072 0.018221 0.021882
0 0.340089 0.514197 0.020017 0.023698
0 0.734259 0.610229 0.019708 0.022023
0 0.920369 0.647186 0.018023 0.021513
0 0.666303 0.635950 0.024002 0.026618
0 0.511985 0.805690 0.020128 0.023031
0 0.113834 0.199516 0.018253 0.021078
0 0.957100 0.607950 0.021621 0.024143
0 0.316570 0.248774 0.015494 0.019632
0 0.874399 0.414101 0.022043 0.025022
0 0.341430 0.449294 0.016668 0.020950
0 0.127455 0.401206 0.017657 0.022696
0 0.089477 0.840349 0.020314 0.023479
0 0.793975 0.306716 0.018179 0.022263
0 0.422737 0.587559 0.019358 0.023857
0 0.418635 0.723738 0.017944 0.022360
0 0.930687 0.971333 0.022978 0.025609
0 0.923804 0.418207 0.019638 0.024232
0 0.253643 0.447953 0.018911 0.022716
0 0.622134 0.632883 0.019745 0.027914
0 0.543768 0.129085 0.017305 0.023679
0 0.255576 0.407129 0.017769 0.022404
0 0.217392 0.212773 0.020228 0.023031
0 0.277136 0.250663 0.016328 0.021502
0 0.409356 0.212835 0.016358 0.020113
0 0.307607 0.942059 0.024784 0.029411
0 0.602116 0.979256 0.018886 0.022956
0 0.471647 0.934289 0.018241 0.021714
0 0.946576 0.158613 0.020740 0.022016
0 0.813319 0.830683 0.018831 0.022072
0 0.337962 0.751026 0.016607 0.019321
0 0.384703 0.325917 0.015807 0.019712
0 0.801273 0.992556 0.023414 0.014889
0 0.247167 0.093396 0.019787 0.025003
0 0.245031 0.090888 0.019529 0.022032
0 0.670457 0.005931 0.018476 0.011863
0 0.801253 0.996005 0.023555 0.007990
