0 0.498161 0.985980 0.017658 0.021913
0 0.265335 0.474410 0.019952 0.024912
0 0.286633 0.462037 0.017372 0.021620
0 0.359977 0.842199 0.019973 0.023833
0 0.981750 0.376104 0.018363 0.023079
0 0.375773 0.554980 0.017739 0.022800
0 0.370143 0.890912 0.017769 0.022165
0 0.093062 0.883540 0.019157 0.023005
0 0.811032 0.067000 0.019760 0.026215
0 0.676487 0.179407 0.023422 0.027917
0 0.601962 0.220344 0.017361 0.020138
0 0.593492 0.780130 0.018702 0.022493
0 0.344665 0.109348 0.016346 0.021155
0 0.857831 0.134861 0.020554 0.025661
0 0.625832 0.823023 0.020674 0.023987
0 0.342340 0.816739 0.016091 0.019552
0 0.061637 0.809098 0.017630 0.022742
0 0.297944 0.390341 0.019098 0.024035
0 0.528205 0.972201 0.020011 0.028675
0 0.799823 0.659681 0.017514 0.021931
0 0.926122 0.991777 0.013930 0.015197
0 0.049671 0.940069 0.016031 0.020666
0 0.066376 0.095359 0.017400 0.022419
0 0.765699 0.575283 0.017888 0.023367
0 0.545350 0.441523 0.017380 0.022906
0 0.395784 0.592457 0.017801 0.021258
0 0.327412 0.223669 0.018312 0.023489
0 0.286726 0.776214 0.017430 0.022323
0 0.311915 0.733658 0.018943 0.021752
0 0.624843 0.193633 0.018492 0.024840
0 0.145907 0.237476 0.016914 0.020279
0 0.018659 0.401691 0.015247 0.019907
0 0.398959 0.968797 0.019618 0.023175
0 0.316047 0.110316 0.017356 0.020869
0 0.733107 0.573646 0.018027 0.021560
0 0.231831 0.236184 0.017216 0.020638
0 0.625231 0.080788 0.019655 0.023386
0 0.871374 0.945393 0.016897 0.021012
0 0.795281 0.290430 0.017510 0.021801
0 0.581743 0.237498 0.017489 0.020626
0 0.049675 0.985790 0.015250 0.019951
0 0.351071 0.872379 0.017024 0.021515
0 0.246589 0.046149 0.019791 0.024198
0 0.086111 0.119598 0.017975 0.020795
0 0.409134 0.020164 0.014335 0.019462
0 0.887930 0.967912 0.016181 0.019407
0 0.951101 0.857301 0.020613 0.026384
0 0.298973 0.027781 0.017846 0.021258
0 0.844732 0.178361 0.018869 0.025379
0 0.081420 0.080970 0.013503 0.019660
0 0.910566 0.668885 0.020596 0.023529
0 0.899393 0.936975 0.017808 0.020853
0 0.292941 0.831787 0.017975 0.022977
0 0.096931 0.445189 0.016828 0.020312
0 0.400728 0.658153 0.015196 0.019978
0 0.493947 0.130413 0.020550 0.023778
0 0.701481 0.580203 0.019590 0.023410
0 0.792202 0.728756 0.018959 0.022916
0 0.004392 0.123360 0.008785 0.025814
0 0.823771 0.659104 0.016833 0.021914
0 0.601884 0.447942 0.019947 0.023557
0 0.822548 0.888830 0.020691 0.024459
0 0.398867 0.095293 0.017334 0.021337
0 0.723535 0.512189 0.018009 0.020843
0 0.504179 0.096013 0.018181 0.022464
0 0.023613 0.988702 0.016768 0.018005
0 0.622856 0.992577 0.017172 0.014845
0 0.089585 0.831464 0.018802 0.023485
0 0.771554 0.057618 0.020762 0.023593
0 0.034564 0.648976 0.017675 0.021519
0 0.185689 0.470963 0.017380 0.020849
0 0.220833 0.105570 0.016621 0.020942
0 0.102373 0.698190 0.019585 0.024753
0 0.759987 0.663499 0.019463 0.024576
0 0.316861 0.806589 0.016502 0.020092
0 0.758933 0.900037 0.020569 0.024985
0 0.121252 0.149124 0.018680 0.022631
0 0.321163 0.035953 0.014969 0.020019
0 0.962969 0.440005 0.021259 0.024457
0 0.862338 0.682655 0.018261 0.023920
0 0.842109 0.745870 0.019292 0.026420
0 0.983462 0.508736 0.017852 0.021982
0 0.966672 0.993318 0.017720 0.013364
0 0.820030 0.537411 0.018924 0.022550
0 0.005241 0.789532 0.010483 0.020307
0 0.315687 0.838695 0.016278 0.021206
0 0.131133 0.495271 0.018469 0.024518
0 0.942921 0.214158 0.019013 0.024409
0 0.044110 0.120721 0.019759 0.025140
0 0.688123 0.993239 0.018222 0.013522
0 0.665449 0.079821 0.017608 0.023277
0 0.462414 0.710520 0.021106 0.024544
0 0.229418 0.715096 0.015623 0.018876
0 0.654457 0.414241 0.017231 0.026110
0 0.908591 0.973799 0.013549 0.018062
0 0.917955 0.443880 0.017977 0.022275
0 0.808581 0.311011 0.020560 0.025607
0 0.339333 0.022449 0.017011 0.022238
0 0.507695 0.393960 0.019344 0.024116
0 0.404207 0.942766 0.015921 0.020555
0 0.393657 0.157569 0.018728 0.021685
0 0.436999 0.019817 0.014577 0.018409
0 0.248175 0.806837 0.019413 0.025066
0 0.470309 0.269638 0.018275 0.022798
0 0.010798 0.094184 0.018684 0.021971
0 0.674548 0.695525 0.018847 0.022190
0 0.372703 0.166721 0.016813 0.022575
0 0.599072 0.956752 0.017445 0.021830
0 0.149560 0.656361 0.017411 0.020163
0 0.834285 0.972510 0.018550 0.022286
0 0.152989 0.066905 0.016686 0.021276
0 0.487115 0.008654 0.016787 0.016773
0 0.914695 0.410280 0.020068 0.025076
0 0.221538 0.329617 0.016143 0.019452
0 0.465136 0.390304 0.016163 0.020660
0 0.579783 0.896991 0.017603 0.022530
0 0.852480 0.659823 0.015396 0.017579
0 0.481702 0.800395 0.018174 0.021282
0 0.476524 0.147982 0.018232 0.020802
0 0.434426 0.044297 0.021523 0.023318
0 0.688715 0.947545 0.014756 0.018687
0 0.392115 0.006666 0.015716 0.012656
0 0.791262 0.573836 0.020006 0.023867
0 0.716979 0.852309 0.019202 0.019142
0 0.186936 0.755044 0.017084 0.021137
0 0.962545 0.362870 0.019037 0.024439
0 0.355301 0.042017 0.016433 0.020822
0 0.835406 0.993230 0.018847 0.013540
0 0.570344 0.177749 0.017179 0.021701
0 0.941175 0.701412 0.017996 0.022209
0 0.855092 0.962079 0.015657 0.020346
0 0.340557 0.366892 0.015776 0.019742
0 0.337804 0.050589 0.013478 0.018343
0 0.674537 0.431270 0.016706 0.022618
0 0.788310 0.088862 0.020057 0.023690
0 0.382327 0.652689 0.016820 0.021677
0 0.722541 0.594878 0.015878 0.020090
0 0.220873 0.483247 0.015883 0.020104
0 0.138852 0.199141 0.012632 0.016529
0 0.445389 0.077193 0.018027 0.021897
0 0.091192 0.037349 0.014199 0.016875
0 0.540044 0.336552 0.016486 0.019647
0 0.003383 0.842909 0.006766 0.023995
0 0.594433 0.860290 0.016861 0.020598
0 0.311019 0.944443 0.013680 0.014864
0 0.041180 0.025861 0.015938 0.017497
0 0.545065 0.390823 0.012689 0.017221
0 0.375606 0.977604 0.013911 0.017066
0 0.592787 0.259453 0.015216 0.018745
0 0.830136 0.156289 0.013080 0.014851
0 0.679772 0.874167 0.016219 0.021608
0 0.468805 0.988589 0.015006 0.017493
0 0.630558 0.361328 0.014955 0.017058
0 0.496203 0.356834 0.012867 0.018558
0 0.482516 0.822998 0.014716 0.019252
0 0.377536 0.957048 0.016587 0.017353
0 0.687613 0.994072 0.019898 0.011857
0 0.080776 0.943008 0.012308 0.014600
0 0.752204 0.590244 0.015483 0.022189
0 0.256864 0.912799 0.013109 0.017738
0 0.004860 0.842614 0.009719 0.023095
0 0.522229 0.388296 0.011849 0.022031
