0 0.281187 0.385510 0.019621 0.024781
0 0.625469 0.945994 0.019883 0.025613
0 0.489580 0.145999 0.019568 0.025381
0 0.008242 0.658755 0.016271 0.020777
0 0.117526 0.490010 0.017929 0.023135
0 0.224427 0.935732 0.015362 0.018898
0 0.013173 0.268585 0.016003 0.020180
0 0.812668 0.273812 0.016006 0.021323
0 0.796209 0.604439 0.018565 0.022458
0 0.497178 0.853395 0.018890 0.022078
0 0.550610 0.561891 0.015208 0.019631
0 0.701981 0.126376 0.019051 0.027891
0 0.044907 0.137518 0.017656 0.022077
0 0.044706 0.072349 0.016646 0.021132
0 0.791956 0.743346 0.017573 0.023958
0 0.035153 0.934745 0.017022 0.021747
0 0.821136 0.037339 0.014520 0.014758
0 0.838911 0.861112 0.014903 0.017850
0 0.246802 0.499526 0.018577 0.023076
0 0.080348 0.922846 0.017434 0.022086
0 0.772820 0.188725 0.019439 0.023756
0 0.415314 0.816092 0.017947 0.023327
0 0.251177 0.470429 0.021411 0.023581
0 0.232953 0.890154 0.017115 0.020220
0 0.020889 0.809052 0.015329 0.019835
0 0.306212 0.825352 0.017916 0.022120
0 0.528347 0.567407 0.015832 0.019169
0 0.481798 0.878276 0.016497 0.020949
0 0.933616 0.888160 0.013962 0.018453
0 0.311788 0.050001 0.018118 0.024121
0 0.943339 0.504380 0.017011 0.021182
0 0.613852 0.618995 0.016205 0.021163
0 0.568205 0.097805 0.016351 0.021304
0 0.046999 0.584492 0.018083 0.022837
0 0.815212 0.867024 0.018412 0.023454
0 0.021620 0.077894 0.015490 0.019590
0 0.604632 0.055843 0.015039 0.017698
0 0.128964 0.232470 0.017752 0.021851
0 0.509720 0.964817 0.021041 0.024217
0 0.165649 0.161460 0.017683 0.021115
0 0.660195 0.776368 0.017404 0.022771
0 0.786588 0.655637 0.017824 0.021197
0 0.839116 0.550970 0.014492 0.019820
0 0.824175 0.522637 0.018151 0.021367
0 0.124687 0.169486 0.019767 0.025756
0 0.941554 0.824806 0.018020 0.021096
0 0.237727 0.264336 0.014944 0.019517
0 0.753364 0.814432 0.018181 0.023380
0 0.994457 0.371824 0.011086 0.019232
0 0.154386 0.420113 0.017985 0.025215
0 0.307287 0.026631 0.015628 0.014470
0 0.646287 0.076835 0.016836 0.018908
0 0.833867 0.053430 0.013565 0.016919
0 0.185150 0.947696 0.014178 0.019544
0 0.397855 0.766401 0.018886 0.023391
0 0.442786 0.137148 0.016365 0.020147
0 0.664289 0.332941 0.015460 0.019990
0 0.727791 0.907522 0.016449 0.020963
0 0.972453 0.231363 0.017676 0.022256
0 0.802898 0.894540 0.015738 0.020785
0 0.025243 0.207120 0.013316 0.017911
0 0.216379 0.226719 0.016848 0.020881
0 0.067107 0.042061 0.014624 0.019037
0 0.380941 0.650521 0.015197 0.019378
0 0.805211 0.405120 0.016797 0.019314
0 0.719628 0.523569 0.018320 0.022033
0 0.979638 0.661971 0.018992 0.021648
0 0.651093 0.675421 0.016458 0.020886
0 0.119047 0.540785 0.015838 0.019773
0 0.251370 0.955472 0.015621 0.019180
0 0.706511 0.897538 0.016069 0.018699
0 0.012652 0.114198 0.015457 0.017626
0 0.743760 0.061565 0.018425 0.023406
0 0.929242 0.992860 0.019196 0.014280
0 0.040120 0.700009 0.014310 0.017971
0 0.572907 0.618517 0.014781 0.017892
0 0.327337 0.811572 0.015097 0.019353
0 0.747361 0.563024 0.017116 0.020926
0 0.295427 0.488933 0.015691 0.020556
0 0.518469 0.293771 0.017294 0.019903
0 0.008963 0.183740 0.016508 0.017132
0 0.819454 0.973132 0.016834 0.021606
0 0.052041 0.107929 0.014400 0.018895
0 0.067691 0.462602 0.015192 0.020684
0 0.673421 0.989775 0.014190 0.017101
0 0.036147 0.333353 0.014580 0.018513
0 0.213139 0.965829 0.017947 0.022110
0 0.466484 0.337571 0.014149 0.017380
0 0.612189 0.109682 0.013515 0.018299
0 0.384960 0.086816 0.015283 0.020856
0 0.015875 0.895930 0.015037 0.020914
0 0.585796 0.643647 0.018819 0.021767
0 0.744664 0.929286 0.015229 0.019614
0 0.269932 0.890523 0.012219 0.015650
0 0.224761 0.992207 0.015634 0.014950
0 0.532062 0.438127 0.016262 0.020558
0 0.465788 0.678730 0.017362 0.021816
0 0.204389 0.931758 0.015161 0.022156
0 0.012976 0.311335 0.014913 0.019225
0 0.590935 0.315614 0.014161 0.019101
0 0.128252 0.684688 0.015991 0.018724
0 0.452710 0.038405 0.016629 0.022261
0 0.454249 0.261926 0.019007 0.022214
0 0.542225 0.935620 0.014968 0.018746
0 0.073757 0.076876 0.014541 0.019015
0 0.089884 0.018233 0.013678 0.016808
0 0.819003 0.029126 0.017555 0.023347
0 0.765214 0.952435 0.016669 0.019674
0 0.014355 0.618713 0.016034 0.019335
0 0.951641 0.977214 0.016035 0.018232
0 0.668381 0.744593 0.014456 0.019825
0 0.287477 0.019464 0.014482 0.019912
0 0.043122 0.899533 0.013493 0.016951
0 0.705991 0.578276 0.016398 0.019490
0 0.798567 0.976125 0.015412 0.018029
0 0.365472 0.641625 0.014142 0.018141
0 0.320121 0.092161 0.017585 0.019749
0 0.697259 0.011121 0.013844 0.017620
0 0.086641 0.468640 0.013248 0.019889
0 0.705315 0.939967 0.015564 0.019313
0 0.762658 0.468571 0.012026 0.014578
0 0.828974 0.923162 0.015265 0.019134
0 0.652954 0.967815 0.015716 0.019553
0 0.195832 0.873879 0.016992 0.023641
0 0.651251 0.969491 0.015362 0.019293
0 0.203262 0.696892 0.018123 0.023064
0 0.828621 0.081340 0.012337 0.016438
0 0.107102 0.470184 0.013994 0.019452
0 0.454341 0.491654 0.015344 0.017519
0 0.838702 0.503181 0.017261 0.022520
0 0.628603 0.725084 0.013863 0.017917
0 0.630816 0.328682 0.015700 0.020223
0 0.245123 0.862360 0.014495 0.019069
0 0.907266 0.135136 0.016000 0.019920
0 0.233810 0.954440 0.012561 0.017629
0 0.801321 0.055544 0.014571 0.020719
0 0.423070 0.008335 0.014476 0.015933
0 0.603345 0.053902 0.017663 0.019802
0 0.996740 0.812781 0.006521 0.023161
0 0.033988 0.876016 0.013263 0.016239
0 0.086775 0.854493 0.015637 0.020762
0 0.514664 0.532951 0.014599 0.018248
0 0.755393 0.489302 0.012220 0.016365
0 0.813274 0.668679 0.015141 0.018756
0 0.003785 0.064810 0.007555 0.018888
0 0.692892 0.502241 0.011705 0.013901
0 0.992699 0.912261 0.013404 0.016260
0 0.616061 0.971248 0.015456 0.018991
0 0.331930 0.022408 0.015885 0.020120
0 0.423840 0.639855 0.014450 0.017435
0 0.849140 0.671549 0.014141 0.018344
0 0.367868 0.973569 0.015378 0.019680
0 0.399506 0.506467 0.014427 0.019159
0 0.298102 0.094432 0.012842 0.016029
0 0.861184 0.596464 0.015076 0.020151
0 0.731934 0.089463 0.013031 0.015425
0 0.703703 0.123310 0.019124 0.030267
0 0.092419 0.495391 0.015050 0.020553
0 0.363473 0.950854 0.014680 0.016934
0 0.275871 0.607194 0.014040 0.020045
0 0.312981 0.567229 0.015878 0.020477
0 0.647780 0.115897 0.013083 0.016696
0 0.688858 0.661379 0.015235 0.020622
0 0.396886 0.017800 0.013928 0.018179
0 0.886044 0.989628 0.017360 0.017234
0 0.047552 0.317851 0.010737 0.012459
0 0.283050 0.460583 0.013764 0.017034
0 0.463035 0.406774 0.012730 0.016600
0 0.511872 0.967061 0.019749 0.027539
