0 0.095760 0.309708 0.019388 0.023856
0 0.896768 0.882655 0.018260 0.020837
0 0.206543 0.725093 0.027179 0.034308
0 0.276409 0.892228 0.016117 0.021251
0 0.317934 0.374778 0.030429 0.033284
0 0.983600 0.128668 0.019691 0.024007
0 0.177080 0.901678 0.018931 0.025383
0 0.502430 0.216627 0.020799 0.027669
0 0.172253 0.529400 0.017756 0.028486
0 0.583476 0.072675 0.022906 0.028850
0 0.168120 0.488292 0.023910 0.028412
0 0.984410 0.086309 0.018686 0.023085
0 0.235461 0.827993 0.021868 0.026971
0 0.340493 0.249853 0.018822 0.020537
0 0.874066 0.893964 0.020020 0.023828
0 0.108498 0.878872 0.023197 0.027829
0 0.310957 0.090636 0.018677 0.021453
0 0.941540 0.894401 0.020783 0.023618
0 0.263382 0.564695 0.019395 0.028495
0 0.660654 0.233356 0.017859 0.022365
0 0.356146 0.189636 0.020584 0.022893
0 0.892369 0.646220 0.020384 0.025278
0 0.152413 0.291037 0.019542 0.024353
0 0.799391 0.246299 0.021198 0.025914
0 0.084319 0.489020 0.020400 0.025344
0 0.327351 0.166571 0.019228 0.022379
0 0.299916 0.875458 0.018872 0.022640
0 0.327360 0.271618 0.018398 0.021369
0 0.544182 0.447193 0.022774 0.022448
0 0.835350 0.040940 0.020523 0.026283
0 0.947188 0.748422 0.022159 0.024061
0 0.320534 0.115934 0.018323 0.021303
0 0.154982 0.543135 0.018432 0.022695
0 0.582807 0.549798 0.021646 0.026975
0 0.940468 0.931742 0.017771 0.023005
0 0.178494 0.614412 0.019087 0.022554
0 0.822542 0.880314 0.021869 0.024693
0 0.287312 0.744841 0.020051 0.030140
0 0.249146 0.899309 0.018200 0.022017
0 0.314220 0.496523 0.017946 0.022506
0 0.371226 0.489364 0.018974 0.021780
0 0.908219 0.432224 0.021188 0.026114
0 0.421434 0.742533 0.019276 0.023447
0 0.362401 0.276060 0.015213 0.019616
0 0.334582 0.862765 0.021116 0.022468
0 0.926426 0.126029 0.020193 0.023660
0 0.426610 0.420888 0.018932 0.024317
0 0.264831 0.643609 0.018883 0.024247
0 0.867455 0.468709 0.017687 0.020076
0 0.052601 0.194423 0.022464 0.025480
0 0.201160 0.895433 0.016014 0.019515
0 0.341120 0.292842 0.017580 0.020619
0 0.063312 0.754316 0.019916 0.024303
0 0.690149 0.218718 0.018231 0.021477
0 0.362813 0.114499 0.017898 0.022707
0 0.572065 0.765139 0.020945 0.023920
0 0.964310 0.935666 0.020964 0.025551
0 0.171152 0.937131 0.024275 0.027023
0 0.105416 0.973496 0.019448 0.023555
0 0.090141 0.725228 0.016879 0.019807
0 0.345376 0.222407 0.018131 0.022624
0 0.021092 0.275952 0.016187 0.021309
0 0.177461 0.579956 0.019900 0.022316
0 0.172722 0.983666 0.018427 0.019761
0 0.961441 0.704732 0.020176 0.022424
0 0.463893 0.636307 0.020839 0.024431
0 0.277550 0.470782 0.018007 0.022201
0 0.721172 0.200111 0.016861 0.021750
0 0.293825 0.535483 0.018723 0.022289
0 0.826545 0.095597 0.019924 0.024458
0 0.509861 0.663178 0.018011 0.025090
0 0.686726 0.316986 0.020386 0.024550
0 0.376383 0.353853 0.016506 0.021290
0 0.632573 0.524712 0.020152 0.022519
0 0.840024 0.508134 0.020146 0.022354
0 0.927652 0.913843 0.014683 0.019182
0 0.794796 0.218261 0.017042 0.019471
0 0.574286 0.160046 0.019696 0.023722
0 0.863388 0.431463 0.017303 0.022840
0 0.050855 0.279251 0.018820 0.024904
0 0.492616 0.102471 0.019984 0.023624
0 0.492346 0.276165 0.018581 0.023726
0 0.696273 0.920388 0.020817 0.026303
0 0.315420 0.785473 0.018507 0.023201
0 0.389893 0.906739 0.018569 0.022655
0 0.478996 0.512853 0.016074 0.021651
0 0.039418 0.727361 0.018714 0.024456
0 0.554806 0.707440 0.019064 0.021763
0 0.293059 0.990712 0.019603 0.015952
0 0.291901 0.582657 0.017030 0.018874
0 0.452609 0.681459 0.019204 0.025892
0 0.954116 0.411801 0.020462 0.022878
0 0.814963 0.965222 0.021007 0.026183
0 0.397179 0.251880 0.019876 0.025064
0 0.385332 0.509835 0.016760 0.020956
0 0.124549 0.297895 0.017515 0.022818
0 0.036630 0.381451 0.018509 0.021390
0 0.098643 0.753884 0.016973 0.021707
0 0.599008 0.736631 0.020896 0.025232
0 0.987041 0.649425 0.019297 0.022006
0 0.494562 0.489145 0.017918 0.021523
0 0.504483 0.158610 0.019664 0.024625
0 0.541227 0.363854 0.019145 0.022143
0 0.909922 0.907753 0.016560 0.022824
0 0.942641 0.102192 0.017409 0.021751
0 0.792580 0.388538 0.019634 0.021104
0 0.631336 0.159330 0.018604 0.024222
0 0.148528 0.680680 0.016552 0.022222
0 0.682181 0.344270 0.021279 0.023615
0 0.694799 0.608708 0.018136 0.022757
0 0.598505 0.194732 0.017619 0.022410
0 0.336483 0.027679 0.020091 0.030389
0 0.126175 0.167838 0.016814 0.021943
0 0.454428 0.533646 0.017819 0.021968
0 0.964238 0.781832 0.018474 0.021728
0 0.117514 0.439422 0.018890 0.022637
0 0.170065 0.319199 0.017565 0.021370
0 0.417510 0.344655 0.014220 0.018256
0 0.544683 0.421333 0.019259 0.022488
0 0.878732 0.448698 0.015597 0.020070
0 0.074347 0.010952 0.015862 0.018653
0 0.989699 0.008838 0.018374 0.017387
0 0.528198 0.191716 0.014534 0.018058
0 0.995962 0.508105 0.008076 0.030205
0 0.513651 0.180196 0.013461 0.016974
