0 0.279886 0.385032 0.018567 0.024296
0 0.624968 0.944699 0.018774 0.025164
0 0.132729 0.179153 0.020557 0.026202
0 0.757041 0.826103 0.019294 0.024097
0 0.033362 0.932009 0.016930 0.021808
0 0.546625 0.930934 0.015568 0.020408
0 0.097280 0.673768 0.017547 0.021851
0 0.467100 0.060137 0.016484 0.020680
0 0.130875 0.231505 0.016805 0.023329
0 0.247876 0.469517 0.019392 0.024393
0 0.201226 0.678465 0.016740 0.022649
0 0.513384 0.964792 0.020514 0.027461
0 0.514332 0.232823 0.020813 0.026534
0 0.835296 0.299119 0.019320 0.023213
0 0.661757 0.226389 0.017675 0.021866
0 0.814928 0.870187 0.019078 0.024154
0 0.719639 0.213949 0.018589 0.025018
0 0.056032 0.199556 0.016915 0.022428
0 0.004574 0.676567 0.009148 0.019847
0 0.214482 0.225139 0.017424 0.019825
0 0.452779 0.775511 0.019221 0.025021
0 0.115545 0.488890 0.018165 0.022429
0 0.008859 0.028426 0.015359 0.018206
0 0.723704 0.913517 0.016747 0.020762
0 0.411221 0.554222 0.014428 0.019418
0 0.384221 0.085835 0.016499 0.022227
0 0.505192 0.107964 0.016315 0.019955
0 0.599220 0.632625 0.014325 0.018560
0 0.764894 0.949243 0.016424 0.020888
0 0.464872 0.678050 0.016188 0.020167
0 0.903049 0.990600 0.016261 0.015856
0 0.793332 0.684206 0.016612 0.020359
0 0.371758 0.857296 0.016860 0.020464
0 0.017923 0.047698 0.015707 0.020447
0 0.613336 0.656840 0.016032 0.020917
0 0.314199 0.080319 0.017556 0.022112
0 0.726506 0.954025 0.012281 0.016985
0 0.218538 0.955642 0.014589 0.019202
0 0.269982 0.057789 0.015869 0.019825
0 0.809432 0.655216 0.016747 0.019724
0 0.912273 0.624387 0.014828 0.020005
0 0.653816 0.936490 0.013759 0.016579
0 0.965656 0.315874 0.018242 0.023968
0 0.251711 0.081668 0.013407 0.016651
0 0.799467 0.780738 0.016960 0.022115
0 0.798877 0.959025 0.013997 0.018558
0 0.976188 0.701861 0.014105 0.019039
0 0.991055 0.648266 0.016778 0.021280
0 0.862259 0.323289 0.018558 0.021581
0 0.006060 0.154974 0.012078 0.020713
0 0.049331 0.515731 0.018293 0.020823
0 0.509354 0.070487 0.016786 0.020975
0 0.023452 0.298608 0.017208 0.021103
0 0.076741 0.924345 0.016973 0.021219
0 0.564877 0.876658 0.017074 0.024765
0 0.017841 0.954328 0.016336 0.021897
0 0.070705 0.806388 0.016809 0.018981
0 0.313085 0.573379 0.017965 0.027000
0 0.244829 0.928380 0.016643 0.019295
0 0.305620 0.284340 0.018996 0.021228
0 0.331162 0.039044 0.013772 0.017710
0 0.023805 0.209235 0.012596 0.016621
0 0.740872 0.537710 0.018047 0.023133
0 0.188257 0.195016 0.014618 0.016364
0 0.832621 0.734308 0.014926 0.015476
0 0.348389 0.644308 0.013629 0.018976
0 0.693170 0.412378 0.014257 0.017822
0 0.356134 0.007493 0.012580 0.014968
0 0.380381 0.647896 0.013311 0.019468
0 0.299271 0.047759 0.015760 0.020081
0 0.057009 0.904492 0.014270 0.016937
0 0.813367 0.087591 0.014899 0.017351
0 0.135433 0.426872 0.016405 0.018368
0 0.932269 0.895685 0.015574 0.018050
0 0.571250 0.625257 0.013803 0.019041
0 0.653986 0.680257 0.015426 0.020746
0 0.057691 0.172846 0.015187 0.016551
0 0.270654 0.966964 0.013956 0.019749
0 0.066105 0.534375 0.013450 0.018674
0 0.288651 0.118433 0.013291 0.015953
0 0.529726 0.432992 0.015927 0.019135
0 0.908862 0.130936 0.013382 0.015417
0 0.849048 0.942212 0.016082 0.018547
0 0.910592 0.175498 0.012478 0.015785
0 0.996353 0.814307 0.007294 0.020958
0 0.258452 0.949908 0.014489 0.016533
0 0.366509 0.660664 0.013870 0.015997
0 0.327924 0.822187 0.016685 0.019179
0 0.933986 0.841344 0.018027 0.023591
0 0.802703 0.056294 0.013289 0.019622
0 0.984986 0.117851 0.019181 0.020513
0 0.462388 0.336761 0.012740 0.017651
0 0.445125 0.661382 0.012198 0.015820
0 0.325389 0.010769 0.014216 0.017772
0 0.071458 0.436936 0.010231 0.014311
0 0.196916 0.878344 0.015327 0.021380
0 0.739764 0.172258 0.015447 0.019866
0 0.706130 0.671534 0.016367 0.019719
0 0.739855 0.590023 0.013488 0.019218
0 0.821248 0.504753 0.012762 0.016236
0 0.034874 0.132937 0.011989 0.016451
0 0.222333 0.460708 0.016177 0.023884
0 0.034618 0.072608 0.015658 0.019451
0 0.490640 0.785340 0.014649 0.017472
0 0.996310 0.939552 0.007379 0.019668
0 0.331130 0.105703 0.014597 0.019031
0 0.739316 0.935887 0.014365 0.018929
0 0.079935 0.222680 0.014009 0.020773
0 0.217306 0.408819 0.012772 0.017286
