0 0.705665 0.272616 0.015387 0.020965
0 0.558841 0.529444 0.023876 0.032168
0 0.216708 0.322000 0.019976 0.027094
0 0.983117 0.647298 0.018435 0.022467
0 0.382879 0.478840 0.017750 0.024369
0 0.137677 0.368100 0.018694 0.022002
0 0.978795 0.519021 0.022117 0.023479
0 0.961494 0.312892 0.016318 0.021471
0 0.734755 0.737013 0.014160 0.021428
0 0.512141 0.465469 0.016361 0.021003
0 0.250528 0.388607 0.016600 0.020849
0 0.240916 0.316197 0.018998 0.024608
0 0.294029 0.561256 0.015701 0.020908
0 0.067412 0.393984 0.018307 0.023454
0 0.405429 0.231723 0.017321 0.023689
0 0.562434 0.320452 0.019764 0.026312
0 0.958170 0.696327 0.016585 0.021163
0 0.319336 0.557023 0.017485 0.023217
0 0.903584 0.774156 0.017465 0.023123
0 0.232145 0.368133 0.016704 0.023809
0 0.920619 0.835734 0.018288 0.022450
0 0.110955 0.291147 0.014902 0.019262
0 0.440088 0.401504 0.017642 0.021753
0 0.946025 0.333436 0.017778 0.020558
0 0.723519 0.254537 0.015544 0.019731
0 0.421269 0.549116 0.018240 0.023700
0 0.445919 0.934844 0.018495 0.022784
0 0.711554 0.744856 0.016583 0.020503
0 0.795928 0.564911 0.016948 0.021059
0 0.370043 0.008052 0.016565 0.013856
0 0.706383 0.835946 0.015470 0.020007
0 0.700731 0.764645 0.016417 0.020834
0 0.436623 0.755752 0.016383 0.022829
0 0.304389 0.053996 0.019053 0.022622
0 0.685341 0.285780 0.015243 0.020956
0 0.794692 0.823811 0.023023 0.023618
0 0.146177 0.113651 0.017111 0.020403
0 0.379852 0.766323 0.018995 0.020166
0 0.600667 0.186729 0.017045 0.020921
0 0.962113 0.965398 0.017630 0.026697
0 0.735715 0.989172 0.018827 0.017637
0 0.439027 0.620855 0.016419 0.021329
0 0.391157 0.843573 0.016865 0.021152
0 0.467474 0.483104 0.015192 0.019379
0 0.487908 0.037842 0.014019 0.017821
0 0.048434 0.382811 0.014777 0.021047
0 0.306967 0.580043 0.016432 0.020218
0 0.926530 0.773878 0.015525 0.019719
0 0.774814 0.619813 0.019972 0.022780
0 0.216950 0.451252 0.017958 0.021721
0 0.756347 0.782590 0.022520 0.026398
0 0.948328 0.456551 0.016271 0.020942
0 0.963355 0.181026 0.013986 0.016690
0 0.349671 0.547556 0.016362 0.020656
0 0.089172 0.276908 0.013804 0.017605
0 0.475294 0.302177 0.017616 0.020994
0 0.433151 0.991925 0.018285 0.014381
0 0.434963 0.246141 0.014788 0.019178
0 0.605078 0.859712 0.018334 0.023531
0 0.691915 0.474797 0.014933 0.018412
0 0.426072 0.154863 0.018700 0.022255
0 0.339369 0.288649 0.016484 0.020727
0 0.626640 0.068078 0.017802 0.022122
0 0.254216 0.525232 0.017684 0.021566
0 0.781336 0.454638 0.018608 0.023898
0 0.150463 0.444233 0.016159 0.021388
0 0.330157 0.761794 0.016231 0.019157
0 0.381764 0.663777 0.016332 0.020149
0 0.164470 0.021533 0.021062 0.023450
0 0.676622 0.963888 0.016733 0.020580
0 0.690732 0.714357 0.017292 0.020677
0 0.967587 0.590572 0.016443 0.019472
0 0.856060 0.572203 0.019216 0.022064
0 0.105844 0.201382 0.016136 0.019269
0 0.675196 0.110342 0.010758 0.014910
0 0.968257 0.287713 0.016890 0.020375
0 0.415147 0.089970 0.019372 0.025596
0 0.488250 0.013758 0.015248 0.018753
0 0.905333 0.168820 0.015097 0.019132
0 0.903926 0.733151 0.017584 0.019960
0 0.031086 0.540632 0.019192 0.022787
0 0.061199 0.424806 0.015816 0.020817
0 0.327901 0.108673 0.018757 0.022985
0 0.151817 0.389188 0.016090 0.020042
0 0.261712 0.665864 0.017451 0.023450
0 0.299333 0.288094 0.015955 0.022438
0 0.176360 0.717460 0.017333 0.018996
0 0.754842 0.651079 0.016845 0.022383
0 0.337826 0.746240 0.014453 0.015586
0 0.352240 0.808677 0.016152 0.020013
0 0.550117 0.443676 0.015171 0.017710
0 0.763885 0.778489 0.018053 0.025765
0 0.428299 0.462357 0.015950 0.018428
0 0.221329 0.730860 0.016545 0.021951
0 0.996399 0.778026 0.007202 0.023396
0 0.382090 0.939987 0.017101 0.020990
0 0.759900 0.780257 0.025631 0.028609
0 0.491331 0.461304 0.014779 0.019845
0 0.696619 0.056991 0.017945 0.020888
0 0.451254 0.471061 0.016030 0.019346
0 0.361732 0.468273 0.015589 0.019575
0 0.519947 0.742699 0.015195 0.020296
0 0.215228 0.565226 0.014687 0.017721
0 0.364033 0.830378 0.018099 0.027431
0 0.654294 0.354995 0.012541 0.013503
0 0.647446 0.945321 0.011504 0.015484
0 0.782997 0.975784 0.015705 0.015044
0 0.560120 0.980790 0.016143 0.018987
0 0.258154 0.066489 0.013542 0.017667
0 0.294684 0.131492 0.016253 0.021449
0 0.684439 0.123339 0.016602 0.019960
0 0.155409 0.146004 0.013468 0.018244
0 0.448075 0.059782 0.014775 0.017545
0 0.470257 0.360404 0.015410 0.018754
0 0.977433 0.014807 0.013210 0.017010
0 0.892916 0.037131 0.018505 0.021054
0 0.968171 0.152943 0.018396 0.019074
0 0.940707 0.438944 0.014185 0.015210
0 0.019992 0.283288 0.017265 0.021172
0 0.261479 0.662016 0.018684 0.029128
0 0.813841 0.347074 0.011504 0.015899
0 0.918913 0.148177 0.011401 0.013712
0 0.354613 0.483847 0.013820 0.016582
0 0.894446 0.162208 0.011920 0.017386
0 0.533507 0.532606 0.015694 0.021241
0 0.436622 0.751715 0.017714 0.031121
0 0.135962 0.978326 0.017642 0.018832
0 0.994710 0.492579 0.010580 0.019974
0 0.266791 0.116078 0.018155 0.019076
0 0.142606 0.566971 0.018152 0.022622
0 0.800772 0.284303 0.015736 0.019808
0 0.510236 0.463830 0.018551 0.023104
0 0.733785 0.267538 0.014488 0.018606
0 0.711719 0.739718 0.018297 0.026589
0 0.611807 0.543598 0.011187 0.014133
0 0.158835 0.022870 0.024398 0.022499
0 0.610163 0.624865 0.010750 0.014391
0 0.231069 0.620813 0.013262 0.014384
0 0.705439 0.249754 0.011945 0.015769
0 0.148635 0.575198 0.016031 0.016679
0 0.683120 0.121317 0.020404 0.025798
0 0.358472 0.478044 0.017476 0.024601
0 0.924929 0.779189 0.016405 0.028443
0 0.987028 0.463836 0.017892 0.016168
0 0.991197 0.462679 0.015660 0.015953
0 0.333196 0.754885 0.019856 0.028014
