0 0.030104 0.987788 0.017841 0.018905
0 0.388687 0.652665 0.013545 0.018034
0 0.491200 0.008239 0.016260 0.016479
0 0.528934 0.704924 0.016155 0.019980
0 0.398159 0.013163 0.018902 0.018729
0 0.846459 0.295842 0.018102 0.022756
0 0.526306 0.536995 0.017608 0.023164
0 0.004269 0.986554 0.008537 0.020112
0 0.828668 0.893682 0.019062 0.023864
0 0.534631 0.975907 0.021302 0.027704
0 0.951831 0.759138 0.018226 0.020536
0 0.328283 0.992120 0.016616 0.015720
0 0.931192 0.991544 0.014559 0.015111
0 0.481508 0.749645 0.019194 0.025107
0 0.512329 0.100336 0.016386 0.020084
0 0.835951 0.675225 0.016439 0.020253
0 0.118988 0.835035 0.015001 0.020519
0 0.484768 0.154830 0.018125 0.020638
0 0.359076 0.148327 0.019235 0.023595
0 0.405264 0.101379 0.017560 0.021595
0 0.499095 0.515531 0.018287 0.021923
0 0.137603 0.499155 0.016856 0.021769
0 0.272650 0.475224 0.019104 0.023913
0 0.549435 0.442857 0.016358 0.020383
0 0.220343 0.509477 0.014971 0.019479
0 0.434218 0.989486 0.018055 0.017538
0 0.271703 0.855554 0.018081 0.022298
0 0.287511 0.455690 0.016826 0.020764
0 0.956661 0.612461 0.017043 0.019953
0 0.938015 0.971139 0.017795 0.020564
0 0.834837 0.186054 0.019472 0.024041
0 0.820111 0.310424 0.016905 0.021016
0 0.622622 0.048854 0.018251 0.022299
0 0.096574 0.833323 0.018895 0.023749
0 0.732925 0.291194 0.017677 0.021985
0 0.251741 0.814127 0.019603 0.025376
0 0.179899 0.666969 0.018693 0.021120
0 0.142981 0.220666 0.016616 0.019642
0 0.467126 0.346320 0.016916 0.022700
0 0.951696 0.642662 0.017906 0.022809
0 0.613158 0.552597 0.020297 0.024996
0 0.778324 0.060991 0.018624 0.023380
0 0.809060 0.695778 0.018498 0.021326
0 0.762987 0.526490 0.018369 0.021692
0 0.463672 0.389695 0.018153 0.023702
0 0.225969 0.331130 0.016868 0.019877
0 0.303608 0.392284 0.019060 0.023822
0 0.663413 0.594359 0.017216 0.020059
0 0.348575 0.117085 0.017733 0.019807
0 0.832210 0.947629 0.017715 0.020560
0 0.902496 0.961658 0.019661 0.023180
0 0.037431 0.361494 0.017227 0.021588
0 0.631068 0.270119 0.019888 0.024413
0 0.861949 0.478489 0.018357 0.023575
0 0.803981 0.663883 0.019220 0.022112
0 0.770644 0.752851 0.016604 0.020451
0 0.059553 0.622034 0.017237 0.021495
0 0.094777 0.159688 0.017170 0.021516
0 0.509484 0.713836 0.016579 0.021038
0 0.327610 0.215903 0.018140 0.022034
0 0.377049 0.979784 0.013950 0.017517
0 0.572491 0.745660 0.016580 0.020896
0 0.287474 0.824996 0.016032 0.019150
0 0.629625 0.082189 0.020216 0.024558
0 0.906168 0.485336 0.018480 0.022710
0 0.023082 0.624298 0.015990 0.018808
0 0.110363 0.382543 0.020332 0.024295
0 0.041413 0.651250 0.016933 0.021329
0 0.555467 0.867588 0.019360 0.023839
0 0.974650 0.583829 0.017200 0.020962
0 0.947833 0.156413 0.019172 0.022736
0 0.932990 0.433995 0.017581 0.020892
0 0.511498 0.006294 0.015227 0.012587
0 0.794834 0.090027 0.019715 0.024378
0 0.471041 0.019508 0.015098 0.019833
0 0.503695 0.648968 0.017650 0.021266
0 0.872285 0.150816 0.019267 0.024663
0 0.513099 0.397416 0.017926 0.023861
0 0.689779 0.876953 0.015442 0.020589
0 0.187280 0.970333 0.018047 0.022495
0 0.363366 0.057491 0.012295 0.020269
0 0.305486 0.038073 0.018382 0.022243
0 0.344946 0.054340 0.014310 0.018814
0 0.703177 0.896691 0.017145 0.020423
0 0.735246 0.550601 0.016522 0.020422
0 0.840874 0.974451 0.017362 0.019384
0 0.511158 0.073136 0.020363 0.023386
0 0.551587 0.100060 0.018242 0.023474
0 0.369542 0.647779 0.015263 0.019333
0 0.742569 0.581722 0.015842 0.020823
0 0.604602 0.174461 0.014887 0.017749
0 0.154390 0.242164 0.017092 0.020918
0 0.141381 0.626550 0.017537 0.021867
0 0.241190 0.238285 0.017638 0.021083
0 0.183275 0.694626 0.020568 0.022337
0 0.359641 0.949964 0.015613 0.018239
0 0.755246 0.335865 0.017177 0.020253
0 0.918278 0.602313 0.017801 0.020794
0 0.132600 0.858875 0.018998 0.022994
0 0.357928 0.811531 0.017784 0.022488
0 0.463174 0.899823 0.014869 0.018237
0 0.383109 0.106459 0.015272 0.018917
0 0.679342 0.268828 0.018974 0.022157
0 0.462978 0.113918 0.014677 0.018684
0 0.870891 0.681167 0.019173 0.022582
0 0.723893 0.595754 0.016538 0.019654
0 0.457533 0.036227 0.015771 0.020922
0 0.152991 0.541438 0.018879 0.023757
0 0.710442 0.987038 0.015322 0.018943
0 0.862940 0.803095 0.016575 0.019993
0 0.326168 0.841121 0.017549 0.021315
0 0.159930 0.073697 0.016741 0.020553
0 0.629117 0.336204 0.018816 0.022862
0 0.803162 0.291432 0.015419 0.018466
0 0.182369 0.577407 0.016184 0.019877
0 0.759889 0.595729 0.016690 0.019317
0 0.683263 0.576334 0.018919 0.020956
0 0.380711 0.957659 0.014488 0.018222
0 0.244058 0.114446 0.016249 0.020481
0 0.521785 0.190558 0.016457 0.019963
0 0.055971 0.943414 0.018535 0.023269
0 0.291432 0.496037 0.015558 0.020615
0 0.835788 0.345915 0.017889 0.023283
0 0.405260 0.663419 0.015011 0.019079
0 0.418572 0.644593 0.015805 0.020915
0 0.254510 0.762653 0.012885 0.016330
0 0.783687 0.580726 0.015264 0.018800
0 0.835796 0.159988 0.016042 0.018877
0 0.540950 0.768615 0.017144 0.021029
0 0.352946 0.969932 0.015067 0.018130
0 0.355743 0.073772 0.015936 0.017755
0 0.543315 0.563522 0.017944 0.021269
0 0.427107 0.758103 0.014354 0.017408
0 0.417921 0.005834 0.016390 0.011668
0 0.386539 0.759150 0.017367 0.017981
0 0.581223 0.973224 0.014002 0.017099
0 0.909084 0.832717 0.012412 0.015476
0 0.301052 0.755529 0.013326 0.017993
0 0.465379 0.922323 0.012296 0.015502
0 0.223766 0.355206 0.011316 0.014780
0 0.303092 0.445228 0.013089 0.019137
0 0.105044 0.885359 0.011493 0.014650
0 0.909456 0.901277 0.014027 0.019279
0 0.995523 0.286243 0.008953 0.016940
0 0.877999 0.586395 0.011896 0.014658
0 0.927722 0.698521 0.013335 0.017132
0 0.300679 0.979928 0.011517 0.015798
0 0.697439 0.693886 0.012738 0.017192
0 0.974142 0.005600 0.016962 0.011199
0 0.562981 0.933081 0.012101 0.014303
0 0.888292 0.913742 0.012253 0.017183
0 0.536920 0.247848 0.014139 0.016551
0 0.205935 0.815219 0.013906 0.017514
0 0.538091 0.320643 0.015591 0.019347
0 0.848802 0.218199 0.012072 0.016889
0 0.680602 0.560792 0.019669 0.024286
0 0.085585 0.100704 0.014153 0.016853
0 0.908498 0.997026 0.018108 0.005947
0 0.708163 0.766125 0.013229 0.015790
0 0.839596 0.995263 0.018440 0.009474
0 0.709104 0.818288 0.014473 0.017088
0 0.002682 0.769683 0.005364 0.020260
0 0.421395 0.673492 0.012654 0.018284
0 0.421353 0.708126 0.011657 0.014776
0 0.075601 0.370844 0.012286 0.014706
0 0.359620 0.062969 0.018852 0.029789
0 0.833101 0.122359 0.012554 0.014179
0 0.865291 0.916070 0.013138 0.015395
0 0.534356 0.367481 0.011843 0.015898
0 0.407934 0.615099 0.013742 0.016650
0 0.908213 0.993871 0.020066 0.012258
0 0.692895 0.994887 0.016188 0.010225
0 0.724377 0.012733 0.013942 0.018993
0 0.682405 0.568879 0.022052 0.033934
0 0.284161 0.157170 0.012949 0.015032
0 0.473704 0.844036 0.012367 0.016401
0 0.728818 0.011105 0.014881 0.018625
0 0.360695 0.948600 0.018113 0.023487
0 0.679984 0.557358 0.017657 0.018158
0 0.326586 0.804315 0.012230 0.016530
0 0.193674 0.241871 0.015242 0.014493
0 0.831128 0.724005 0.012252 0.016331
