0 0.147697 0.916491 0.017665 0.022889
0 0.912282 0.883519 0.017153 0.021077
0 0.309752 0.278581 0.014729 0.016985
0 0.015477 0.275461 0.018042 0.022225
0 0.206267 0.741959 0.016786 0.020654
0 0.297788 0.024082 0.018001 0.023405
0 0.767044 0.211113 0.018404 0.020341
0 0.233295 0.553176 0.019373 0.024829
0 0.316870 0.390874 0.016527 0.020589
0 0.664849 0.042977 0.020462 0.022706
0 0.803381 0.896343 0.022994 0.028776
0 0.792140 0.251148 0.018455 0.024908
0 0.125281 0.912846 0.018207 0.023662
0 0.658441 0.284736 0.019426 0.024620
0 0.950609 0.783294 0.020757 0.024949
0 0.514824 0.905192 0.018477 0.023119
0 0.774550 0.235080 0.017188 0.021639
0 0.694870 0.304007 0.016870 0.020952
0 0.757655 0.397440 0.019719 0.024998
0 0.336869 0.233043 0.019611 0.024517
0 0.235451 0.739969 0.016138 0.022494
0 0.900627 0.311014 0.020442 0.024477
0 0.312420 0.347220 0.018716 0.024400
0 0.307854 0.962387 0.016907 0.021790
0 0.085924 0.505667 0.020057 0.023150
0 0.064328 0.228868 0.017582 0.021106
0 0.123589 0.278937 0.017070 0.023497
0 0.441441 0.310389 0.017138 0.021187
0 0.188656 0.884851 0.021945 0.028956
0 0.149091 0.287669 0.020830 0.023516
0 0.292222 0.691112 0.016930 0.021586
0 0.975532 0.289537 0.018620 0.023677
0 0.893106 0.358510 0.016780 0.020469
0 0.456508 0.613837 0.017234 0.020055
0 0.041969 0.414311 0.016535 0.020979
0 0.964321 0.465305 0.017921 0.020812
0 0.525205 0.686614 0.017133 0.022768
0 0.288607 0.622574 0.017582 0.021572
0 0.007430 0.731998 0.014553 0.020947
0 0.338884 0.136142 0.016634 0.021494
0 0.666996 0.382732 0.020978 0.024149
0 0.231996 0.085832 0.014742 0.018588
0 0.952044 0.525895 0.017400 0.022093
0 0.264493 0.575706 0.015302 0.018861
0 0.160496 0.887530 0.018653 0.024632
0 0.275598 0.759590 0.017894 0.020706
0 0.521503 0.406180 0.017580 0.021889
0 0.379412 0.053611 0.017345 0.023072
0 0.301951 0.152693 0.017226 0.020614
0 0.871446 0.871781 0.016072 0.018996
0 0.797364 0.083745 0.017709 0.018282
0 0.695626 0.622368 0.017825 0.022839
0 0.123057 0.799874 0.017898 0.021569
0 0.436701 0.373821 0.017682 0.021119
0 0.582068 0.189874 0.017056 0.020679
0 0.059545 0.138637 0.017129 0.019375
0 0.244571 0.455372 0.017148 0.021180
0 0.541714 0.655376 0.015398 0.019016
0 0.064068 0.879682 0.016118 0.021245
0 0.826544 0.987361 0.018116 0.019574
0 0.102987 0.623177 0.017064 0.019366
0 0.792650 0.868787 0.016393 0.021115
0 0.632194 0.027758 0.019095 0.022447
0 0.637061 0.299354 0.014973 0.017983
0 0.600003 0.298893 0.016869 0.019063
0 0.575011 0.907674 0.013553 0.016191
0 0.691096 0.198359 0.015797 0.019985
0 0.348588 0.518308 0.017858 0.020898
0 0.866389 0.626628 0.018604 0.022079
0 0.074381 0.303679 0.019113 0.022879
0 0.397336 0.375529 0.017733 0.020720
0 0.880460 0.419058 0.019431 0.024803
0 0.184710 0.008250 0.016248 0.015103
0 0.190270 0.756978 0.016749 0.020635
0 0.087319 0.872031 0.015362 0.020479
0 0.470727 0.039868 0.019057 0.022176
0 0.148344 0.100450 0.015270 0.018187
0 0.452984 0.130979 0.018045 0.020755
0 0.190875 0.087963 0.017581 0.021389
0 0.665555 0.289719 0.015826 0.020009
0 0.323441 0.763756 0.015321 0.018192
0 0.328508 0.412210 0.014464 0.017660
0 0.602192 0.151662 0.015923 0.020299
0 0.933569 0.676982 0.017309 0.019130
0 0.930424 0.218361 0.017226 0.020612
0 0.571710 0.931284 0.014861 0.018894
0 0.100173 0.962435 0.017032 0.019271
0 0.055030 0.179231 0.020255 0.024621
0 0.635354 0.505164 0.014507 0.018052
0 0.971236 0.546012 0.015790 0.018807
0 0.329121 0.294773 0.014415 0.019085
0 0.314625 0.243298 0.014688 0.019666
0 0.428165 0.667832 0.016674 0.020668
0 0.552809 0.147254 0.015150 0.018602
0 0.058122 0.180525 0.020395 0.024340
0 0.029165 0.179298 0.016132 0.021652
0 0.399926 0.515482 0.017905 0.024492
0 0.996558 0.056444 0.006884 0.019960
0 0.062070 0.182558 0.016816 0.021551
0 0.887277 0.893403 0.015734 0.020026
0 0.118784 0.656865 0.014857 0.017744
0 0.830091 0.234825 0.017440 0.022514
0 0.264101 0.736790 0.013686 0.018657
0 0.298454 0.257833 0.016342 0.020121
0 0.990811 0.244589 0.017262 0.020012
0 0.899980 0.109212 0.017431 0.022879
0 0.003396 0.025025 0.006772 0.021405
0 0.577664 0.907609 0.014780 0.016959
