0 0.103939 0.872660 0.023610 0.029342
0 0.803643 0.377410 0.020988 0.027883
0 0.815034 0.973964 0.020365 0.023916
0 0.172627 0.901038 0.021610 0.026527
0 0.911037 0.874672 0.015032 0.020511
0 0.328134 0.859264 0.021712 0.023254
0 0.934458 0.890913 0.021680 0.023415
0 0.312691 0.373434 0.030080 0.035133
0 0.333972 0.247369 0.019985 0.023861
0 0.141517 0.286039 0.020578 0.024507
0 0.199811 0.725156 0.027129 0.034712
0 0.842392 0.934688 0.021904 0.024905
0 0.900887 0.295574 0.022253 0.025167
0 0.376025 0.240665 0.021385 0.024526
0 0.253864 0.747231 0.015348 0.021500
0 0.805404 0.930619 0.021753 0.023284
0 0.642822 0.239988 0.020141 0.025086
0 0.064249 0.175059 0.016112 0.020455
0 0.789532 0.241363 0.019122 0.022974
0 0.497692 0.217974 0.021352 0.025956
0 0.781593 0.386736 0.016713 0.020385
0 0.612735 0.509403 0.021497 0.024004
0 0.092255 0.815600 0.018674 0.023309
0 0.016585 0.265373 0.017720 0.021898
0 0.388484 0.439990 0.019227 0.025452
0 0.888761 0.692552 0.022277 0.024832
0 0.345616 0.303472 0.016432 0.020551
0 0.144056 0.743414 0.017189 0.021115
0 0.815658 0.879954 0.019781 0.023874
0 0.967578 0.860352 0.019378 0.024537
0 0.379822 0.322357 0.020869 0.022346
0 0.882100 0.638025 0.019594 0.023317
0 0.024640 0.552494 0.022326 0.027605
0 0.252789 0.558860 0.018939 0.023885
0 0.357717 0.137776 0.015889 0.017793
0 0.785503 0.077969 0.018422 0.021666
0 0.111902 0.190238 0.019107 0.024801
0 0.102194 0.505765 0.019783 0.023557
0 0.227759 0.297432 0.020871 0.020491
0 0.606448 0.054097 0.020229 0.026403
0 0.275853 0.744713 0.016669 0.027204
0 0.918440 0.404747 0.018280 0.022319
0 0.788609 0.137688 0.020370 0.024995
0 0.045494 0.092958 0.018700 0.020351
0 0.889855 0.878381 0.018776 0.022582
0 0.564021 0.157862 0.016316 0.020418
0 0.240331 0.888526 0.019775 0.024748
0 0.356988 0.762525 0.018144 0.024983
0 0.537234 0.861332 0.019222 0.023728
0 0.556061 0.657958 0.015858 0.019092
0 0.829310 0.841578 0.020112 0.023473
0 0.901123 0.424679 0.019567 0.023576
0 0.156279 0.148970 0.017583 0.022633
0 0.819237 0.092261 0.017576 0.024070
0 0.197932 0.122643 0.020069 0.021817
0 0.458296 0.321828 0.017610 0.023158
0 0.089091 0.309190 0.020274 0.025013
0 0.279617 0.579963 0.015803 0.019093
0 0.533150 0.412601 0.019982 0.023932
0 0.359670 0.886024 0.020252 0.026808
0 0.841085 0.676711 0.018240 0.021804
0 0.318166 0.160298 0.017373 0.021053
0 0.486306 0.485883 0.018334 0.022402
0 0.619918 0.159226 0.017778 0.020257
0 0.513017 0.457317 0.019356 0.023754
0 0.915012 0.120767 0.020666 0.025713
0 0.495469 0.152282 0.019248 0.025896
0 0.166637 0.721479 0.014887 0.018776
0 0.926003 0.351612 0.018414 0.022209
0 0.995100 0.293290 0.009800 0.025240
0 0.549400 0.706291 0.018716 0.019562
0 0.644101 0.102519 0.017599 0.021035
0 0.446219 0.671900 0.019145 0.024333
0 0.411512 0.733717 0.017669 0.020674
0 0.424383 0.154324 0.015681 0.020517
0 0.358047 0.111424 0.017344 0.023086
0 0.526773 0.653995 0.017142 0.021689
0 0.816504 0.328324 0.020187 0.022649
0 0.551995 0.533006 0.017202 0.020940
0 0.128215 0.824289 0.016196 0.020884
0 0.019548 0.207943 0.018485 0.022007
0 0.589196 0.163937 0.016850 0.020315
0 0.267788 0.149266 0.016366 0.019862
0 0.487287 0.259352 0.016375 0.020599
0 0.319467 0.269898 0.019785 0.024140
0 0.242083 0.270089 0.017602 0.020729
0 0.786620 0.213722 0.017126 0.020030
0 0.676117 0.432224 0.019799 0.023917
0 0.039281 0.065273 0.016793 0.020263
0 0.554988 0.122218 0.018432 0.022181
0 0.130791 0.064547 0.017912 0.022701
0 0.747956 0.517128 0.018282 0.021687
0 0.163692 0.524283 0.019430 0.031460
0 0.502876 0.698597 0.017318 0.021012
0 0.948577 0.685441 0.017403 0.021531
0 0.058445 0.422660 0.016526 0.021004
0 0.600238 0.653784 0.020605 0.020066
0 0.229731 0.006351 0.015862 0.011746
0 0.654290 0.028208 0.017184 0.022296
0 0.058691 0.255132 0.015827 0.019797
0 0.904739 0.262000 0.017074 0.021978
0 0.042948 0.188531 0.018919 0.022923
0 0.409804 0.343090 0.013598 0.017366
0 0.895440 0.903686 0.018366 0.019315
0 0.577258 0.077232 0.024509 0.024746
0 0.081245 0.897552 0.016066 0.019126
0 0.202547 0.006327 0.016329 0.011933
0 0.856496 0.479791 0.015876 0.019348
0 0.521755 0.997640 0.024089 0.004719
0 0.581179 0.074268 0.019916 0.023655
