0 0.515193 0.968155 0.020073 0.027225
0 0.631370 0.947148 0.019091 0.025199
0 0.384934 0.648246 0.013242 0.019402
0 0.483498 0.134126 0.018928 0.026810
0 0.814158 0.259183 0.016014 0.024249
0 0.038532 0.935048 0.017870 0.023482
0 0.380161 0.038720 0.015389 0.019461
0 0.756942 0.051130 0.017953 0.022230
0 0.630518 0.669530 0.015659 0.019179
0 0.669304 0.133505 0.018822 0.023898
0 0.388296 0.086898 0.016599 0.020519
0 0.282983 0.387636 0.018727 0.023243
0 0.758236 0.874272 0.019420 0.024401
0 0.817284 0.872260 0.017442 0.021271
0 0.787235 0.656577 0.017773 0.021806
0 0.984004 0.723225 0.017579 0.022625
0 0.847817 0.518334 0.017993 0.020715
0 0.519487 0.059143 0.016547 0.019573
0 0.123780 0.167718 0.020304 0.024223
0 0.843129 0.967352 0.016079 0.020387
0 0.215213 0.950223 0.018241 0.021127
0 0.507782 0.284010 0.018837 0.022881
0 0.332759 0.873176 0.018548 0.022221
0 0.770213 0.964239 0.015607 0.020587
0 0.709660 0.544595 0.018599 0.022833
0 0.119548 0.490806 0.016302 0.020695
0 0.541484 0.341581 0.016137 0.020916
0 0.249454 0.518362 0.016144 0.020720
0 0.736556 0.194962 0.018050 0.023391
0 0.979999 0.872940 0.019355 0.022809
0 0.846765 0.545810 0.017314 0.022515
0 0.751152 0.568435 0.020621 0.024948
0 0.461234 0.948544 0.018300 0.020167
0 0.888599 0.098155 0.017167 0.023726
0 0.936920 0.890039 0.015893 0.020088
0 0.046900 0.070590 0.017786 0.022010
0 0.788411 0.269856 0.015574 0.018585
0 0.909558 0.138387 0.015922 0.019384
0 0.465449 0.869962 0.014225 0.019314
0 0.252837 0.470256 0.019067 0.023914
0 0.474294 0.898315 0.018165 0.022766
0 0.549024 0.044449 0.014709 0.017893
0 0.519471 0.623242 0.016060 0.020030
0 0.709905 0.584832 0.018229 0.021829
0 0.368425 0.824843 0.020135 0.022485
0 0.681070 0.689904 0.018307 0.020457
0 0.813868 0.641066 0.018425 0.022058
0 0.195217 0.931079 0.016952 0.021658
0 0.156718 0.925203 0.016417 0.022162
0 0.597867 0.672246 0.017546 0.020905
0 0.134968 0.133984 0.016935 0.020310
0 0.818014 0.717894 0.016941 0.020113
0 0.303058 0.828327 0.016406 0.021045
0 0.180426 0.250467 0.016293 0.017966
0 0.466454 0.676599 0.017290 0.021787
0 0.008506 0.500406 0.016774 0.021942
0 0.109484 0.539915 0.018791 0.023479
0 0.873257 0.922328 0.016605 0.021170
0 0.632413 0.378212 0.016572 0.021264
0 0.537720 0.435984 0.017314 0.020717
0 0.435258 0.125907 0.018125 0.022073
0 0.134312 0.233940 0.017769 0.022019
0 0.820851 0.966763 0.016322 0.021623
0 0.739022 0.957348 0.017539 0.019010
0 0.946392 0.516134 0.018460 0.021267
0 0.005667 0.121146 0.011334 0.022976
0 0.659192 0.677092 0.016446 0.021605
0 0.838968 0.479427 0.012066 0.014592
0 0.329007 0.102149 0.017676 0.023167
0 0.187189 0.661027 0.017764 0.023678
0 0.978017 0.244182 0.019058 0.022721
0 0.401304 0.675262 0.016136 0.019480
0 0.659910 0.603778 0.017456 0.024373
0 0.312457 0.017725 0.014935 0.021827
0 0.851918 0.671983 0.018086 0.022144
0 0.248618 0.961444 0.015869 0.021082
0 0.784667 0.828885 0.016529 0.020735
0 0.628217 0.079305 0.014027 0.018773
0 0.492833 0.546560 0.018064 0.021655
0 0.313664 0.042730 0.015717 0.021887
0 0.276403 0.453324 0.019122 0.022267
0 0.084330 0.791252 0.017764 0.021468
0 0.583110 0.344698 0.018304 0.021876
0 0.330648 0.825098 0.015299 0.018152
0 0.826073 0.897796 0.016419 0.021261
0 0.040656 0.737713 0.018220 0.021311
0 0.007318 0.091469 0.014636 0.019656
0 0.068505 0.923921 0.017055 0.021412
0 0.650825 0.057327 0.017668 0.021570
0 0.408066 0.510679 0.014303 0.018735
0 0.739705 0.587673 0.015343 0.017811
0 0.290091 0.020895 0.018498 0.021780
0 0.028178 0.691626 0.015957 0.020923
0 0.485027 0.605346 0.018170 0.021553
0 0.462650 0.137386 0.015497 0.022371
0 0.890924 0.989994 0.016393 0.016331
0 0.090827 0.849284 0.017388 0.023855
0 0.873261 0.639527 0.018056 0.020795
0 0.796221 0.775530 0.019148 0.024323
0 0.331528 0.046193 0.016422 0.020009
0 0.010603 0.655354 0.017542 0.020881
0 0.671678 0.818326 0.014917 0.018800
0 0.401525 0.007298 0.012898 0.012308
0 0.368901 0.641627 0.014170 0.019291
0 0.088448 0.487089 0.017691 0.021744
0 0.657325 0.834982 0.016697 0.020148
0 0.572660 0.687515 0.014612 0.019262
0 0.849224 0.920788 0.012605 0.016761
0 0.218764 0.230132 0.018508 0.020347
0 0.825956 0.581161 0.015431 0.018737
0 0.520088 0.682148 0.016449 0.021357
0 0.743674 0.512784 0.015526 0.020929
0 0.424678 0.659817 0.016229 0.022544
0 0.674265 0.990972 0.016462 0.015499
0 0.814484 0.068641 0.013553 0.015198
0 0.213402 0.320317 0.016429 0.020865
0 0.364457 0.951220 0.014592 0.017939
0 0.807806 0.406043 0.016922 0.021104
0 0.113807 0.059133 0.014782 0.019955
0 0.020192 0.896130 0.016123 0.018111
0 0.843216 0.052540 0.014587 0.018897
0 0.947084 0.207842 0.013701 0.017336
0 0.292291 0.557215 0.016506 0.019651
0 0.032944 0.008205 0.012461 0.014976
0 0.071790 0.040533 0.017847 0.021119
0 0.949157 0.704169 0.012776 0.016075
0 0.167548 0.978699 0.017044 0.018606
0 0.689225 0.027818 0.014941 0.018609
0 0.454052 0.261824 0.018107 0.023139
0 0.802822 0.982713 0.014970 0.018761
0 0.993974 0.381681 0.012051 0.022662
0 0.046152 0.899868 0.014780 0.019046
0 0.016525 0.056260 0.016746 0.021564
0 0.183314 0.340121 0.015957 0.020733
0 0.336354 0.011995 0.015549 0.021472
0 0.871597 0.058053 0.012593 0.017238
0 0.737300 0.459774 0.013014 0.016873
0 0.095888 0.940234 0.014100 0.019174
0 0.051264 0.109457 0.015889 0.018066
0 0.298265 0.099176 0.016014 0.019831
0 0.372806 0.429957 0.013413 0.015358
0 0.365823 0.975313 0.016475 0.021995
0 0.536161 0.893597 0.014103 0.015025
0 0.425306 0.044003 0.015751 0.020724
0 0.076834 0.076964 0.017171 0.019445
0 0.353904 0.036753 0.015412 0.018528
0 0.873391 0.018307 0.013638 0.016739
0 0.226349 0.504714 0.017898 0.025144
0 0.022080 0.477820 0.016223 0.021042
0 0.238108 0.749515 0.012286 0.016963
0 0.220337 0.007972 0.012514 0.014229
0 0.720693 0.248257 0.016786 0.020928
0 0.036852 0.877286 0.012860 0.015086
0 0.673040 0.133635 0.024497 0.024247
0 0.631343 0.774514 0.019184 0.025779
0 0.012539 0.925323 0.010194 0.013833
0 0.519441 0.115612 0.011564 0.015938
0 0.427049 0.190216 0.013261 0.016368
0 0.559371 0.450953 0.013140 0.016471
0 0.830161 0.032209 0.014127 0.016915
0 0.003494 0.209325 0.006988 0.015856
0 0.193635 0.994897 0.016907 0.010205
0 0.965712 0.212491 0.010986 0.015113
0 0.460379 0.352259 0.013371 0.018202
0 0.053954 0.137960 0.013451 0.016476
0 0.193542 0.997338 0.017157 0.005323
0 0.679429 0.134875 0.016909 0.020770
0 0.832704 0.247732 0.013346 0.015527
0 0.446113 0.006069 0.014762 0.011438
0 0.462645 0.729219 0.012509 0.015663
0 0.651836 0.540450 0.018508 0.022244
0 0.839884 0.019572 0.009727 0.013652
0 0.612422 0.113566 0.017195 0.021375
0 0.879432 0.541696 0.011445 0.014755
0 0.467312 0.829316 0.013629 0.015260
0 0.247597 0.603268 0.014441 0.017646
0 0.502449 0.470031 0.012864 0.014924
0 0.783443 0.072884 0.016884 0.019390
0 0.634053 0.777873 0.016586 0.022690
0 0.490261 0.519522 0.013232 0.015222
0 0.562453 0.240782 0.012105 0.014928
0 0.710124 0.979789 0.011361 0.014005
0 0.659294 0.568325 0.010465 0.014291
0 0.376076 0.006991 0.014560 0.011645
0 0.059079 0.493339 0.012264 0.015688
0 0.403600 0.651460 0.012611 0.016972
0 0.763285 0.840062 0.011896 0.015812
0 0.815164 0.045523 0.011325 0.013322
0 0.089245 0.933386 0.013020 0.020357
0 0.426328 0.323832 0.012550 0.016277
0 0.496268 0.386817 0.015309 0.021491
0 0.424430 0.905116 0.010733 0.014525
0 0.352365 0.651814 0.015142 0.018207
0 0.829465 0.006430 0.012475 0.012565
