0 0.704215 0.272836 0.015863 0.021074
0 0.982744 0.649291 0.017507 0.021639
0 0.556196 0.527065 0.025973 0.035382
0 0.680698 0.122677 0.016553 0.021085
0 0.927221 0.772277 0.014631 0.018188
0 0.360217 0.827331 0.015490 0.019148
0 0.149857 0.444260 0.016349 0.021250
0 0.720747 0.254732 0.015395 0.020906
0 0.720021 0.753542 0.014753 0.019575
0 0.732252 0.984551 0.016191 0.019032
0 0.212106 0.323494 0.022120 0.028407
0 0.246588 0.678946 0.014876 0.019134
0 0.944042 0.339367 0.020371 0.020745
0 0.783960 0.725681 0.018467 0.022420
0 0.314330 0.554644 0.015587 0.019164
0 0.086767 0.361046 0.018277 0.022820
0 0.959039 0.767580 0.013877 0.020013
0 0.075877 0.175218 0.016233 0.019408
0 0.903701 0.773567 0.018575 0.025313
0 0.249554 0.387663 0.016321 0.020053
0 0.893024 0.256747 0.016089 0.021772
0 0.701537 0.739098 0.016228 0.019502
0 0.325998 0.101232 0.017834 0.021106
0 0.797122 0.822805 0.017742 0.022410
0 0.699468 0.764217 0.015753 0.019812
0 0.897404 0.470117 0.016282 0.019255
0 0.237080 0.314893 0.017850 0.025447
0 0.903875 0.732633 0.015613 0.019341
0 0.947321 0.816355 0.015553 0.018743
0 0.944640 0.457426 0.015574 0.017944
0 0.433236 0.752958 0.016343 0.020638
0 0.239905 0.648564 0.017430 0.020180
0 0.348089 0.810500 0.015322 0.018196
0 0.165987 0.021380 0.017554 0.023072
0 0.666443 0.113706 0.013458 0.018954
0 0.427724 0.427850 0.016648 0.019856
0 0.434188 0.245413 0.014996 0.019235
0 0.894674 0.816887 0.013563 0.016778
0 0.790747 0.008152 0.016046 0.013371
0 0.683467 0.287543 0.014926 0.019737
0 0.462489 0.418798 0.018535 0.022046
0 0.335475 0.290633 0.017513 0.021223
0 0.883020 0.341445 0.018784 0.023395
0 0.676941 0.961680 0.017045 0.020900
0 0.403223 0.237787 0.018181 0.023484
0 0.414660 0.092032 0.018437 0.022105
0 0.959727 0.689095 0.017680 0.019506
0 0.075099 0.285034 0.015166 0.017426
0 0.230610 0.369925 0.016992 0.021114
0 0.085028 0.917196 0.017667 0.023585
0 0.597651 0.184901 0.016955 0.020504
0 0.979534 0.622885 0.016621 0.017926
0 0.864499 0.990252 0.016451 0.016634
0 0.380998 0.665186 0.017528 0.020446
0 0.134919 0.363425 0.018292 0.023214
0 0.305534 0.580557 0.017979 0.020775
0 0.561301 0.453749 0.015868 0.022873
0 0.579568 0.376340 0.015266 0.017820
0 0.979508 0.469019 0.014684 0.017319
0 0.415169 0.550216 0.018889 0.022751
0 0.955713 0.476879 0.014210 0.019500
0 0.056925 0.359901 0.018684 0.021789
0 0.262729 0.927057 0.014544 0.017035
0 0.723797 0.921835 0.013218 0.017546
0 0.773671 0.530658 0.017293 0.021298
0 0.647375 0.666256 0.017549 0.020616
0 0.602198 0.861643 0.018813 0.021583
0 0.145277 0.113940 0.016459 0.020618
0 0.386952 0.841547 0.015263 0.019807
0 0.933104 0.879314 0.014924 0.018887
0 0.438621 0.619536 0.017334 0.021176
0 0.576216 0.703894 0.016824 0.019382
0 0.362799 0.936049 0.019029 0.025037
0 0.545118 0.443508 0.013862 0.019331
0 0.206602 0.686096 0.015749 0.021313
0 0.912539 0.707660 0.014884 0.017821
0 0.941781 0.796703 0.015355 0.017953
0 0.297306 0.128721 0.017099 0.021635
0 0.937881 0.312022 0.017960 0.018423
0 0.080874 0.251222 0.015936 0.020148
0 0.449824 0.926911 0.015865 0.020202
0 0.558603 0.312549 0.020058 0.024170
0 0.489556 0.459923 0.017181 0.023044
0 0.276568 0.967506 0.016853 0.020245
0 0.821654 0.965162 0.015040 0.018394
0 0.348097 0.545109 0.015096 0.019316
0 0.218221 0.451030 0.016991 0.020205
0 0.253499 0.524231 0.016521 0.021229
0 0.871890 0.929016 0.013451 0.018922
0 0.994027 0.162668 0.011945 0.018440
0 0.912863 0.455994 0.014964 0.021295
0 0.960658 0.968583 0.017820 0.026709
0 0.780339 0.457684 0.018357 0.025626
0 0.983423 0.301208 0.018172 0.021369
0 0.338692 0.020002 0.015201 0.019145
0 0.962143 0.179785 0.013176 0.016393
0 0.901703 0.155886 0.014904 0.019068
0 0.996105 0.778843 0.007790 0.022741
0 0.328699 0.431852 0.021006 0.024685
0 0.619841 0.061879 0.018511 0.022290
0 0.849589 0.569734 0.018981 0.023465
0 0.858342 0.937865 0.015213 0.020008
0 0.367920 0.008273 0.016341 0.014521
0 0.349062 0.735639 0.021459 0.022590
0 0.688735 0.713623 0.019529 0.021232
0 0.702108 0.249505 0.011139 0.014643
0 0.360963 0.469080 0.016423 0.020202
0 0.301110 0.047744 0.016751 0.020854
0 0.128134 0.555373 0.016595 0.023199
0 0.410850 0.848054 0.013554 0.016993
0 0.680977 0.547990 0.018668 0.022655
0 0.415839 0.353363 0.015949 0.019783
0 0.419983 0.861058 0.016039 0.020623
0 0.476076 0.305256 0.016664 0.020490
0 0.558749 0.981170 0.015968 0.018144
0 0.807265 0.505165 0.015756 0.020298
0 0.902564 0.406477 0.016914 0.019621
0 0.696346 0.058240 0.016881 0.020855
0 0.425053 0.469474 0.016220 0.019829
0 0.518075 0.742431 0.015319 0.018600
0 0.424331 0.150753 0.016843 0.021316
0 0.607070 0.967521 0.012993 0.015350
0 0.972670 0.766945 0.012325 0.020900
0 0.833597 0.945921 0.013469 0.017033
0 0.965670 0.150556 0.017090 0.020438
0 0.116213 0.656558 0.016169 0.019313
0 0.047888 0.385128 0.014986 0.019545
0 0.753793 0.652671 0.016790 0.020245
0 0.223769 0.006056 0.013289 0.011899
0 0.293654 0.561503 0.015029 0.021667
0 0.239511 0.811241 0.016997 0.020731
0 0.060771 0.421090 0.015380 0.018858
0 0.613213 0.315842 0.011271 0.014504
0 0.029554 0.865531 0.019768 0.020928
0 0.395823 0.314513 0.013105 0.017722
0 0.236874 0.640428 0.018744 0.028553
0 0.192628 0.519104 0.013937 0.018129
0 0.353018 0.482973 0.014709 0.017409
0 0.934682 0.442632 0.013798 0.017117
0 0.111924 0.482007 0.014685 0.020256
0 0.610002 0.840957 0.010930 0.014471
0 0.533286 0.569680 0.010258 0.012821
0 0.358142 0.474589 0.020593 0.028213
0 0.202727 0.561064 0.013543 0.016044
0 0.733966 0.986269 0.019504 0.020988
0 0.417399 0.751549 0.011488 0.017869
0 0.299358 0.283061 0.015058 0.017687
0 0.257507 0.666392 0.013904 0.018586
0 0.266249 0.115750 0.016334 0.018773
0 0.065603 0.378502 0.012504 0.017642
0 0.150878 0.018879 0.013421 0.022900
0 0.794842 0.822426 0.023955 0.023818
0 0.844222 0.075703 0.010559 0.013493
0 0.253787 0.670754 0.019067 0.024528
0 0.789003 0.727448 0.023238 0.024894
0 0.533287 0.534184 0.013645 0.018668
0 0.961585 0.767440 0.018412 0.021040
0 0.866154 0.932168 0.021828 0.025067
0 0.416565 0.444808 0.013283 0.015145
