0 0.703789 0.273225 0.015872 0.021328
0 0.946258 0.329632 0.021101 0.024421
0 0.769549 0.892970 0.014422 0.018060
0 0.304469 0.579781 0.017951 0.020583
0 0.437816 0.439578 0.016559 0.021959
0 0.720041 0.254378 0.015525 0.020533
0 0.711859 0.723803 0.016125 0.020644
0 0.062628 0.154950 0.016345 0.020347
0 0.900630 0.777226 0.019877 0.024147
0 0.839924 0.853642 0.013640 0.017101
0 0.165842 0.022851 0.016756 0.021070
0 0.434522 0.754140 0.016558 0.020138
0 0.786774 0.847294 0.021444 0.022342
0 0.821216 0.582518 0.015584 0.018698
0 0.559799 0.520638 0.027401 0.034703
0 0.363150 0.821769 0.013910 0.018932
0 0.462765 0.920772 0.012501 0.015105
0 0.518755 0.566247 0.017675 0.021950
0 0.939185 0.812952 0.016352 0.020665
0 0.341007 0.939817 0.015459 0.020145
0 0.318948 0.551087 0.016290 0.020772
0 0.354808 0.321144 0.018320 0.021635
0 0.601165 0.095952 0.017688 0.021325
0 0.944599 0.457222 0.015848 0.019932
0 0.169368 0.243678 0.021226 0.025854
0 0.644859 0.581525 0.017179 0.022533
0 0.932039 0.877450 0.015313 0.019683
0 0.965468 0.451421 0.014124 0.017410
0 0.356652 0.273902 0.015590 0.019296
0 0.459062 0.249411 0.013443 0.017315
0 0.699163 0.765189 0.016945 0.021610
0 0.945354 0.294532 0.019503 0.022079
0 0.463944 0.613245 0.016171 0.020378
0 0.944930 0.758568 0.015203 0.018613
0 0.902704 0.701449 0.014502 0.018033
0 0.228808 0.367423 0.015160 0.018715
0 0.387775 0.841311 0.014601 0.019073
0 0.349851 0.543117 0.015735 0.019424
0 0.145516 0.552209 0.015197 0.019645
0 0.679411 0.961522 0.016351 0.020120
0 0.915167 0.752955 0.014904 0.019238
0 0.433463 0.246603 0.015175 0.020005
0 0.360850 0.469707 0.015511 0.019629
0 0.684481 0.287882 0.014541 0.019422
0 0.672408 0.637765 0.017792 0.021764
0 0.835428 0.261565 0.017863 0.020885
0 0.041167 0.201797 0.015343 0.018676
0 0.731143 0.882516 0.015604 0.020022
0 0.597880 0.184352 0.017620 0.022128
0 0.150434 0.444993 0.016313 0.021313
0 0.790117 0.046883 0.014197 0.018672
0 0.006872 0.301772 0.013743 0.022683
0 0.785601 0.590698 0.014305 0.019311
0 0.301692 0.052277 0.016319 0.021345
0 0.348239 0.811827 0.014556 0.020499
0 0.027724 0.881138 0.014762 0.019402
0 0.849225 0.568442 0.014811 0.020490
0 0.478210 0.309109 0.015661 0.021044
0 0.414463 0.092658 0.017515 0.021902
0 0.230979 0.911411 0.014426 0.018441
0 0.058950 0.887813 0.015108 0.019260
0 0.647966 0.983953 0.015592 0.018644
0 0.877892 0.915721 0.015808 0.023092
0 0.244218 0.518440 0.016825 0.021906
0 0.555621 0.317543 0.019831 0.023357
0 0.250178 0.388508 0.015729 0.020255
0 0.362682 0.165326 0.014091 0.016802
0 0.331321 0.292251 0.015307 0.020347
0 0.415845 0.551199 0.017660 0.021704
0 0.237524 0.670389 0.016752 0.020582
0 0.173812 0.535484 0.016535 0.020539
0 0.604803 0.859850 0.017478 0.021441
0 0.897270 0.469618 0.016168 0.018773
0 0.033175 0.773319 0.016742 0.020629
0 0.742984 0.901915 0.014379 0.017927
0 0.296208 0.808664 0.018914 0.024388
0 0.438644 0.619630 0.018055 0.022071
0 0.427962 0.868071 0.015739 0.018890
0 0.079669 0.250942 0.015916 0.021237
0 0.915363 0.455159 0.014438 0.018974
0 0.828400 0.226189 0.017327 0.020430
0 0.495160 0.355377 0.017521 0.019935
0 0.145144 0.115095 0.016170 0.019485
0 0.043783 0.383805 0.014952 0.019135
0 0.799422 0.823469 0.014646 0.018091
0 0.620762 0.060889 0.017147 0.020509
0 0.684363 0.391579 0.015287 0.018062
0 0.136351 0.359449 0.017182 0.021428
0 0.341679 0.577046 0.015947 0.017442
0 0.964634 0.971675 0.016651 0.021275
0 0.087858 0.555195 0.013728 0.017076
0 0.233900 0.313021 0.021809 0.024070
0 0.217801 0.453877 0.016239 0.019223
0 0.784082 0.321628 0.015754 0.020081
0 0.415374 0.854357 0.014225 0.018623
0 0.162540 0.793856 0.016034 0.019213
0 0.780604 0.458733 0.017825 0.020975
0 0.188397 0.797929 0.013405 0.016576
0 0.847082 0.906487 0.016848 0.020321
0 0.689557 0.713768 0.015993 0.021523
0 0.285642 0.367645 0.017320 0.022442
0 0.346469 0.730635 0.017290 0.021781
0 0.908095 0.731626 0.015922 0.018054
0 0.746553 0.282114 0.016513 0.020880
0 0.666828 0.413920 0.014296 0.016946
0 0.694375 0.058063 0.017292 0.020424
0 0.424899 0.150644 0.016950 0.019312
0 0.699394 0.249445 0.012199 0.015108
0 0.422156 0.469295 0.014584 0.018635
0 0.293612 0.127851 0.018078 0.022809
0 0.312192 0.111645 0.017073 0.016807
0 0.771167 0.668667 0.019082 0.019208
0 0.753089 0.651861 0.019082 0.021609
0 0.992293 0.980192 0.015414 0.018007
0 0.957971 0.129052 0.015065 0.020408