0 0.559247 0.529255 0.023435 0.032107
0 0.141727 0.369572 0.018479 0.022926
0 0.499222 0.026947 0.018298 0.028447
0 0.983487 0.647305 0.018107 0.022019
0 0.321250 0.557500 0.017597 0.024618
0 0.490103 0.975335 0.016672 0.020390
0 0.502442 0.484536 0.015219 0.020276
0 0.307906 0.580572 0.016051 0.020512
0 0.717633 0.748656 0.016380 0.023495
0 0.962045 0.312647 0.015573 0.021009
0 0.066740 0.395302 0.018798 0.022565
0 0.217815 0.320833 0.020201 0.026537
0 0.958633 0.695819 0.016875 0.021202
0 0.291933 0.568206 0.015404 0.021140
0 0.724275 0.253625 0.015957 0.020409
0 0.410635 0.490276 0.018372 0.023004
0 0.718618 0.518228 0.017036 0.024069
0 0.946602 0.332640 0.017224 0.020674
0 0.232502 0.368595 0.016799 0.022190
0 0.974674 0.853811 0.018173 0.022585
0 0.534610 0.475919 0.017365 0.021134
0 0.489185 0.066772 0.016033 0.017942
0 0.904251 0.774392 0.018946 0.023590
0 0.706342 0.272363 0.016249 0.021100
0 0.387304 0.842494 0.016036 0.020021
0 0.436776 0.751024 0.017922 0.028617
0 0.404153 0.236087 0.016738 0.021804
0 0.357621 0.768326 0.017401 0.024354
0 0.241952 0.315190 0.018652 0.023975
0 0.336152 0.063444 0.020311 0.024419
0 0.250996 0.388129 0.016604 0.019990
0 0.794955 0.828212 0.017445 0.023917
0 0.601148 0.186183 0.017574 0.020530
0 0.062200 0.423294 0.015657 0.021134
0 0.137038 0.298749 0.015102 0.019661
0 0.521758 0.046967 0.014777 0.019020
0 0.326383 0.109589 0.017686 0.021540
0 0.683211 0.286844 0.015606 0.020573
0 0.419463 0.549901 0.017958 0.024412
0 0.781451 0.453153 0.019800 0.023474
0 0.370578 0.008122 0.016548 0.014000
0 0.412315 0.796809 0.018510 0.023277
0 0.629802 0.067591 0.017818 0.022993
0 0.488625 0.306157 0.015800 0.021217
0 0.031627 0.538903 0.018548 0.020786
0 0.361370 0.829199 0.018131 0.027680
0 0.560132 0.316276 0.020817 0.025632
0 0.111309 0.293642 0.013515 0.016596
0 0.427093 0.153610 0.018171 0.021957
0 0.151074 0.443841 0.015939 0.021565
0 0.698284 0.051534 0.016276 0.020859
0 0.299468 0.287014 0.016103 0.021754
0 0.381810 0.662952 0.017027 0.019959
0 0.605042 0.859477 0.018723 0.023350
0 0.977599 0.291285 0.016536 0.021413
0 0.549999 0.443214 0.015474 0.017999
0 0.105716 0.204312 0.016759 0.020466
0 0.691220 0.714204 0.017152 0.020464
0 0.435830 0.246570 0.015556 0.019423
0 0.218987 0.452720 0.018274 0.020099
0 0.441137 0.400117 0.018668 0.021388
0 0.700804 0.765495 0.016066 0.021500
0 0.262070 0.662196 0.019325 0.028431
0 0.962189 0.965100 0.017734 0.026060
0 0.048410 0.382721 0.015017 0.020542
0 0.351063 0.546175 0.016400 0.019581
0 0.816694 0.585586 0.015601 0.018404
0 0.856475 0.571903 0.018364 0.021897
0 0.340452 0.287976 0.016454 0.020747
0 0.415317 0.090106 0.021743 0.025450
0 0.440683 0.622644 0.016541 0.021687
0 0.139024 0.570799 0.017325 0.020216
0 0.294576 0.131380 0.017373 0.022365
0 0.948771 0.456532 0.016425 0.021499
0 0.163214 0.021974 0.022913 0.023413
0 0.535883 0.532636 0.015250 0.020839
0 0.560145 0.980482 0.015832 0.018905
0 0.254413 0.526001 0.018988 0.022458
0 0.752552 0.877430 0.017044 0.021655
0 0.798154 0.798783 0.017654 0.021900
0 0.809395 0.648106 0.019036 0.022969
0 0.903078 0.731743 0.017268 0.020021
0 0.520507 0.742169 0.016083 0.019716
0 0.146492 0.112632 0.016949 0.020428
0 0.428625 0.464784 0.015772 0.018090
0 0.760216 0.759359 0.015646 0.018734
0 0.350102 0.805883 0.017573 0.018950
0 0.677817 0.962639 0.016613 0.020614
0 0.189260 0.736786 0.016180 0.020797
0 0.755543 0.645998 0.016856 0.023975
0 0.942030 0.438859 0.013307 0.014698
0 0.283568 0.075528 0.014104 0.017039
0 0.492138 0.461077 0.015665 0.018826
0 0.159090 0.394354 0.015355 0.021065
0 0.247504 0.757610 0.016815 0.021988
0 0.233530 0.587430 0.014358 0.016910
0 0.705668 0.247576 0.012393 0.015724
0 0.910661 0.170109 0.018428 0.025549
0 0.526013 0.386409 0.014283 0.017272
0 0.482725 0.487276 0.014916 0.019768
0 0.932361 0.787515 0.014061 0.019208
0 0.359395 0.465786 0.017073 0.016807
0 0.683791 0.122449 0.015065 0.016807