0 0.951412 0.930630 0.017219 0.020753
0 0.218058 0.563445 0.024692 0.025205
0 0.087181 0.489530 0.021948 0.025609
0 0.110360 0.317845 0.019687 0.023109
0 0.108864 0.878936 0.023920 0.029099
0 0.895885 0.881660 0.019790 0.022172
0 0.364499 0.257573 0.016874 0.019786
0 0.342145 0.247577 0.018755 0.022408
0 0.942191 0.895791 0.021212 0.024255
0 0.932109 0.946105 0.022517 0.025919
0 0.309831 0.916916 0.022060 0.026860
0 0.542310 0.758135 0.021116 0.024910
0 0.578456 0.463897 0.018227 0.026773
0 0.893158 0.645371 0.021363 0.026176
0 0.177724 0.903282 0.021244 0.025832
0 0.123614 0.292877 0.017445 0.022603
0 0.349385 0.156995 0.017055 0.021981
0 0.391845 0.333731 0.016299 0.019976
0 0.659050 0.826339 0.023229 0.026324
0 0.817653 0.885114 0.022698 0.028945
0 0.091204 0.442039 0.017689 0.024261
0 0.057390 0.190470 0.022143 0.028589
0 0.361432 0.863901 0.017321 0.023194
0 0.910859 0.434224 0.019489 0.024413
0 0.797186 0.396557 0.020417 0.022208
0 0.451737 0.026274 0.019197 0.023661
0 0.264464 0.568183 0.019435 0.023980
0 0.211560 0.600881 0.018498 0.023394
0 0.661213 0.898830 0.019683 0.024998
0 0.350564 0.972471 0.017604 0.021996
0 0.493950 0.541435 0.019496 0.022639
0 0.341555 0.293181 0.018416 0.021310
0 0.036932 0.707985 0.021812 0.027853
0 0.496461 0.489605 0.017969 0.021331
0 0.548260 0.426504 0.019568 0.024135
0 0.335177 0.538139 0.017853 0.021957
0 0.290009 0.750130 0.019471 0.023636
0 0.365909 0.124060 0.018913 0.021285
0 0.332219 0.865537 0.017012 0.022359
0 0.670605 0.691222 0.022222 0.025468
0 0.438369 0.592084 0.017297 0.021633
0 0.248543 0.671912 0.017817 0.022269
0 0.141378 0.839755 0.019207 0.021298
0 0.521260 0.239072 0.019443 0.026395
0 0.588109 0.074825 0.023439 0.026717
0 0.383310 0.246559 0.018137 0.026600
0 0.177612 0.937667 0.023745 0.030077
0 0.021389 0.276605 0.018379 0.021086
0 0.164464 0.830634 0.014417 0.020779
0 0.735614 0.415565 0.019534 0.023342
0 0.890462 0.594988 0.019572 0.023017
0 0.763331 0.281124 0.017333 0.021589
0 0.328984 0.269917 0.018031 0.020817
0 0.319720 0.706821 0.017480 0.024145
0 0.799868 0.247772 0.020667 0.023458
0 0.537052 0.651100 0.018501 0.023262
0 0.201927 0.768354 0.019725 0.021253
0 0.307170 0.553955 0.018012 0.021258
0 0.928945 0.121427 0.020388 0.024141
0 0.454610 0.679027 0.021237 0.027874
0 0.685613 0.319089 0.018060 0.023659
0 0.550114 0.733700 0.016425 0.019914
0 0.991075 0.085470 0.017386 0.022129
0 0.693885 0.619690 0.018730 0.022377
0 0.795650 0.220182 0.016604 0.018652
0 0.313966 0.095011 0.019130 0.023280
0 0.526219 0.163824 0.015650 0.021296
0 0.445820 0.321140 0.018584 0.023306
0 0.884835 0.147466 0.021988 0.025729
0 0.884876 0.468353 0.014900 0.019941
0 0.327767 0.168324 0.018097 0.021208
0 0.560854 0.374303 0.018306 0.024120
0 0.561044 0.710110 0.016464 0.022849
0 0.083063 0.783977 0.019577 0.023699
0 0.380955 0.602111 0.018240 0.023103
0 0.697570 0.923769 0.021097 0.026138
0 0.423593 0.742987 0.018219 0.022637
0 0.085123 0.935254 0.019351 0.025416
0 0.106106 0.350529 0.018429 0.021524
0 0.706044 0.310433 0.014950 0.018695
0 0.828260 0.096408 0.017425 0.023950
0 0.208996 0.282730 0.016061 0.020190
0 0.200882 0.361267 0.017961 0.021409
0 0.456233 0.622710 0.016926 0.023505
0 0.419891 0.429615 0.019017 0.023602
0 0.151669 0.290026 0.019405 0.023566
0 0.325604 0.988706 0.017853 0.018554
0 0.316249 0.887561 0.016725 0.021371
0 0.120707 0.444989 0.016627 0.020519
0 0.382061 0.084666 0.016872 0.028095
0 0.160283 0.805085 0.014968 0.020772
0 0.957113 0.414551 0.019179 0.022422
0 0.175999 0.530409 0.017007 0.028731
0 0.729022 0.286026 0.018483 0.022953
0 0.418362 0.345577 0.013775 0.017357
0 0.754899 0.719517 0.018194 0.021931
0 0.911548 0.902916 0.017126 0.021207
0 0.239571 0.645599 0.018145 0.023626
0 0.582898 0.436636 0.018573 0.019312
0 0.509241 0.516221 0.017422 0.020457
0 0.241564 0.978213 0.016060 0.018538
0 0.145824 0.098042 0.017946 0.020909
0 0.556333 0.236090 0.015039 0.017425
0 0.295258 0.589550 0.015357 0.019918
0 0.631037 0.158516 0.019039 0.022956
0 0.575131 0.160095 0.017586 0.022050
0 0.503780 0.158567 0.018168 0.026640
0 0.944594 0.138356 0.017890 0.022257
0 0.600691 0.192756 0.019451 0.021569
0 0.456692 0.981989 0.016655 0.018623
0 0.890795 0.447205 0.017531 0.018282
0 0.865434 0.465429 0.016430 0.021401
0 0.547654 0.216978 0.015418 0.016553
0 0.368204 0.044849 0.015774 0.018106