0 0.416765 0.491478 0.031376 0.033669
0 0.084678 0.787953 0.018516 0.023803
0 0.342566 0.302812 0.018703 0.023187
0 0.897137 0.884221 0.019719 0.023561
0 0.111995 0.879760 0.024500 0.031593
0 0.943744 0.898001 0.019626 0.024268
0 0.107262 0.780871 0.019316 0.027516
0 0.820993 0.886337 0.023160 0.028591
0 0.457353 0.686162 0.016943 0.020967
0 0.624875 0.847924 0.021327 0.026162
0 0.506617 0.161286 0.018902 0.023605
0 0.287362 0.639799 0.019961 0.028105
0 0.587036 0.081315 0.023168 0.028720
0 0.256377 0.048714 0.017788 0.021234
0 0.841563 0.486711 0.019890 0.022752
0 0.773144 0.849457 0.021808 0.026901
0 0.089098 0.488306 0.020874 0.026991
0 0.345702 0.247841 0.019514 0.022676
0 0.583044 0.336083 0.018718 0.023602
0 0.266251 0.570949 0.019301 0.022611
0 0.953665 0.265885 0.020471 0.025362
0 0.131976 0.484202 0.019742 0.021918
0 0.126149 0.293878 0.019092 0.023405
0 0.314628 0.552912 0.019260 0.023745
0 0.062237 0.196724 0.020996 0.028351
0 0.177029 0.941879 0.024603 0.028925
0 0.274294 0.664736 0.017947 0.021955
0 0.521683 0.729951 0.019131 0.022389
0 0.614852 0.492448 0.021850 0.023528
0 0.912622 0.434581 0.020079 0.023406
0 0.332568 0.276984 0.018276 0.021408
0 0.894086 0.647704 0.018127 0.022277
0 0.170690 0.344642 0.020577 0.026421
0 0.486931 0.087251 0.016836 0.022057
0 0.036586 0.652501 0.020397 0.025561
0 0.182145 0.906108 0.021382 0.024814
0 0.159962 0.287149 0.020404 0.023880
0 0.709831 0.331193 0.018796 0.022423
0 0.418805 0.150059 0.022102 0.023367
0 0.733083 0.927674 0.021194 0.025558
0 0.359544 0.199665 0.017984 0.022373
0 0.342443 0.923786 0.020700 0.025649
0 0.419431 0.314883 0.021351 0.026832
0 0.458031 0.414324 0.016544 0.019814
0 0.756681 0.714859 0.018887 0.021970
0 0.886587 0.472058 0.014151 0.018486
0 0.547550 0.424994 0.018281 0.021826
0 0.592345 0.729870 0.019220 0.024136
0 0.927137 0.123685 0.021859 0.026370
0 0.305251 0.732212 0.018074 0.020666
0 0.378995 0.911897 0.019917 0.022971
0 0.583276 0.444384 0.016439 0.019229
0 0.592576 0.661618 0.019568 0.022638
0 0.607964 0.458474 0.017268 0.021894
0 0.549508 0.736446 0.016309 0.022053
0 0.817765 0.823846 0.018111 0.021712
0 0.312746 0.095537 0.017938 0.021587
0 0.461397 0.494206 0.018002 0.021098
0 0.819896 0.380384 0.017107 0.021055
0 0.796532 0.223425 0.016462 0.019086
0 0.294012 0.589011 0.015463 0.018758
0 0.603778 0.195148 0.018814 0.022098
0 0.501605 0.683343 0.016355 0.019972
0 0.037301 0.696511 0.019775 0.021871
0 0.331772 0.866566 0.019816 0.024827
0 0.898435 0.454382 0.018377 0.017499
0 0.960021 0.414725 0.019128 0.021808
0 0.507853 0.112577 0.018660 0.022382
0 0.570171 0.595489 0.017489 0.020299
0 0.202431 0.185346 0.017462 0.020754
0 0.365638 0.120559 0.019293 0.022982
0 0.496913 0.490754 0.017711 0.021156
0 0.233682 0.879638 0.016023 0.019369
0 0.913146 0.909710 0.018176 0.023042
0 0.827675 0.099591 0.016829 0.021089
0 0.328135 0.167759 0.018085 0.021432
0 0.364365 0.281520 0.016576 0.025482
0 0.387340 0.624778 0.019771 0.023981
0 0.742812 0.382912 0.015240 0.020057
0 0.977351 0.211371 0.020290 0.024486
0 0.475341 0.434478 0.016661 0.019789
0 0.497873 0.398471 0.017342 0.021742
0 0.775245 0.373112 0.021160 0.023502
0 0.801679 0.250695 0.022239 0.024554
0 0.185274 0.428145 0.021087 0.023670
0 0.020446 0.276562 0.018020 0.021702
0 0.292327 0.754917 0.018818 0.024496
0 0.226739 0.586756 0.016492 0.028130
0 0.118487 0.446413 0.018374 0.020783
0 0.439005 0.695841 0.017253 0.022642
0 0.803203 0.531991 0.019901 0.025307
0 0.293146 0.402151 0.017425 0.021008
0 0.746832 0.986004 0.017778 0.018970
0 0.268672 0.447831 0.017542 0.020841
0 0.912970 0.663804 0.017053 0.020916
0 0.388610 0.795059 0.018480 0.022169
0 0.426144 0.743579 0.017760 0.022351
0 0.577597 0.160436 0.017063 0.023489
0 0.559710 0.710376 0.017479 0.020768
0 0.306087 0.705359 0.021065 0.021364
0 0.869718 0.467120 0.015005 0.020486
0 0.609369 0.318322 0.013197 0.017383
0 0.635453 0.160917 0.017657 0.023370
0 0.622499 0.333575 0.014027 0.017031
0 0.248516 0.802700 0.017203 0.024286
0 0.525369 0.177728 0.017588 0.021840
0 0.416506 0.113325 0.014758 0.018074
0 0.974543 0.037215 0.020086 0.024010
0 0.207240 0.889556 0.010043 0.016807
0 0.223811 0.904562 0.015065 0.013205