0 0.704430 0.272831 0.015442 0.020699
0 0.681830 0.122600 0.015209 0.019883
0 0.699851 0.764727 0.015862 0.019611
0 0.701786 0.738296 0.016555 0.019714
0 0.556291 0.526968 0.025613 0.035587
0 0.374410 0.948346 0.019060 0.024785
0 0.249302 0.387924 0.016213 0.021103
0 0.720573 0.255301 0.015451 0.021217
0 0.212157 0.323381 0.021230 0.027855
0 0.719427 0.753725 0.014620 0.019560
0 0.348353 0.811079 0.015358 0.019240
0 0.490521 0.460787 0.017084 0.020848
0 0.477104 0.423546 0.018303 0.021597
0 0.732201 0.986005 0.016401 0.019631
0 0.943877 0.335996 0.018453 0.019763
0 0.903615 0.773179 0.018514 0.024095
0 0.244530 0.651676 0.017569 0.021135
0 0.314977 0.555427 0.016654 0.019364
0 0.379548 0.664348 0.017424 0.022167
0 0.414206 0.090702 0.018785 0.022275
0 0.341213 0.434453 0.019869 0.024346
0 0.796930 0.733926 0.019430 0.023678
0 0.927183 0.772667 0.014504 0.018556
0 0.901138 0.475530 0.020977 0.021866
0 0.922966 0.714015 0.014455 0.017873
0 0.603256 0.859876 0.017150 0.021494
0 0.683052 0.286239 0.015456 0.020106
0 0.867513 0.948200 0.015110 0.020945
0 0.838090 0.972658 0.015776 0.018902
0 0.662611 0.671952 0.017382 0.019635
0 0.335878 0.290716 0.018649 0.021357
0 0.091332 0.369038 0.020175 0.023775
0 0.076174 0.284273 0.015066 0.016878
0 0.244437 0.679431 0.016124 0.020127
0 0.360100 0.828084 0.015403 0.019825
0 0.231543 0.368596 0.016790 0.023274
0 0.166341 0.021508 0.017671 0.022015
0 0.808992 0.503281 0.014516 0.017977
0 0.421785 0.868858 0.016341 0.020514
0 0.293010 0.132518 0.016554 0.020217
0 0.434447 0.244810 0.015158 0.019158
0 0.678453 0.960522 0.017003 0.020854
0 0.134790 0.363564 0.019376 0.024136
0 0.403976 0.234134 0.017790 0.023977
0 0.149670 0.444939 0.017973 0.023204
0 0.075515 0.175393 0.016189 0.020356
0 0.237941 0.316617 0.017652 0.023826
0 0.933012 0.878113 0.014143 0.018371
0 0.796589 0.822496 0.019405 0.022793
0 0.944952 0.457396 0.014327 0.018813
0 0.438257 0.619882 0.017178 0.020521
0 0.057247 0.360093 0.019204 0.020912
0 0.419840 0.358872 0.017496 0.020530
0 0.081052 0.251055 0.016542 0.020743
0 0.415156 0.551122 0.018871 0.023110
0 0.597626 0.185903 0.017764 0.020354
0 0.211580 0.696468 0.016391 0.020204
0 0.959572 0.689166 0.017242 0.019123
0 0.900317 0.351528 0.017684 0.022268
0 0.779940 0.457653 0.017896 0.025141
0 0.784341 0.537817 0.015844 0.020371
0 0.687924 0.712451 0.018790 0.021468
0 0.591085 0.716771 0.017497 0.021614
0 0.850929 0.569798 0.017340 0.021722
0 0.217300 0.450927 0.016470 0.020161
0 0.306065 0.580071 0.017189 0.019476
0 0.460139 0.945364 0.016824 0.019884
0 0.589371 0.382047 0.014567 0.017881
0 0.665828 0.117585 0.013645 0.018587
0 0.556369 0.315671 0.018915 0.023090
0 0.433183 0.430542 0.016282 0.019633
0 0.911467 0.820154 0.013857 0.016771
0 0.349018 0.544179 0.015244 0.018431
0 0.694039 0.058538 0.017697 0.020305
0 0.947018 0.309772 0.016890 0.018541
0 0.619860 0.062506 0.018557 0.021188
0 0.902440 0.260229 0.016480 0.019962
0 0.904275 0.730992 0.015310 0.018880
0 0.384846 0.844024 0.016319 0.019962
0 0.347187 0.024644 0.013725 0.016377
0 0.349861 0.735124 0.022458 0.022290
0 0.253990 0.525292 0.017098 0.020747
0 0.689226 0.557638 0.019972 0.024554
0 0.752549 0.653015 0.014470 0.018962
0 0.477392 0.303117 0.016509 0.019762
0 0.960685 0.970179 0.017586 0.024416
0 0.962638 0.180493 0.014113 0.016934
0 0.880530 0.944029 0.014662 0.020799
0 0.049502 0.384944 0.014435 0.019513
0 0.145509 0.114113 0.016364 0.020529
0 0.325940 0.104262 0.017573 0.020554
0 0.300787 0.048007 0.017043 0.022081
0 0.961875 0.469274 0.015506 0.018086
0 0.558497 0.980566 0.015819 0.018127
0 0.920960 0.461105 0.013770 0.019886
0 0.702712 0.249499 0.011274 0.015494
0 0.904217 0.159814 0.015190 0.019626
0 0.424968 0.467978 0.016070 0.018355
0 0.361419 0.468857 0.016313 0.019120
0 0.352169 0.484094 0.013025 0.016832
0 0.965336 0.151055 0.017230 0.020707
0 0.060188 0.420447 0.015459 0.018926
0 0.914170 0.410118 0.015820 0.021499
0 0.424545 0.150035 0.017846 0.019973
0 0.292826 0.560582 0.015229 0.023063
0 0.971028 0.773709 0.013056 0.015606
0 0.288590 0.980192 0.012052 0.018007
0 0.841470 0.952581 0.017073 0.018007
0 0.292105 0.283914 0.013056 0.018007
0 0.432710 0.753301 0.017073 0.018007
0 0.953452 0.811525 0.016069 0.019208