0 0.704093 0.273508 0.016183 0.021010
0 0.027911 0.343548 0.018812 0.022038
0 0.920971 0.763384 0.014984 0.019095
0 0.150054 0.444641 0.016596 0.022139
0 0.559387 0.521637 0.027386 0.035474
0 0.861064 0.629953 0.015768 0.019270
0 0.384083 0.361772 0.018108 0.021992
0 0.977417 0.191164 0.014313 0.019778
0 0.433581 0.753165 0.015794 0.020324
0 0.921532 0.735259 0.013616 0.016092
0 0.304890 0.579547 0.018750 0.021510
0 0.938419 0.810679 0.016282 0.020136
0 0.165873 0.023396 0.018593 0.021734
0 0.063416 0.154929 0.016541 0.018490
0 0.702465 0.737980 0.016769 0.019423
0 0.720050 0.254868 0.015933 0.021071
0 0.709651 0.693637 0.017637 0.021597
0 0.489974 0.625463 0.016981 0.021782
0 0.196936 0.301965 0.022145 0.025739
0 0.242167 0.521468 0.017807 0.022144
0 0.797401 0.823006 0.016383 0.022229
0 0.901161 0.775296 0.019174 0.023760
0 0.621918 0.059465 0.017806 0.021174
0 0.602612 0.861226 0.018706 0.022563
0 0.423721 0.874807 0.015648 0.020338
0 0.799882 0.950823 0.016119 0.018305
0 0.187376 0.577819 0.017466 0.021193
0 0.248819 0.388000 0.016774 0.019873
0 0.555180 0.316878 0.019341 0.025187
0 0.734711 0.979796 0.014657 0.018198
0 0.433158 0.245289 0.015882 0.019338
0 0.675660 0.962357 0.016508 0.020457
0 0.946508 0.329727 0.020465 0.022742
0 0.217164 0.453643 0.016493 0.019422
0 0.045591 0.383815 0.014469 0.019710
0 0.357379 0.829247 0.016108 0.019159
0 0.556102 0.599696 0.017877 0.022934
0 0.699785 0.766061 0.015572 0.019890
0 0.868149 0.946698 0.015857 0.019951
0 0.973352 0.795429 0.015406 0.018056
0 0.046997 0.835020 0.017370 0.021682
0 0.945388 0.458292 0.014907 0.019133
0 0.049083 0.245944 0.014072 0.018229
0 0.686001 0.644283 0.017466 0.022096
0 0.946205 0.294405 0.018716 0.021544
0 0.722935 0.450584 0.013755 0.018207
0 0.689106 0.712796 0.015922 0.020275
0 0.416755 0.853871 0.014558 0.017882
0 0.230896 0.368399 0.016231 0.021879
0 0.852502 0.255854 0.017426 0.019378
0 0.135479 0.360589 0.018060 0.022624
0 0.853993 0.570641 0.017959 0.021166
0 0.597573 0.185706 0.017610 0.020534
0 0.414549 0.093050 0.018003 0.022177
0 0.882152 0.919213 0.015114 0.019308
0 0.417246 0.551533 0.018132 0.022455
0 0.489435 0.459839 0.017517 0.023162
0 0.233860 0.317023 0.019420 0.025178
0 0.742789 0.901755 0.014897 0.018094
0 0.333652 0.292305 0.017411 0.022281
0 0.758218 0.292264 0.016827 0.021864
0 0.075366 0.964121 0.015256 0.018312
0 0.621689 0.107558 0.016456 0.021126
0 0.294588 0.131043 0.016244 0.020064
0 0.897207 0.469546 0.015820 0.018892
0 0.476734 0.308102 0.016184 0.019251
0 0.144891 0.114781 0.016142 0.020031
0 0.818162 0.102003 0.015466 0.019273
0 0.913448 0.456525 0.014072 0.019347
0 0.932715 0.878910 0.014841 0.018657
0 0.080252 0.251595 0.015589 0.020223
0 0.963547 0.462549 0.014236 0.018933
0 0.779962 0.458661 0.016929 0.022545
0 0.423288 0.153321 0.016556 0.020173
0 0.187599 0.858778 0.017411 0.021829
0 0.434992 0.431933 0.016568 0.019861
0 0.316639 0.551925 0.016274 0.021262
0 0.306606 0.851790 0.020020 0.023983
0 0.360472 0.300975 0.016190 0.019600
0 0.301663 0.051732 0.016320 0.020815
0 0.815809 0.647570 0.014194 0.019307
0 0.727648 0.887012 0.014914 0.019009
0 0.348853 0.734810 0.019725 0.022411
0 0.386367 0.841975 0.015310 0.019042
0 0.349722 0.543214 0.016722 0.020100
0 0.511095 0.394498 0.018956 0.019350
0 0.312756 0.102997 0.015963 0.019009
0 0.050297 0.928493 0.016193 0.019220
0 0.815005 0.905135 0.016541 0.023106
0 0.802177 0.726774 0.014980 0.018332
0 0.441907 0.344710 0.013096 0.015854
0 0.360637 0.469349 0.017122 0.020841
0 0.422046 0.469437 0.014759 0.018884
0 0.438301 0.618653 0.016962 0.021146
0 0.240278 0.665779 0.016487 0.020550
0 0.685254 0.288263 0.014493 0.018131
0 0.518280 0.743055 0.014762 0.018136
0 0.698832 0.461889 0.016881 0.020952
0 0.882407 0.304223 0.017586 0.020799
0 0.303673 0.401544 0.019480 0.021980
0 0.865386 0.425910 0.015458 0.022360
0 0.384929 0.216780 0.015352 0.020958
0 0.965695 0.971274 0.016712 0.021000
0 0.923218 0.717871 0.014580 0.016352
0 0.694695 0.056864 0.018424 0.021091
0 0.965828 0.149680 0.015370 0.019072
0 0.903753 0.731815 0.013331 0.018511
0 0.555821 0.981727 0.016209 0.019446
0 0.161097 0.706538 0.015213 0.019070
0 0.932173 0.981164 0.016076 0.021078
0 0.811904 0.359414 0.016677 0.020592
0 0.150998 0.606242 0.018078 0.021609
0 0.501004 0.294118 0.017073 0.014406
0 0.370442 0.981993 0.019082 0.019208