0 0.195627 0.286447 0.021040 0.027598
0 0.543673 0.501448 0.022739 0.029823
0 0.258626 0.480867 0.018373 0.022293
0 0.390041 0.950463 0.020658 0.023737
0 0.214767 0.349829 0.016596 0.020970
0 0.475138 0.367737 0.019567 0.024554
0 0.236689 0.640664 0.016264 0.021459
0 0.679321 0.517963 0.019502 0.023183
0 0.235326 0.498552 0.019428 0.024261
0 0.264184 0.377197 0.018059 0.023572
0 0.078038 0.892536 0.019257 0.023979
0 0.591431 0.842268 0.020885 0.026137
0 0.008336 0.192471 0.016348 0.023856
0 0.140422 0.259117 0.020111 0.025715
0 0.685704 0.246678 0.021803 0.024661
0 0.302528 0.622483 0.016838 0.018954
0 0.669929 0.686716 0.020692 0.023775
0 0.702695 0.769827 0.019461 0.022767
0 0.390845 0.724764 0.016809 0.020262
0 0.538719 0.293474 0.019915 0.025335
0 0.980248 0.754648 0.021905 0.026255
0 0.814472 0.396704 0.016745 0.023380
0 0.125082 0.340663 0.018427 0.021965
0 0.610002 0.040062 0.018209 0.024229
0 0.250765 0.024442 0.017792 0.023490
0 0.155094 0.964045 0.019896 0.024895
0 0.318779 0.262146 0.017511 0.021404
0 0.334520 0.785106 0.017713 0.021560
0 0.826378 0.422247 0.018295 0.021616
0 0.927158 0.314238 0.024519 0.025670
0 0.840873 0.691219 0.019871 0.024887
0 0.929748 0.380446 0.024992 0.026062
0 0.682863 0.037536 0.020653 0.024429
0 0.384638 0.982236 0.023458 0.025538
0 0.624539 0.792215 0.020049 0.024714
0 0.713804 0.534290 0.019225 0.022876
0 0.875965 0.443039 0.019135 0.021324
0 0.110104 0.797140 0.018495 0.024928
0 0.114597 0.894321 0.019238 0.026070
0 0.565962 0.460531 0.018433 0.022144
0 0.276112 0.036108 0.015829 0.021762
0 0.779641 0.454575 0.020208 0.024265
0 0.929495 0.429719 0.021776 0.024137
0 0.039865 0.367674 0.019419 0.022894
0 0.047419 0.395462 0.016015 0.020110
0 0.408413 0.122669 0.018037 0.024022
0 0.818454 0.638899 0.020337 0.023703
0 0.563560 0.167363 0.017653 0.023004
0 0.117500 0.210222 0.018335 0.022648
0 0.818392 0.809261 0.020446 0.026739
0 0.202294 0.428188 0.018036 0.022447
0 0.313985 0.229856 0.018310 0.023258
0 0.236752 0.364125 0.014999 0.020512
0 0.246297 0.776038 0.020906 0.025032
0 0.403448 0.835731 0.018146 0.021800
0 0.281993 0.263949 0.017456 0.022484
0 0.950585 0.190679 0.018900 0.023250
0 0.968386 0.628504 0.018982 0.022509
0 0.503604 0.420359 0.018724 0.023206
0 0.400949 0.476188 0.021116 0.023935
0 0.673773 0.582849 0.021552 0.023713
0 0.423310 0.735475 0.016933 0.021676
0 0.369277 0.422205 0.018714 0.022898
0 0.427022 0.595223 0.017560 0.022417
0 0.264400 0.449862 0.016864 0.021583
0 0.088112 0.454268 0.017231 0.022119
0 0.740782 0.618729 0.019366 0.023523
0 0.471555 0.692314 0.020680 0.022349
0 0.394695 0.433035 0.016837 0.021167
0 0.344615 0.544931 0.017780 0.022159
0 0.946411 0.936963 0.021657 0.025514
0 0.008880 0.513281 0.017071 0.023137
0 0.259681 0.639736 0.016176 0.021170
0 0.681596 0.738760 0.020696 0.024157
0 0.944928 0.154887 0.018103 0.021076
0 0.344065 0.458458 0.015115 0.020017
0 0.720792 0.919170 0.020474 0.024132
0 0.413883 0.223297 0.020209 0.023239
0 0.843844 0.902030 0.019762 0.021931
0 0.836465 0.737616 0.019966 0.021497
0 0.880877 0.469306 0.019908 0.021862
0 0.221682 0.251926 0.019529 0.022443
0 0.172979 0.386029 0.016160 0.019927
0 0.796621 0.928971 0.018198 0.021494
0 0.627802 0.666006 0.019864 0.026600
0 0.751909 0.147971 0.019755 0.025980
0 0.984019 0.233283 0.019196 0.023048
0 0.510477 0.468170 0.019840 0.024711
0 0.695184 0.987913 0.021544 0.019887
0 0.449697 0.012574 0.015913 0.020364
0 0.715260 0.230090 0.017688 0.024930
0 0.805970 0.334862 0.020282 0.024297
0 0.129693 0.089570 0.016292 0.022040
0 0.327323 0.037139 0.017387 0.024087
0 0.830478 0.095303 0.018970 0.024408
0 0.528534 0.852652 0.019277 0.022558
0 0.449961 0.277897 0.016757 0.020963
0 0.313229 0.981888 0.022094 0.028189
0 0.474558 0.596621 0.017728 0.019296
0 0.293512 0.075449 0.017804 0.022540
0 0.356080 0.766186 0.016571 0.021318
0 0.930344 0.688468 0.020103 0.022462
0 0.137454 0.421491 0.016895 0.021525
0 0.689975 0.221597 0.017042 0.018895
0 0.934082 0.989378 0.019123 0.017374
0 0.478923 0.960283 0.018664 0.025481
0 0.830539 0.009403 0.017389 0.016608
0 0.568294 0.067227 0.013056 0.014406