0 0.494331 0.216923 0.023242 0.027273
0 0.933613 0.891828 0.028179 0.024632
0 0.673666 0.807471 0.022677 0.025728
0 0.100970 0.875589 0.022821 0.027179
0 0.274787 0.742785 0.018390 0.029448
0 0.981819 0.639417 0.019927 0.023418
0 0.350614 0.302302 0.017889 0.021645
0 0.989892 0.547261 0.019577 0.024454
0 0.049266 0.989692 0.019093 0.016622
0 0.972724 0.794072 0.019676 0.023199
0 0.787257 0.243818 0.020102 0.023441
0 0.316556 0.159452 0.018275 0.021762
0 0.989444 0.295875 0.018947 0.023798
0 0.169623 0.898601 0.019018 0.024529
0 0.896944 0.424209 0.020409 0.024016
0 0.282236 0.038255 0.017407 0.024848
0 0.603676 0.052900 0.020910 0.026340
0 0.701842 0.240837 0.023717 0.029093
0 0.678412 0.761962 0.020541 0.025065
0 0.249288 0.558847 0.020250 0.026856
0 0.491856 0.152047 0.019699 0.026502
0 0.813671 0.669472 0.022367 0.026134
0 0.087700 0.975117 0.020334 0.021698
0 0.087191 0.310348 0.020503 0.025215
0 0.102487 0.508627 0.019396 0.023629
0 0.136685 0.282322 0.020966 0.024483
0 0.410896 0.791051 0.020560 0.025628
0 0.601476 0.500431 0.021472 0.024798
0 0.442266 0.551446 0.019359 0.024471
0 0.530005 0.412535 0.021165 0.024530
0 0.024275 0.038267 0.019377 0.022961
0 0.781700 0.384393 0.022004 0.023966
0 0.408356 0.734676 0.016606 0.019303
0 0.929712 0.975912 0.020414 0.021292
0 0.810249 0.880608 0.022666 0.026534
0 0.748867 0.781270 0.020227 0.025942
0 0.117745 0.959388 0.017924 0.023620
0 0.898679 0.289236 0.022595 0.027506
0 0.143181 0.743698 0.017575 0.023146
0 0.234113 0.889380 0.017854 0.023204
0 0.268475 0.681264 0.018591 0.024140
0 0.913144 0.448863 0.019468 0.025993
0 0.325845 0.858480 0.023931 0.024647
0 0.618752 0.733974 0.021031 0.025807
0 0.771407 0.547337 0.021300 0.024819
0 0.884111 0.880062 0.019500 0.022792
0 0.989710 0.909019 0.019030 0.025457
0 0.129951 0.921733 0.020106 0.023062
0 0.317141 0.338581 0.019943 0.021683
0 0.488783 0.039133 0.018463 0.022108
0 0.541787 0.972029 0.020940 0.022930
0 0.040998 0.606209 0.017802 0.022164
0 0.943330 0.652269 0.019675 0.023021
0 0.242748 0.767504 0.017867 0.020109
0 0.561544 0.157494 0.016399 0.019768
0 0.880901 0.641336 0.020151 0.024380
0 0.270173 0.168913 0.021243 0.024959
0 0.081605 0.159908 0.016994 0.023461
0 0.421108 0.359640 0.017863 0.020250
0 0.563132 0.131376 0.019914 0.023385
0 0.413926 0.707587 0.017852 0.022275
0 0.879748 0.192161 0.018979 0.022861
0 0.451343 0.953913 0.021143 0.024946
0 0.455758 0.319859 0.017689 0.023182
0 0.331986 0.246704 0.020597 0.023606
0 0.912311 0.120923 0.020192 0.027228
0 0.834536 0.237569 0.018066 0.022404
0 0.985573 0.881115 0.018225 0.020047
0 0.412643 0.896347 0.020330 0.025190
0 0.039595 0.185960 0.020848 0.024731
0 0.621510 0.160766 0.018946 0.024562
0 0.525759 0.263617 0.020244 0.024370
0 0.949926 0.688492 0.017688 0.023270
0 0.443413 0.674050 0.018388 0.023168
0 0.377629 0.323860 0.018279 0.023463
0 0.763379 0.707137 0.019159 0.023011
0 0.812919 0.286561 0.019376 0.024659
0 0.119877 0.140779 0.017923 0.022516
0 0.278479 0.582695 0.016109 0.020224
0 0.814204 0.324244 0.018201 0.022880
0 0.556774 0.661019 0.019650 0.023499
0 0.547172 0.710121 0.020938 0.023229
0 0.609695 0.359481 0.018399 0.021754
0 0.784383 0.214211 0.017407 0.020806
0 0.486036 0.258155 0.016216 0.020924
0 0.550396 0.532025 0.017287 0.021246
0 0.681681 0.476154 0.020875 0.024037
0 0.318570 0.269073 0.019069 0.024043
0 0.162784 0.525251 0.023887 0.020848
0 0.056054 0.423515 0.017984 0.022242
0 0.815584 0.091267 0.017837 0.026490
0 0.348666 0.537158 0.016790 0.021427
0 0.740268 0.359111 0.016848 0.021174
0 0.484477 0.485556 0.018324 0.022366
0 0.251720 0.746658 0.016152 0.021662
0 0.748289 0.071652 0.017792 0.021799
0 0.018344 0.843178 0.015182 0.019606
0 0.437693 0.468057 0.022720 0.022096
0 0.264777 0.053937 0.016589 0.022629