0 0.539667 0.979749 0.023222 0.027504
0 0.626101 0.286079 0.023158 0.026231
0 0.274027 0.479619 0.020663 0.025002
0 0.171568 0.530930 0.019097 0.027504
0 0.968891 0.443126 0.017878 0.022018
0 0.577084 0.384850 0.018673 0.021713
0 0.889512 0.697064 0.016518 0.020683
0 0.403888 0.013443 0.019183 0.020773
0 0.834803 0.978439 0.018113 0.020889
0 0.203389 0.227527 0.017703 0.023369
0 0.561102 0.788597 0.018572 0.022772
0 0.785291 0.069524 0.017462 0.021947
0 0.424126 0.871844 0.015037 0.018697
0 0.156015 0.875681 0.019705 0.023645
0 0.309369 0.394631 0.019214 0.023721
0 0.519275 0.770896 0.019013 0.023568
0 0.396967 0.877234 0.017172 0.023571
0 0.481971 0.310471 0.017649 0.022152
0 0.411820 0.659782 0.016589 0.021133
0 0.655823 0.605622 0.020118 0.024389
0 0.141723 0.500619 0.017909 0.023797
0 0.828245 0.888607 0.019400 0.024810
0 0.790386 0.828234 0.019864 0.023362
0 0.859193 0.257214 0.019250 0.022778
0 0.291718 0.462308 0.016827 0.021071
0 0.733950 0.291508 0.019074 0.023781
0 0.401182 0.591080 0.015578 0.020673
0 0.430910 0.059731 0.020248 0.022757
0 0.469668 0.023598 0.017285 0.020549
0 0.656194 0.422481 0.017204 0.020747
0 0.956234 0.930037 0.020113 0.024437
0 0.514314 0.099034 0.019760 0.024322
0 0.193048 0.666725 0.018050 0.020440
0 0.243374 0.586622 0.020096 0.024451
0 0.511599 0.448667 0.018895 0.023721
0 0.287269 0.519315 0.018430 0.022762
0 0.815341 0.106294 0.018461 0.023048
0 0.911373 0.164822 0.019551 0.023741
0 0.942538 0.428039 0.019117 0.023852
0 0.330762 0.835992 0.018729 0.022048
0 0.757638 0.060186 0.021287 0.023061
0 0.062865 0.496489 0.019883 0.024407
0 0.255749 0.816187 0.019011 0.022401
0 0.456645 0.566344 0.017694 0.020415
0 0.800243 0.903771 0.017101 0.020337
0 0.310256 0.037977 0.021321 0.024880
0 0.739367 0.435785 0.019228 0.025186
0 0.063385 0.610483 0.016923 0.020168
0 0.277472 0.375226 0.016643 0.020235
0 0.694700 0.965338 0.017897 0.019293
0 0.868460 0.685560 0.017255 0.022131
0 0.337023 0.984714 0.019528 0.021616
0 0.327262 0.896121 0.018406 0.021273
0 0.177722 0.118565 0.017795 0.022036
0 0.762875 0.601308 0.016876 0.020429
0 0.633978 0.926754 0.018626 0.025239
0 0.195757 0.362308 0.020337 0.023130
0 0.443290 0.805583 0.018159 0.022609
0 0.546377 0.765410 0.016792 0.019741
0 0.983801 0.656456 0.018281 0.022539
0 0.728131 0.596833 0.018006 0.021140
0 0.152218 0.132742 0.019271 0.023067
0 0.352459 0.115509 0.018893 0.022922
0 0.087699 0.814299 0.017291 0.022042
0 0.803209 0.472574 0.020674 0.027060
0 0.814991 0.695329 0.020628 0.021937
0 0.990965 0.805186 0.017051 0.020986
0 0.269120 0.793972 0.017943 0.021957
0 0.196564 0.722017 0.019308 0.024292
0 0.495878 0.938030 0.017673 0.021878
0 0.864743 0.810265 0.017047 0.022566
0 0.804031 0.644482 0.020017 0.021067
0 0.392579 0.653743 0.014883 0.020155
0 0.554437 0.447565 0.018261 0.021472
0 0.255847 0.388507 0.017216 0.020866
0 0.443953 0.621640 0.019465 0.023532
0 0.914288 0.506023 0.018605 0.023030
0 0.739838 0.090835 0.018309 0.023299
0 0.493550 0.010713 0.018477 0.020199
0 0.699314 0.883840 0.016039 0.020371
0 0.145543 0.425646 0.018018 0.022525
0 0.808890 0.671659 0.017678 0.020487
0 0.659783 0.270197 0.017454 0.022125
0 0.840791 0.567696 0.016614 0.021428
0 0.164010 0.076745 0.017941 0.020937
0 0.559155 0.188839 0.018523 0.023535
0 0.513190 0.705219 0.018864 0.022899
0 0.133713 0.971673 0.018499 0.021858
0 0.536370 0.346820 0.019259 0.022015
0 0.777758 0.261346 0.015600 0.020756
0 0.106113 0.837484 0.019329 0.022899
0 0.488971 0.158640 0.018359 0.021845
0 0.410343 0.101118 0.017867 0.022942
0 0.385870 0.973628 0.016975 0.018159
0 0.919350 0.085380 0.017801 0.023086
0 0.354713 0.377295 0.018223 0.020520
0 0.060379 0.944981 0.017282 0.022051
0 0.809940 0.080269 0.018827 0.021006
0 0.583989 0.471578 0.018922 0.023594
0 0.246851 0.241646 0.018486 0.022916
0 0.374604 0.311548 0.014680 0.018970
0 0.451183 0.532591 0.017379 0.020948
0 0.385652 0.577508 0.013283 0.016171
0 0.160110 0.242777 0.018138 0.022531
0 0.260085 0.429736 0.019048 0.020786
0 0.411730 0.856089 0.015097 0.017577
0 0.863913 0.351610 0.016284 0.020760
0 0.838484 0.206242 0.016124 0.020162
0 0.706930 0.943737 0.016058 0.019571
0 0.231930 0.336971 0.016242 0.020555
0 0.564280 0.690650 0.014939 0.019145
0 0.204773 0.971052 0.017542 0.020990
0 0.720651 0.431132 0.015745 0.021593
0 0.490605 0.450726 0.014228 0.019927
0 0.971996 0.740220 0.013745 0.020314
0 0.626363 0.047515 0.013988 0.016692
0 0.698150 0.994176 0.019828 0.011648
0 0.385978 0.951039 0.015751 0.018947
0 0.648616 0.090970 0.017598 0.019271
0 0.332930 0.595567 0.014209 0.017007