0 0.788847 0.653697 0.018633 0.023053
0 0.126758 0.175126 0.021483 0.025737
0 0.813159 0.647249 0.017216 0.022736
0 0.518606 0.966401 0.023498 0.026734
0 0.450145 0.010491 0.015943 0.017318
0 0.487575 0.132349 0.018731 0.025096
0 0.474511 0.678651 0.017716 0.020940
0 0.427559 0.978263 0.017397 0.019548
0 0.309879 0.834232 0.016532 0.019782
0 0.662630 0.051408 0.016717 0.020045
0 0.754626 0.926037 0.019011 0.025291
0 0.560375 0.406316 0.017541 0.021971
0 0.724745 0.551876 0.017344 0.020806
0 0.252799 0.469754 0.021258 0.026619
0 0.138937 0.702712 0.018282 0.021802
0 0.637795 0.955502 0.019811 0.024234
0 0.741530 0.231523 0.018692 0.023037
0 0.068111 0.047338 0.020341 0.023948
0 0.826712 0.277236 0.020350 0.021746
0 0.050212 0.903629 0.014595 0.018001
0 0.820737 0.871600 0.017826 0.021040
0 0.019791 0.895270 0.016529 0.020391
0 0.281181 0.453663 0.019789 0.023381
0 0.302251 0.867705 0.016133 0.019809
0 0.130631 0.287423 0.017380 0.021283
0 0.643513 0.692550 0.014362 0.018150
0 0.429262 0.155638 0.018843 0.020801
0 0.502662 0.665655 0.016039 0.020058
0 0.122545 0.491039 0.017064 0.022795
0 0.315297 0.040907 0.016939 0.021477
0 0.665192 0.566621 0.021735 0.024095
0 0.044600 0.072373 0.018238 0.023352
0 0.659219 0.676192 0.016432 0.020976
0 0.762425 0.051628 0.019247 0.023350
0 0.285164 0.387573 0.018884 0.022393
0 0.537829 0.437191 0.018306 0.021396
0 0.221010 0.232405 0.016818 0.020851
0 0.560803 0.780278 0.016522 0.021222
0 0.291517 0.026303 0.017744 0.021225
0 0.715202 0.583475 0.017085 0.020730
0 0.853190 0.071386 0.016046 0.019561
0 0.090573 0.167623 0.016471 0.020439
0 0.545632 0.087017 0.015370 0.018166
0 0.423653 0.038928 0.019222 0.023849
0 0.640274 0.169947 0.020910 0.030472
0 0.217505 0.322049 0.017294 0.023280
0 0.394308 0.035813 0.015025 0.018648
0 0.951322 0.547622 0.017892 0.021960
0 0.889016 0.949397 0.016963 0.020690
0 0.792836 0.789814 0.017917 0.022447
0 0.912245 0.137985 0.017379 0.021644
0 0.854832 0.039576 0.016958 0.020351
0 0.869622 0.580290 0.018399 0.021978
0 0.457807 0.262858 0.018244 0.022505
0 0.302507 0.102067 0.016499 0.020134
0 0.793721 0.436194 0.017731 0.020883
0 0.466169 0.139792 0.016160 0.021457
0 0.912092 0.108924 0.016954 0.021710
0 0.208913 0.520147 0.018000 0.022798
0 0.378952 0.007865 0.015562 0.013709
0 0.510518 0.300900 0.017894 0.023787
0 0.855926 0.676773 0.018256 0.021684
0 0.863339 0.550982 0.018755 0.022499
0 0.313853 0.012542 0.015479 0.022297
0 0.449643 0.649148 0.016521 0.020138
0 0.680942 0.698711 0.018751 0.022753
0 0.209639 0.556933 0.017712 0.021202
0 0.042258 0.875136 0.015244 0.019511
0 0.820041 0.581334 0.018356 0.019363
0 0.752774 0.570640 0.018114 0.023193
0 0.083650 0.104670 0.016792 0.021472
0 0.394583 0.087838 0.016363 0.019949
0 0.505213 0.094909 0.015877 0.020137
0 0.790451 0.287921 0.015595 0.019182
0 0.822111 0.968174 0.019169 0.022358
0 0.653597 0.875571 0.015940 0.021430
0 0.512694 0.740835 0.016574 0.022624
0 0.940512 0.890092 0.014618 0.019228
0 0.103459 0.548204 0.017809 0.021964
0 0.091325 0.851824 0.018537 0.024685
0 0.329951 0.101570 0.016252 0.022321
0 0.137150 0.235573 0.018627 0.024050
0 0.373183 0.641686 0.015444 0.019474
0 0.624491 0.708299 0.018321 0.022402
0 0.619112 0.864554 0.018795 0.024574
0 0.352392 0.039975 0.013111 0.018489
0 0.070916 0.076692 0.015775 0.021889
0 0.626853 0.419631 0.016114 0.022044
0 0.651753 0.080388 0.015531 0.019904
0 0.239600 0.629236 0.015656 0.020638
0 0.041731 0.935356 0.017386 0.023008
0 0.690300 0.030320 0.014407 0.018800
0 0.022746 0.841009 0.018180 0.022884
0 0.506843 0.356886 0.017955 0.020143
0 0.843121 0.754632 0.017348 0.020637
0 0.355628 0.886144 0.020694 0.025273
0 0.016241 0.074941 0.018189 0.020534
0 0.676407 0.607392 0.015593 0.023092
0 0.843920 0.941255 0.017306 0.020973
0 0.385845 0.654172 0.015658 0.017822
0 0.500143 0.389107 0.017730 0.023669
0 0.799108 0.904821 0.015914 0.019522
0 0.111607 0.368208 0.017101 0.021483
0 0.882707 0.713785 0.018932 0.024561
0 0.008799 0.035875 0.017064 0.019307
0 0.814913 0.062980 0.015022 0.028620
0 0.011402 0.505170 0.016763 0.020208
0 0.610263 0.110112 0.017428 0.022868
0 0.353623 0.692537 0.017514 0.020554
0 0.232454 0.272370 0.012670 0.018268
0 0.416033 0.914675 0.016022 0.019214
0 0.880807 0.067775 0.013047 0.016998
0 0.269247 0.942844 0.016413 0.021325
0 0.053884 0.109776 0.018523 0.020132
0 0.238624 0.805336 0.017778 0.021464
0 0.429942 0.696079 0.017443 0.021303
0 0.028241 0.558180 0.013611 0.014723
0 0.209384 0.648302 0.016106 0.019594
0 0.057337 0.562829 0.017208 0.021733
0 0.673836 0.861820 0.015703 0.018598
0 0.701396 0.283928 0.016993 0.020210
0 0.519971 0.139508 0.013372 0.015508
0 0.398460 0.008775 0.013265 0.014512
0 0.371446 0.973102 0.015487 0.020043
0 0.186217 0.303942 0.013882 0.018767
0 0.962408 0.223620 0.013320 0.016803
0 0.784112 0.077549 0.018879 0.023283
0 0.333784 0.054022 0.014061 0.016807
0 0.336797 0.025210 0.012052 0.016807
0 0.810336 0.989196 0.015065 0.014406
0 0.891686 0.987395 0.017073 0.015606
0 0.475896 0.569628 0.017073 0.018007
0 0.351360 0.554622 0.017073 0.016807
0 0.741540 0.593637 0.014061 0.015606