0 0.624958 0.789689 0.027685 0.027425
0 0.982231 0.807370 0.018701 0.024948
0 0.263802 0.740750 0.015895 0.020491
0 0.325500 0.269684 0.015176 0.018865
0 0.452505 0.357450 0.020400 0.024561
0 0.239422 0.742493 0.015869 0.019921
0 0.639627 0.306908 0.018382 0.021947
0 0.208671 0.748535 0.015682 0.019559
0 0.772221 0.210118 0.017669 0.018944
0 0.454475 0.228042 0.017770 0.022501
0 0.026237 0.438504 0.014415 0.018776
0 0.326475 0.967003 0.017860 0.022130
0 0.772493 0.379997 0.020950 0.021580
0 0.130029 0.388450 0.016677 0.019830
0 0.487613 0.461913 0.017372 0.022128
0 0.237244 0.553639 0.019525 0.023861
0 0.460516 0.116989 0.019109 0.022259
0 0.660198 0.294533 0.016730 0.021361
0 0.868820 0.881705 0.016667 0.021040
0 0.157367 0.889248 0.019776 0.024463
0 0.443184 0.317489 0.016194 0.021581
0 0.024043 0.263253 0.018454 0.021328
0 0.436553 0.565443 0.016496 0.019293
0 0.135086 0.229580 0.022314 0.024088
0 0.125736 0.281475 0.020025 0.023475
0 0.091778 0.504418 0.018472 0.024215
0 0.771706 0.101247 0.018897 0.023559
0 0.915586 0.885405 0.016998 0.022161
0 0.833831 0.104889 0.018959 0.022886
0 0.131958 0.917316 0.019822 0.025936
0 0.976670 0.294850 0.019029 0.025036
0 0.894856 0.922843 0.015702 0.019586
0 0.866250 0.632016 0.019416 0.024744
0 0.606064 0.054664 0.016970 0.021351
0 0.925227 0.552004 0.017973 0.021471
0 0.309293 0.990779 0.014944 0.014964
0 0.635156 0.841469 0.018312 0.022794
0 0.933529 0.149985 0.020535 0.024535
0 0.043933 0.419354 0.016076 0.019990
0 0.356018 0.550619 0.019795 0.022330
0 0.041176 0.457219 0.015520 0.018383
0 0.356315 0.068297 0.018893 0.026002
0 0.852851 0.380786 0.017487 0.020793
0 0.080854 0.931015 0.017937 0.021690
0 0.480977 0.149173 0.018184 0.022674
0 0.317296 0.244417 0.016310 0.019746
0 0.266434 0.572424 0.014994 0.019816
0 0.799378 0.868214 0.018767 0.024561
0 0.776222 0.237366 0.018606 0.022765
0 0.335126 0.226059 0.018261 0.022470
0 0.776369 0.466840 0.019045 0.023103
0 0.474707 0.711750 0.017977 0.022546
0 0.075062 0.308047 0.019142 0.025558
0 0.305736 0.155808 0.017543 0.020877
0 0.933301 0.219813 0.017632 0.022485
0 0.321399 0.432418 0.022653 0.028281
0 0.527317 0.698066 0.016454 0.021495
0 0.888316 0.286770 0.022658 0.021448
0 0.031552 0.180671 0.018835 0.021539
0 0.113151 0.315945 0.017477 0.021028
0 0.184385 0.258019 0.016373 0.020946
0 0.065239 0.467283 0.014996 0.019746
0 0.802618 0.086046 0.018318 0.019501
0 0.521469 0.410589 0.019634 0.023988
0 0.674325 0.653817 0.018597 0.023042
0 0.302625 0.266016 0.018560 0.022457
0 0.639112 0.502516 0.019763 0.023667
0 0.580707 0.095505 0.017215 0.021855
0 0.278035 0.187103 0.014824 0.018844
0 0.312620 0.855616 0.019382 0.025185
0 0.116763 0.208163 0.016526 0.019218
0 0.371428 0.403813 0.017862 0.019644
0 0.085669 0.240737 0.019028 0.024932
0 0.885631 0.418929 0.019145 0.024478
0 0.397996 0.268977 0.016704 0.019721
0 0.554276 0.159715 0.014810 0.018404
0 0.469623 0.477024 0.016595 0.020985
0 0.606504 0.153314 0.015776 0.020287
0 0.932619 0.678114 0.018621 0.020844
0 0.252348 0.950371 0.016847 0.022550
0 0.088886 0.282095 0.018399 0.021537
0 0.209324 0.929505 0.017855 0.020638
0 0.017252 0.408980 0.015421 0.019022
0 0.431629 0.669246 0.017803 0.020018
0 0.541185 0.657745 0.016331 0.019178
0 0.090177 0.875458 0.020297 0.022959
0 0.804670 0.354293 0.017165 0.022107
0 0.330901 0.298182 0.017350 0.021418
0 0.895946 0.111309 0.021428 0.024781