0 0.078730 0.407217 0.017347 0.023071
0 0.561270 0.524985 0.022574 0.030044
0 0.306769 0.575195 0.015197 0.020374
0 0.577157 0.480830 0.017014 0.020446
0 0.420881 0.545991 0.018467 0.021780
0 0.419199 0.087181 0.016933 0.021065
0 0.163993 0.016407 0.020800 0.022650
0 0.395476 0.833937 0.019052 0.023610
0 0.405129 0.228840 0.017193 0.023099
0 0.683100 0.280320 0.015968 0.020800
0 0.705446 0.269884 0.015407 0.021591
0 0.792442 0.789127 0.016865 0.020206
0 0.321308 0.134559 0.019263 0.022680
0 0.394299 0.090917 0.017439 0.022313
0 0.311987 0.785519 0.015820 0.020206
0 0.015858 0.552415 0.016668 0.024223
0 0.444812 0.483906 0.018036 0.022718
0 0.214605 0.320092 0.019508 0.025616
0 0.322078 0.558046 0.016442 0.021364
0 0.275117 0.663910 0.018857 0.024687
0 0.363275 0.477540 0.017143 0.021380
0 0.423301 0.812257 0.015963 0.020995
0 0.440048 0.397894 0.019753 0.021969
0 0.530127 0.460669 0.016076 0.017912
0 0.609142 0.180031 0.016070 0.019632
0 0.680476 0.956926 0.017191 0.021469
0 0.382737 0.010957 0.016244 0.018571
0 0.904093 0.723740 0.017390 0.021417
0 0.483638 0.303295 0.016772 0.020103
0 0.780376 0.450975 0.018161 0.022907
0 0.895527 0.686382 0.018082 0.021266
0 0.174913 0.290320 0.014466 0.018424
0 0.490330 0.974492 0.017164 0.018753
0 0.492038 0.457513 0.016287 0.021114
0 0.390495 0.556118 0.015954 0.019520
0 0.250269 0.385819 0.016025 0.019895
0 0.548144 0.059425 0.013918 0.017448
0 0.854459 0.569358 0.017752 0.020773
0 0.534417 0.529072 0.015504 0.020986
0 0.381167 0.660846 0.016011 0.018792
0 0.904314 0.775929 0.017829 0.024369
0 0.945140 0.330229 0.017292 0.020820
0 0.254828 0.523530 0.018553 0.021941
0 0.441356 0.747732 0.017513 0.020476
0 0.986154 0.648784 0.016612 0.021621
0 0.803403 0.768241 0.016478 0.018420
0 0.599032 0.062732 0.015490 0.019500
0 0.979399 0.849535 0.017964 0.021527
0 0.913324 0.169740 0.016789 0.023625
0 0.684262 0.119587 0.016477 0.021275
0 0.144326 0.362265 0.018016 0.021758
0 0.979314 0.326299 0.017822 0.021203
0 0.725362 0.253326 0.017719 0.023509
0 0.700283 0.761997 0.016536 0.020137
0 0.793901 0.822407 0.018799 0.024140
0 0.689431 0.710964 0.017509 0.022671
0 0.559852 0.306621 0.021412 0.025544
0 0.150650 0.443133 0.015367 0.020188
0 0.628730 0.063929 0.017523 0.021968
0 0.520299 0.028280 0.020073 0.020794
0 0.217004 0.449545 0.017544 0.021121
0 0.422741 0.150192 0.018743 0.023274
0 0.848096 0.915358 0.017170 0.020202
0 0.298204 0.609141 0.013359 0.016826
0 0.239760 0.317939 0.017664 0.024008
0 0.441028 0.615979 0.016679 0.020163
0 0.549877 0.440241 0.013743 0.017769
0 0.222703 0.782021 0.016382 0.017770
0 0.960890 0.962047 0.019445 0.025362
0 0.145196 0.109715 0.017146 0.020815
0 0.339148 0.284812 0.015713 0.019032
0 0.756270 0.643771 0.017033 0.023108
0 0.299117 0.087377 0.013404 0.015588
0 0.604058 0.857232 0.019810 0.024921
0 0.440932 0.854621 0.018042 0.022052
0 0.011089 0.670632 0.016463 0.020044
0 0.558800 0.977771 0.016647 0.018947
0 0.476516 0.831392 0.019554 0.021617
0 0.299432 0.287865 0.015376 0.021467
0 0.232245 0.365697 0.016763 0.021047
0 0.877616 0.592677 0.014744 0.020293
0 0.208011 0.422673 0.016282 0.018535
0 0.947032 0.451695 0.017614 0.022006
0 0.119898 0.212343 0.018253 0.022184
0 0.797812 0.582092 0.014796 0.023439
0 0.352182 0.802714 0.015797 0.019891
0 0.244279 0.650897 0.012800 0.015505
0 0.157072 0.328108 0.014884 0.016681
0 0.265347 0.116644 0.016939 0.021084
0 0.183636 0.183691 0.014191 0.017139
0 0.428625 0.458739 0.017653 0.019310
0 0.518087 0.738331 0.015111 0.019655
0 0.891125 0.843945 0.020377 0.023352
0 0.706662 0.243979 0.011646 0.014784
0 0.611723 0.436717 0.015170 0.019119
0 0.704054 0.057777 0.017993 0.021923
0 0.322875 0.105791 0.017120 0.022005
0 0.031376 0.534385 0.015725 0.017719
0 0.289581 0.570163 0.013209 0.018206
0 0.060489 0.423444 0.013981 0.018876
0 0.432710 0.228691 0.015065 0.015606
0 0.433213 0.249700 0.014061 0.014406
0 0.523602 0.484994 0.016069 0.021609
0 0.438234 0.981993 0.012052 0.019208
0 0.046046 0.389556 0.021091 0.022809