0 0.705501 0.273062 0.015445 0.021048
0 0.216500 0.325035 0.020537 0.028446
0 0.559007 0.528998 0.025261 0.033799
0 0.945300 0.332017 0.017870 0.020454
0 0.456925 0.465046 0.014854 0.019428
0 0.166570 0.022520 0.017417 0.021892
0 0.700178 0.764901 0.015170 0.020064
0 0.722306 0.254725 0.015342 0.020237
0 0.510241 0.460351 0.016074 0.021209
0 0.317847 0.555386 0.016813 0.021514
0 0.150367 0.445217 0.016652 0.022404
0 0.965984 0.810414 0.014935 0.019721
0 0.068343 0.384491 0.018158 0.023131
0 0.361755 0.469921 0.015078 0.018096
0 0.844280 0.788942 0.018076 0.021246
0 0.945421 0.277975 0.017342 0.020154
0 0.719268 0.757578 0.015693 0.021833
0 0.678893 0.123884 0.023346 0.022079
0 0.249892 0.388450 0.017059 0.020218
0 0.415361 0.554972 0.018816 0.023195
0 0.433061 0.754268 0.016773 0.021040
0 0.440659 0.019670 0.015075 0.019743
0 0.295666 0.134769 0.017970 0.023102
0 0.404080 0.238502 0.017544 0.022658
0 0.946170 0.457364 0.014695 0.017891
0 0.960409 0.690743 0.017272 0.020426
0 0.968357 0.351041 0.018144 0.022982
0 0.684505 0.286825 0.014289 0.019764
0 0.926969 0.773620 0.015428 0.018597
0 0.136901 0.365521 0.017668 0.022493
0 0.956632 0.308760 0.016463 0.020678
0 0.119929 0.387973 0.016582 0.019999
0 0.239585 0.316415 0.018687 0.024390
0 0.917285 0.475549 0.022020 0.023876
0 0.599216 0.185853 0.016983 0.020464
0 0.622687 0.062178 0.018069 0.023091
0 0.703039 0.738675 0.016589 0.021636
0 0.297531 0.287291 0.018325 0.022264
0 0.217611 0.451373 0.017383 0.020783
0 0.231921 0.369698 0.016737 0.022804
0 0.090332 0.278425 0.014489 0.016300
0 0.393617 0.970847 0.018741 0.022278
0 0.294143 0.559422 0.015067 0.019911
0 0.442249 0.398381 0.016206 0.021310
0 0.350416 0.809388 0.016056 0.018838
0 0.381324 0.663994 0.017131 0.020637
0 0.797045 0.823570 0.019369 0.024543
0 0.434173 0.245029 0.015311 0.018686
0 0.604555 0.860865 0.017023 0.022309
0 0.375225 0.450549 0.019098 0.023322
0 0.145870 0.114137 0.016477 0.020056
0 0.386767 0.842885 0.016952 0.021268
0 0.254634 0.524767 0.017854 0.021504
0 0.349379 0.736557 0.020631 0.021879
0 0.338276 0.291148 0.017314 0.020278
0 0.262160 0.665283 0.018433 0.023208
0 0.414852 0.091402 0.019113 0.024571
0 0.707284 0.702270 0.015501 0.019112
0 0.306954 0.579658 0.016997 0.020407
0 0.276158 0.714916 0.014889 0.019717
0 0.781425 0.455876 0.018010 0.022876
0 0.856309 0.572941 0.018538 0.022296
0 0.358179 0.829766 0.016194 0.019764
0 0.437294 0.623141 0.019069 0.025657
0 0.555515 0.322332 0.020264 0.026108
0 0.692868 0.059052 0.016791 0.019658
0 0.425374 0.152207 0.017839 0.021628
0 0.867771 0.528341 0.016750 0.018297
0 0.676161 0.965736 0.016702 0.020381
0 0.220676 0.720222 0.016518 0.021906
0 0.490407 0.462130 0.015027 0.020279
0 0.092034 0.258620 0.015740 0.016795
0 0.472977 0.303431 0.016229 0.020307
0 0.905428 0.732225 0.015444 0.020011
0 0.412921 0.887452 0.017891 0.023091
0 0.902989 0.774504 0.017655 0.021393
0 0.635374 0.419467 0.015758 0.019514
0 0.644334 0.781691 0.017000 0.021519
0 0.348940 0.545465 0.016065 0.019512
0 0.950854 0.818497 0.013830 0.018332
0 0.328296 0.109700 0.018104 0.020794
0 0.140376 0.571113 0.017448 0.020710
0 0.792773 0.558698 0.015972 0.019641
0 0.520204 0.743399 0.015429 0.018509
0 0.045560 0.383934 0.014662 0.021310
0 0.740462 0.600792 0.019071 0.022783
0 0.549925 0.445018 0.016320 0.020313
0 0.144530 0.695163 0.017682 0.018606
0 0.971612 0.709863 0.015219 0.017606
0 0.559539 0.981267 0.015496 0.018983
0 0.754862 0.652083 0.015996 0.021194
0 0.689749 0.714497 0.018035 0.019976
0 0.988160 0.798830 0.014923 0.018444
0 0.905351 0.168231 0.014948 0.019559
0 0.426068 0.336793 0.014859 0.018099
0 0.421994 0.469894 0.014729 0.018664
0 0.201123 0.557831 0.014297 0.017127
0 0.384001 0.051621 0.016069 0.014406
0 0.247915 0.031813 0.017073 0.015606
0 0.302650 0.047419 0.016069 0.018007
0 0.079189 0.176471 0.017073 0.019208
0 0.954456 0.897359 0.012052 0.018007
0 0.960984 0.855942 0.015065 0.016807