0 0.703074 0.273156 0.015716 0.022718
0 0.719568 0.253836 0.015044 0.020025
0 0.146274 0.144830 0.019619 0.025122
0 0.433682 0.247723 0.015015 0.019726
0 0.937739 0.837290 0.018826 0.022460
0 0.365073 0.816698 0.016136 0.020211
0 0.163915 0.021967 0.018634 0.021649
0 0.438380 0.440608 0.016190 0.020913
0 0.411950 0.132829 0.014885 0.019769
0 0.899850 0.465263 0.014474 0.018748
0 0.805863 0.558843 0.015648 0.019584
0 0.603702 0.859452 0.015128 0.021451
0 0.311266 0.511525 0.017227 0.021135
0 0.337656 0.254669 0.017536 0.022565
0 0.926350 0.669649 0.015646 0.018382
0 0.944115 0.457120 0.015123 0.017678
0 0.646672 0.511679 0.016981 0.022173
0 0.781698 0.835142 0.015491 0.019342
0 0.398174 0.743928 0.015038 0.019448
0 0.938854 0.087018 0.014363 0.017881
0 0.451420 0.858684 0.012121 0.015276
0 0.776676 0.568699 0.013719 0.017442
0 0.659787 0.791514 0.015504 0.020070
0 0.808006 0.870435 0.017146 0.022682
0 0.711174 0.713662 0.017774 0.021411
0 0.904297 0.731033 0.014374 0.018977
0 0.752173 0.868262 0.015051 0.019295
0 0.812705 0.968803 0.017178 0.019523
0 0.642356 0.978133 0.014542 0.017649
0 0.585312 0.878345 0.017980 0.022064
0 0.545267 0.454139 0.022826 0.029761
0 0.974348 0.944507 0.015854 0.019435
0 0.698689 0.761134 0.015667 0.020349
0 0.623925 0.505541 0.016770 0.021428
0 0.939194 0.810888 0.017272 0.019227
0 0.304860 0.577489 0.019247 0.020708
0 0.941251 0.421919 0.014454 0.017394
0 0.012531 0.682083 0.013661 0.017944
0 0.983304 0.649166 0.017808 0.023180
0 0.348209 0.727675 0.015531 0.021422
0 0.778039 0.106934 0.016094 0.020083
0 0.417144 0.854695 0.015119 0.018646
0 0.266950 0.787922 0.016085 0.019738
0 0.273693 0.763479 0.017735 0.019625
0 0.960617 0.442506 0.014396 0.020696
0 0.135471 0.360074 0.017040 0.020674
0 0.723326 0.291448 0.016797 0.021383
0 0.417882 0.551017 0.014953 0.019623
0 0.932103 0.877901 0.014179 0.018463
0 0.386873 0.840409 0.014597 0.018158
0 0.903908 0.704078 0.014053 0.018651
0 0.679299 0.962033 0.016764 0.020570
0 0.898205 0.679719 0.013697 0.016011
0 0.845794 0.568265 0.015514 0.020099
0 0.403371 0.642475 0.016745 0.022836
0 0.942596 0.330958 0.016259 0.020309
0 0.804821 0.752606 0.018143 0.021935
0 0.250166 0.386649 0.016027 0.020251
0 0.198718 0.706818 0.015176 0.018894
0 0.439571 0.545424 0.015027 0.019558
0 0.782182 0.717509 0.013826 0.018534
0 0.459168 0.460107 0.015039 0.021197
0 0.965647 0.972298 0.015874 0.019269
0 0.237047 0.667825 0.015477 0.018766
0 0.413734 0.092941 0.017216 0.021462
0 0.308729 0.187150 0.015711 0.020560
0 0.359587 0.468831 0.016777 0.019876
0 0.533861 0.533933 0.014995 0.017988
0 0.214097 0.452246 0.015021 0.017603
0 0.920538 0.097831 0.014048 0.018199
0 0.557505 0.318562 0.019402 0.025175
0 0.684725 0.288011 0.013563 0.018952
0 0.244389 0.517957 0.017037 0.021456
0 0.830244 0.381514 0.016692 0.020841
0 0.487108 0.461500 0.015386 0.019379
0 0.610544 0.479041 0.018460 0.022899
0 0.746362 0.576521 0.014006 0.017553
0 0.588352 0.167989 0.016401 0.018767
0 0.726363 0.966399 0.017372 0.021371
0 0.622255 0.248903 0.014360 0.016410
0 0.944021 0.296961 0.016119 0.019868
0 0.934908 0.931261 0.015041 0.018227
0 0.813587 0.851111 0.014367 0.016160
0 0.833155 0.011699 0.015832 0.019865
0 0.354456 0.543607 0.013278 0.017635
0 0.328958 0.291182 0.014968 0.020235
0 0.799487 0.824422 0.014831 0.016303
0 0.868154 0.709222 0.019336 0.021645
0 0.751596 0.963467 0.013772 0.016281
0 0.144657 0.113424 0.015405 0.019162
0 0.655130 0.749022 0.015437 0.020142
0 0.517861 0.744092 0.013255 0.017033
0 0.728582 0.119426 0.015240 0.020266
0 0.801228 0.250967 0.015838 0.015936
0 0.460156 0.262292 0.015845 0.022069
0 0.226860 0.300637 0.018979 0.021409
0 0.477874 0.304432 0.015299 0.018943
0 0.302555 0.053701 0.014660 0.019109
0 0.691307 0.713359 0.013856 0.019395
0 0.915321 0.497187 0.017503 0.021255
0 0.622303 0.057094 0.016775 0.020609
0 0.333936 0.547999 0.013935 0.017023
0 0.607083 0.301198 0.014244 0.016841
0 0.983863 0.453555 0.017070 0.021349
0 0.076271 0.243640 0.014829 0.019521
0 0.948770 0.682542 0.014838 0.020351
0 0.051067 0.061825 0.017073 0.015606
0 0.010895 0.107443 0.015065 0.020408
0 0.956465 0.912965 0.016069 0.018007
0 0.292105 0.130252 0.019082 0.022809
0 0.312192 0.102641 0.019082 0.018007
0 0.152002 0.487995 0.012052 0.015606
0 0.120868 0.470588 0.016069 0.021609
0 0.131916 0.666867 0.018078 0.018007