0 0.312878 0.580743 0.016479 0.022174
0 0.703916 0.267489 0.016725 0.022487
0 0.577233 0.477568 0.017147 0.020598
0 0.559398 0.522007 0.023277 0.030152
0 0.523804 0.032230 0.019563 0.019392
0 0.164823 0.013777 0.019813 0.021301
0 0.978443 0.854797 0.016659 0.020898
0 0.813951 0.811726 0.015752 0.023380
0 0.418334 0.848413 0.016692 0.021957
0 0.172025 0.352550 0.018974 0.018406
0 0.406001 0.228867 0.016259 0.020760
0 0.213482 0.317900 0.020757 0.026022
0 0.387414 0.013813 0.016290 0.019151
0 0.439248 0.396521 0.017420 0.022086
0 0.440449 0.839025 0.015271 0.021242
0 0.411621 0.107499 0.017567 0.020885
0 0.091825 0.426494 0.017304 0.021642
0 0.170372 0.285062 0.015227 0.017873
0 0.544587 0.463791 0.016487 0.017091
0 0.461095 0.882284 0.018887 0.023190
0 0.803372 0.764145 0.017650 0.019538
0 0.423314 0.146984 0.017515 0.022730
0 0.904625 0.776415 0.019081 0.023661
0 0.275792 0.665590 0.019008 0.022608
0 0.985412 0.646729 0.016882 0.022453
0 0.683199 0.118133 0.016431 0.020508
0 0.239316 0.320177 0.017314 0.022924
0 0.249569 0.383343 0.016302 0.020631
0 0.406465 0.567320 0.016047 0.019038
0 0.881407 0.939723 0.017863 0.019861
0 0.779251 0.449098 0.018521 0.023197
0 0.142229 0.360468 0.016802 0.020574
0 0.222157 0.424218 0.015420 0.018919
0 0.792188 0.819335 0.017678 0.022895
0 0.556536 0.069459 0.014496 0.017863
0 0.354895 0.803076 0.016211 0.019453
0 0.216771 0.449630 0.017689 0.020556
0 0.943614 0.326579 0.018258 0.021996
0 0.605780 0.072820 0.014118 0.017970
0 0.603669 0.852848 0.019153 0.024117
0 0.431248 0.094614 0.017496 0.024040
0 0.320510 0.555985 0.016852 0.019757
0 0.853198 0.567659 0.019398 0.022914
0 0.960069 0.960308 0.019234 0.025430
0 0.032519 0.695527 0.016827 0.021368
0 0.946508 0.449311 0.019006 0.023213
0 0.379867 0.658705 0.015915 0.018768
0 0.552103 0.302883 0.018527 0.024420
0 0.421690 0.544868 0.017728 0.021647
0 0.231519 0.363962 0.017083 0.022041
0 0.298759 0.285903 0.015629 0.021209
0 0.255086 0.520866 0.018545 0.022326
0 0.439967 0.746045 0.016116 0.020270
0 0.323166 0.103743 0.017163 0.022163
0 0.488768 0.970865 0.016625 0.019305
0 0.316200 0.794693 0.016281 0.019230
0 0.442199 0.613072 0.016897 0.019761
0 0.533681 0.528666 0.015574 0.019954
0 0.196234 0.201559 0.012298 0.016566
0 0.463932 0.502731 0.019480 0.023631
0 0.488284 0.838248 0.016817 0.022873
0 0.144889 0.107325 0.017378 0.021489
0 0.703242 0.053103 0.018669 0.022493
0 0.698918 0.761562 0.016167 0.020631
0 0.910939 0.168835 0.017322 0.020549
0 0.902117 0.724120 0.016919 0.021183
0 0.361921 0.475689 0.016496 0.021785
0 0.680271 0.278289 0.017873 0.021274
0 0.688061 0.708865 0.018561 0.023610
0 0.608281 0.177417 0.016985 0.020690
0 0.127419 0.215374 0.016588 0.021492
0 0.629626 0.063938 0.017130 0.021975
0 0.427542 0.456613 0.017804 0.019241
0 0.150092 0.440662 0.017057 0.021088
0 0.489950 0.456550 0.016944 0.022219
0 0.337369 0.283231 0.015458 0.018618
0 0.300406 0.095189 0.014134 0.018116
0 0.753782 0.643384 0.016455 0.022379
0 0.541787 0.485667 0.015340 0.018939
0 0.547886 0.439170 0.014388 0.016412
0 0.517136 0.736887 0.015617 0.019725
0 0.903271 0.680297 0.018145 0.023318
0 0.486975 0.300853 0.016318 0.019532
0 0.236801 0.796326 0.015037 0.018060
0 0.915558 0.871238 0.019451 0.022278
0 0.333712 0.128545 0.018581 0.023024
0 0.059667 0.419341 0.014919 0.019210
0 0.681541 0.954149 0.018022 0.022897
0 0.889807 0.604356 0.014984 0.018037
0 0.266071 0.114180 0.017985 0.019987
0 0.045670 0.375646 0.016605 0.020840
0 0.810838 0.604779 0.015235 0.017778
0 0.639521 0.458013 0.015434 0.020009
0 0.323706 0.638253 0.014283 0.017622
0 0.031210 0.531969 0.016729 0.019640
0 0.296106 0.580783 0.012536 0.017921
0 0.427187 0.226891 0.014061 0.014406
0 0.432208 0.243697 0.014061 0.016807
0 0.725471 0.250300 0.014061 0.015606
0 0.706891 0.241897 0.011048 0.013205
0 0.029977 0.559424 0.015065 0.014406
0 0.243395 0.659064 0.012052 0.016807
0 0.439741 0.977791 0.013056 0.020408