0 0.822464 0.274729 0.021283 0.022225
0 0.517874 0.966113 0.023170 0.027674
0 0.514670 0.349543 0.017279 0.021518
0 0.280878 0.452879 0.018965 0.022206
0 0.292890 0.023350 0.016673 0.020259
0 0.819084 0.872361 0.017382 0.020212
0 0.638307 0.685899 0.015067 0.018536
0 0.251755 0.470523 0.019984 0.023536
0 0.508404 0.665920 0.017124 0.020064
0 0.788798 0.654692 0.017713 0.022065
0 0.761559 0.052107 0.018315 0.023347
0 0.808751 0.641299 0.017662 0.022484
0 0.547282 0.087415 0.014789 0.017242
0 0.127810 0.171728 0.020460 0.023383
0 0.394654 0.037891 0.015319 0.020305
0 0.069804 0.046083 0.020175 0.024604
0 0.537694 0.436060 0.016453 0.020797
0 0.622403 0.705075 0.017335 0.021205
0 0.870989 0.576610 0.018420 0.021682
0 0.137951 0.288691 0.016701 0.021512
0 0.011519 0.501108 0.017755 0.020873
0 0.049198 0.903865 0.014745 0.017094
0 0.302762 0.862113 0.017076 0.020266
0 0.436485 0.970146 0.018297 0.023049
0 0.371365 0.643094 0.014753 0.019713
0 0.678638 0.701356 0.018347 0.022861
0 0.740470 0.228853 0.018572 0.022718
0 0.121781 0.491520 0.016958 0.022420
0 0.756528 0.923149 0.018946 0.026158
0 0.658052 0.675288 0.016049 0.020334
0 0.660071 0.054837 0.017486 0.020508
0 0.636971 0.952971 0.021563 0.025456
0 0.284773 0.387182 0.019030 0.022224
0 0.474180 0.678464 0.017214 0.020590
0 0.486412 0.133101 0.018947 0.024516
0 0.385979 0.651151 0.014562 0.017794
0 0.864077 0.548737 0.018618 0.022466
0 0.030056 0.984550 0.018015 0.021677
0 0.672194 0.609293 0.017272 0.025767
0 0.724731 0.550976 0.017470 0.022460
0 0.043170 0.074103 0.018165 0.024005
0 0.301336 0.100476 0.017072 0.019867
0 0.512226 0.301127 0.017585 0.023712
0 0.450797 0.643453 0.017009 0.021230
0 0.792123 0.436122 0.017518 0.021313
0 0.094738 0.162691 0.017021 0.021883
0 0.848807 0.043395 0.015983 0.018710
0 0.310547 0.830621 0.017143 0.021643
0 0.630968 0.413602 0.016581 0.021392
0 0.393120 0.085061 0.016627 0.020169
0 0.750641 0.570351 0.017753 0.022894
0 0.314847 0.042070 0.015099 0.021052
0 0.818137 0.580256 0.016973 0.020107
0 0.939006 0.892617 0.015203 0.018565
0 0.360880 0.882421 0.020463 0.025343
0 0.841142 0.751008 0.017001 0.021086
0 0.457424 0.262993 0.018264 0.021871
0 0.814312 0.064791 0.014334 0.023824
0 0.511926 0.093142 0.016258 0.020892
0 0.137445 0.234485 0.017070 0.021696
0 0.889663 0.943262 0.017194 0.021528
0 0.313241 0.015017 0.014516 0.022543
0 0.849645 0.073305 0.016205 0.018663
0 0.668943 0.566887 0.019414 0.024750
0 0.644645 0.161246 0.019983 0.022687
0 0.220739 0.231312 0.017763 0.022203
0 0.857081 0.674652 0.018962 0.022548
0 0.566617 0.393325 0.018150 0.022216
0 0.085343 0.100718 0.018311 0.023594
0 0.790752 0.285555 0.015591 0.018643
0 0.647440 0.078605 0.016414 0.019125
0 0.431359 0.154848 0.018323 0.021638
0 0.091819 0.852419 0.019096 0.025726
0 0.793992 0.788164 0.017732 0.022088
0 0.993408 0.758048 0.013184 0.022708
0 0.797653 0.901710 0.016167 0.019730
0 0.476027 0.572714 0.017907 0.022291
0 0.122733 0.361880 0.016900 0.021690
0 0.041580 0.935457 0.016587 0.023226
0 0.713867 0.581487 0.017828 0.020780
0 0.350067 0.040561 0.014355 0.019590
0 0.215505 0.320610 0.016440 0.020409
0 0.685744 0.029573 0.015039 0.018699
0 0.017167 0.897172 0.016762 0.022342
0 0.278110 0.929303 0.017518 0.021204
0 0.516748 0.731086 0.018125 0.024129
0 0.621173 0.859351 0.019246 0.024317
0 0.848208 0.935389 0.018002 0.021153
0 0.213084 0.516211 0.020502 0.023262
0 0.220793 0.548794 0.016513 0.021015
0 0.880092 0.707428 0.019184 0.023162
0 0.371005 0.973163 0.015857 0.019446
0 0.015420 0.074468 0.017947 0.021252
0 0.955448 0.541590 0.016889 0.021155
0 0.705774 0.287359 0.017168 0.021502
0 0.655217 0.871210 0.015811 0.019481
0 0.330747 0.102502 0.016404 0.023896
0 0.246264 0.619934 0.018218 0.021539
0 0.905030 0.111973 0.017885 0.022492
0 0.359191 0.551195 0.014433 0.019580
0 0.041686 0.877457 0.014491 0.019330
0 0.912261 0.138148 0.016801 0.021749
0 0.053213 0.110701 0.017591 0.018320
0 0.214934 0.646078 0.015204 0.018668
0 0.429748 0.692051 0.019403 0.022299
0 0.427791 0.902425 0.015851 0.018458
0 0.059403 0.554459 0.017354 0.022375
0 0.106873 0.543299 0.017304 0.021714
0 0.364464 0.689436 0.016791 0.020882
0 0.140840 0.697023 0.018778 0.023853
0 0.424231 0.039138 0.017281 0.021326
0 0.784447 0.077643 0.018402 0.023764
0 0.332628 0.050252 0.014405 0.019764
0 0.365091 0.949965 0.014705 0.017899
0 0.564410 0.773882 0.017153 0.022792
0 0.501412 0.386559 0.017289 0.023203
0 0.033314 0.829657 0.017561 0.022738
0 0.069436 0.077227 0.016645 0.023634
0 0.675692 0.857621 0.016409 0.021611
0 0.447983 0.373488 0.016133 0.019155
0 0.018023 0.036580 0.015097 0.019975
0 0.337482 0.018028 0.017111 0.021694
0 0.466658 0.142477 0.015962 0.021933
0 0.184830 0.297202 0.014441 0.016243
0 0.812345 0.988595 0.015065 0.015606
0 0.822890 0.963986 0.016069 0.016807
0 0.451290 0.009004 0.014061 0.013205