0 0.787663 0.566650 0.018663 0.024171
0 0.326242 0.035329 0.015009 0.020073
0 0.179432 0.698469 0.017831 0.024165
0 0.176032 0.077294 0.017388 0.022093
0 0.008888 0.762790 0.017087 0.020822
0 0.355454 0.014077 0.016711 0.020866
0 0.530215 0.974192 0.020778 0.026426
0 0.803713 0.659819 0.019793 0.022296
0 0.669460 0.038162 0.020689 0.023813
0 0.662779 0.707782 0.020003 0.024602
0 0.064138 0.200412 0.017538 0.021919
0 0.882130 0.091174 0.022159 0.027273
0 0.546537 0.442872 0.018203 0.022295
0 0.382082 0.107480 0.018305 0.022484
0 0.816506 0.409203 0.020782 0.026119
0 0.092922 0.831825 0.018604 0.022321
0 0.404895 0.096990 0.016894 0.023076
0 0.235367 0.444922 0.019265 0.023926
0 0.707983 0.273907 0.017667 0.022534
0 0.401904 0.662374 0.015839 0.020237
0 0.249521 0.808311 0.020427 0.025626
0 0.498092 0.122239 0.019688 0.023738
0 0.451271 0.950110 0.017240 0.020953
0 0.467402 0.979210 0.016265 0.018812
0 0.301110 0.390363 0.019211 0.024389
0 0.625602 0.079380 0.018914 0.027775
0 0.236059 0.237302 0.016476 0.020775
0 0.694622 0.175767 0.021550 0.026783
0 0.514570 0.948725 0.017290 0.021606
0 0.155138 0.069235 0.016259 0.020941
0 0.826329 0.888984 0.019856 0.024249
0 0.552549 0.808794 0.020518 0.025293
0 0.927671 0.850837 0.017675 0.022295
0 0.269983 0.470529 0.018845 0.023094
0 0.541667 0.949237 0.017067 0.020222
0 0.360336 0.049592 0.014253 0.018623
0 0.357721 0.799693 0.018319 0.021950
0 0.440405 0.854281 0.019086 0.024109
0 0.006946 0.574212 0.013759 0.021641
0 0.070086 0.089210 0.018921 0.022480
0 0.303542 0.032781 0.018158 0.021811
0 0.903820 0.856243 0.017447 0.021837
0 0.320387 0.840626 0.018437 0.022027
0 0.347649 0.113040 0.016442 0.022847
0 0.052309 0.941205 0.017685 0.022203
0 0.121533 0.612883 0.018300 0.021717
0 0.774622 0.056848 0.020898 0.026427
0 0.449195 0.767478 0.018702 0.023958
0 0.679829 0.510682 0.020039 0.023846
0 0.932490 0.441705 0.020197 0.024590
0 0.149344 0.240550 0.016609 0.020596
0 0.990440 0.345979 0.018550 0.025202
0 0.672915 0.759401 0.017013 0.022499
0 0.413898 0.768457 0.018992 0.022688
0 0.785010 0.409088 0.020374 0.025336
0 0.325061 0.111313 0.017364 0.022165
0 0.782345 0.921791 0.018227 0.022673
0 0.038397 0.651443 0.018526 0.021437
0 0.157286 0.691398 0.017067 0.021703
0 0.299323 0.254770 0.016969 0.022681
0 0.445884 0.034371 0.016633 0.019147
0 0.980227 0.188431 0.021631 0.026187
0 0.800065 0.290194 0.015800 0.021396
0 0.882309 0.663360 0.019349 0.025158
0 0.831569 0.688824 0.019921 0.024041
0 0.291579 0.459195 0.016573 0.021775
0 0.480452 0.148180 0.018090 0.021292
0 0.020052 0.408455 0.015745 0.020452
0 0.464756 0.045979 0.015949 0.021893
0 0.393465 0.568567 0.018293 0.023017
0 0.020740 0.624762 0.016149 0.019899
0 0.383647 0.651006 0.014708 0.020294
0 0.382437 0.740148 0.018935 0.022365
0 0.747884 0.534868 0.018001 0.021358
0 0.928864 0.892335 0.019065 0.022912
0 0.445152 0.380253 0.017140 0.021531
0 0.378718 0.625496 0.018001 0.023464
0 0.356430 0.443671 0.016590 0.020534
0 0.615109 0.779727 0.017380 0.021297
0 0.196908 0.930181 0.017002 0.021501
0 0.517327 0.338135 0.017052 0.022204
0 0.881052 0.292288 0.019681 0.023693
0 0.922780 0.375009 0.017469 0.022618
0 0.677119 0.633011 0.017788 0.021721
0 0.502582 0.096233 0.016981 0.020638
0 0.087991 0.772677 0.016068 0.019227
0 0.691477 0.922927 0.019758 0.024093
0 0.107926 0.869217 0.016434 0.022018
0 0.133811 0.497031 0.017288 0.023374
0 0.165986 0.314199 0.017794 0.020789
0 0.766683 0.577499 0.017929 0.025132
0 0.739611 0.577507 0.017261 0.024210
0 0.561484 0.579228 0.019531 0.024756
0 0.794955 0.086783 0.019524 0.026820
0 0.043986 0.449688 0.017288 0.022782
0 0.045309 0.121951 0.016884 0.023169
0 0.869731 0.503302 0.021580 0.024704
0 0.613861 0.848990 0.017789 0.022389
0 0.457696 0.813304 0.017723 0.022953
0 0.586560 0.410639 0.020620 0.024169
0 0.488539 0.006973 0.018023 0.013946
0 0.101410 0.043622 0.020045 0.020690
0 0.472756 0.269655 0.018360 0.023703
0 0.223590 0.332903 0.016214 0.021070
0 0.477565 0.797728 0.015350 0.019149
0 0.656645 0.410400 0.016679 0.021863
0 0.323695 0.956400 0.015609 0.020453
0 0.458466 0.010853 0.020715 0.019474
0 0.039528 0.858282 0.017514 0.021467
0 0.341579 0.050313 0.013617 0.018019
0 0.512142 0.395901 0.018604 0.023685
0 0.779516 0.298131 0.017307 0.023444
0 0.792904 0.608731 0.016970 0.022582
0 0.377104 0.980002 0.014935 0.018275
0 0.216499 0.507098 0.016560 0.020141
0 0.863422 0.882405 0.017396 0.020829
0 0.808507 0.687732 0.018070 0.021526
0 0.588007 0.144602 0.016176 0.021263
0 0.833680 0.971101 0.018392 0.021197
0 0.976612 0.487525 0.018189 0.022354
0 0.216983 0.674621 0.016935 0.020934
0 0.913429 0.961044 0.016968 0.021163
0 0.420328 0.189103 0.018243 0.020919
0 0.866170 0.682472 0.018477 0.022902
0 0.305383 0.363191 0.016326 0.019754
0 0.685041 0.870068 0.016988 0.021952
0 0.742997 0.787804 0.017577 0.020250
0 0.379501 0.957287 0.016105 0.018280
0 0.317056 0.813818 0.016247 0.020133
0 0.414803 0.016858 0.015459 0.018006
0 0.530276 0.869032 0.017403 0.022284
0 0.578802 0.261922 0.016358 0.021094
0 0.673237 0.065734 0.013533 0.019912
0 0.217150 0.059555 0.014680 0.016170
0 0.720877 0.587484 0.019509 0.023767
0 0.098773 0.065426 0.014061 0.015606
0 0.026462 0.990996 0.016069 0.015606