0 0.772480 0.381069 0.018631 0.020155
0 0.806789 0.900299 0.028668 0.026245
0 0.873853 0.875147 0.018333 0.021604
0 0.155115 0.299176 0.018819 0.023238
0 0.240971 0.743594 0.016287 0.019548
0 0.515357 0.161947 0.017925 0.021896
0 0.358779 0.278888 0.018699 0.023666
0 0.240080 0.555395 0.017954 0.022886
0 0.304974 0.263073 0.018871 0.022125
0 0.120734 0.310053 0.018487 0.021126
0 0.482579 0.509736 0.024238 0.025502
0 0.257070 0.303215 0.020675 0.023174
0 0.518416 0.670971 0.018253 0.022593
0 0.267862 0.741250 0.015805 0.020578
0 0.046175 0.418049 0.016758 0.020594
0 0.139713 0.346134 0.019071 0.023315
0 0.232979 0.457673 0.017334 0.021411
0 0.397007 0.010747 0.019030 0.021309
0 0.204069 0.585053 0.016964 0.021295
0 0.094267 0.507366 0.018396 0.022836
0 0.482334 0.149637 0.017324 0.022519
0 0.531765 0.628273 0.016498 0.019875
0 0.920737 0.161590 0.018686 0.024974
0 0.211820 0.746204 0.015606 0.018584
0 0.774758 0.211867 0.016136 0.018346
0 0.642364 0.308214 0.017534 0.020895
0 0.778188 0.237424 0.017791 0.020435
0 0.160488 0.894825 0.020696 0.024721
0 0.066509 0.753791 0.018416 0.020784
0 0.050422 0.656389 0.016945 0.021598
0 0.337105 0.300184 0.017313 0.019962
0 0.930263 0.565549 0.018361 0.021621
0 0.857336 0.112629 0.019630 0.023636
0 0.648222 0.588285 0.020525 0.025355
0 0.590059 0.452077 0.019528 0.023472
0 0.330203 0.268391 0.014871 0.018032
0 0.638439 0.505637 0.017973 0.022898
0 0.561774 0.295470 0.017613 0.022252
0 0.803564 0.092057 0.019089 0.018032
0 0.522550 0.411124 0.019774 0.022344
0 0.476212 0.482056 0.016901 0.020608
0 0.977805 0.292828 0.018726 0.022744
0 0.919585 0.885631 0.016682 0.020683
0 0.230119 0.382972 0.018644 0.022052
0 0.894151 0.015451 0.018206 0.022010
0 0.775752 0.171023 0.017662 0.021719
0 0.512547 0.473188 0.019631 0.022485
0 0.020535 0.409107 0.016480 0.020141
0 0.039375 0.758242 0.020690 0.023935
0 0.884433 0.793877 0.020026 0.023244
0 0.943439 0.453989 0.017499 0.020931
0 0.447291 0.314976 0.016287 0.020360
0 0.645646 0.836206 0.018601 0.023161
0 0.321245 0.855939 0.023115 0.024370
0 0.181088 0.028039 0.017957 0.020341
0 0.129694 0.281171 0.018322 0.022859
0 0.320928 0.242723 0.017759 0.020860
0 0.309232 0.156387 0.017646 0.021604
0 0.074411 0.306227 0.020809 0.026559
0 0.130251 0.512880 0.017494 0.020309
0 0.872164 0.631762 0.019306 0.025174
0 0.609333 0.156058 0.015647 0.020730
0 0.386823 0.225513 0.017952 0.020007
0 0.215629 0.024556 0.015164 0.020690
0 0.289116 0.326674 0.017599 0.021458
0 0.142193 0.452430 0.018041 0.021027
0 0.956532 0.243279 0.017980 0.021413
0 0.532257 0.698969 0.018703 0.021108
0 0.936340 0.679343 0.017899 0.021183
0 0.403967 0.039072 0.017439 0.020441
0 0.546384 0.656271 0.015996 0.020900
0 0.800641 0.868734 0.018338 0.022491
0 0.028276 0.140626 0.016079 0.019498
0 0.496840 0.356973 0.014766 0.018452
0 0.265185 0.577713 0.016048 0.018999
0 0.551928 0.157738 0.014969 0.018165
0 0.024850 0.546293 0.018118 0.023013
0 0.890537 0.286055 0.021063 0.022099
0 0.898346 0.110083 0.021667 0.026521
0 0.691549 0.129450 0.017455 0.022036
0 0.230166 0.295123 0.014604 0.019112
0 0.090156 0.871107 0.021605 0.026043
0 0.907687 0.902260 0.014273 0.019065
0 0.466955 0.064110 0.017270 0.022012
0 0.887000 0.420453 0.020313 0.025028
0 0.827275 0.993080 0.019367 0.013839
0 0.036414 0.183189 0.019584 0.024181
0 0.491900 0.121446 0.018964 0.023240
0 0.173138 0.521575 0.017944 0.028165
0 0.046890 0.148688 0.014353 0.017947
0 0.751471 0.392419 0.016247 0.020881
0 0.431450 0.671328 0.019856 0.021183
0 0.479257 0.258001 0.015095 0.018547