0 0.556952 0.515340 0.021955 0.028622
0 0.770755 0.447404 0.024539 0.029796
0 0.210387 0.311204 0.020812 0.024714
0 0.420587 0.585999 0.019045 0.023658
0 0.254051 0.130864 0.015813 0.019797
0 0.578344 0.474301 0.017472 0.023524
0 0.697124 0.262698 0.022285 0.025168
0 0.991794 0.768340 0.016412 0.025852
0 0.251830 0.670572 0.019653 0.023317
0 0.210523 0.442770 0.018330 0.021280
0 0.727064 0.254451 0.018983 0.024221
0 0.163319 0.010265 0.019092 0.019096
0 0.335215 0.132478 0.018840 0.022996
0 0.542083 0.488495 0.017833 0.021928
0 0.421595 0.842884 0.017689 0.023186
0 0.270995 0.658159 0.016308 0.020318
0 0.228339 0.362129 0.015994 0.020518
0 0.101771 0.474736 0.019189 0.024016
0 0.198734 0.346433 0.019417 0.023365
0 0.444158 0.607767 0.018265 0.022700
0 0.404987 0.523204 0.017210 0.021443
0 0.357694 0.471560 0.016496 0.020489
0 0.981312 0.643872 0.020132 0.024200
0 0.677461 0.113564 0.017837 0.022757
0 0.686326 0.955141 0.020083 0.025449
0 0.792293 0.819017 0.019516 0.023956
0 0.451652 0.960572 0.019122 0.026166
0 0.546532 0.306125 0.018638 0.022960
0 0.436244 0.742495 0.018445 0.022290
0 0.332210 0.281018 0.015713 0.019922
0 0.125288 0.227352 0.018197 0.025484
0 0.770522 0.832263 0.017523 0.023547
0 0.373697 0.654597 0.017243 0.020484
0 0.684770 0.701856 0.019808 0.025670
0 0.247731 0.513094 0.019554 0.023970
0 0.247595 0.375825 0.016786 0.021626
0 0.489598 0.300110 0.017005 0.021251
0 0.372949 0.446379 0.017680 0.026034
0 0.534070 0.529357 0.015816 0.020322
0 0.287658 0.908705 0.019933 0.023318
0 0.420549 0.454084 0.016741 0.020361
0 0.895397 0.804494 0.022712 0.025490
0 0.980192 0.855567 0.020007 0.023786
0 0.346729 0.254392 0.016921 0.021648
0 0.756673 0.770945 0.018287 0.021649
0 0.365011 0.085352 0.016887 0.021508
0 0.419852 0.143297 0.016878 0.021183
0 0.422263 0.543460 0.018332 0.022812
0 0.624450 0.056136 0.018369 0.022481
0 0.144472 0.435008 0.017034 0.020863
0 0.941465 0.442212 0.020122 0.023849
0 0.839658 0.711305 0.019634 0.021958
0 0.883808 0.703974 0.017541 0.020963
0 0.465549 0.057116 0.016496 0.020764
0 0.382603 0.016431 0.016267 0.019515
0 0.539757 0.127295 0.015232 0.018893
0 0.904166 0.720563 0.016473 0.021698
0 0.699100 0.049101 0.019569 0.021416
0 0.846992 0.559093 0.022822 0.028782
0 0.129715 0.330484 0.015052 0.018098
0 0.347083 0.801080 0.017420 0.021305
0 0.461236 0.893697 0.019348 0.023415
0 0.755402 0.636946 0.020328 0.021896
0 0.876829 0.380592 0.020074 0.024448
0 0.545912 0.431335 0.016386 0.020549
0 0.216505 0.412588 0.017395 0.021662
0 0.139496 0.102791 0.016897 0.022146
0 0.426712 0.239529 0.017259 0.020298
0 0.218699 0.853628 0.015710 0.019346
0 0.605783 0.849781 0.020365 0.024611
0 0.719866 0.105777 0.015972 0.020166
0 0.024924 0.526880 0.018841 0.021880
0 0.692952 0.754114 0.020812 0.025426
0 0.667775 0.247620 0.016267 0.020404
0 0.170109 0.941056 0.017307 0.020439
0 0.394137 0.133033 0.017453 0.022077
0 0.600143 0.174777 0.019320 0.024049
0 0.313530 0.096042 0.017222 0.021664
0 0.956054 0.954461 0.020338 0.025765
0 0.138131 0.356130 0.017110 0.021311
0 0.632219 0.321074 0.017619 0.021141
0 0.486772 0.965285 0.016490 0.020494
0 0.376016 0.627891 0.016105 0.018922
0 0.250532 0.169809 0.018878 0.022479
0 0.322750 0.556849 0.021208 0.024126
0 0.988121 0.401080 0.020309 0.024024
0 0.479587 0.125466 0.015219 0.019722
0 0.041979 0.377284 0.016004 0.019149
0 0.056816 0.413610 0.015557 0.020270
0 0.512496 0.731611 0.016430 0.020763
0 0.191355 0.737190 0.016580 0.020506
0 0.559250 0.660447 0.017078 0.021703
0 0.908816 0.165225 0.017534 0.022259
0 0.294442 0.280112 0.016974 0.022366
0 0.105054 0.428371 0.019832 0.021221