0 0.395826 0.091424 0.018102 0.022250
0 0.535342 0.461619 0.015399 0.018102
0 0.704451 0.269274 0.015786 0.022357
0 0.420540 0.545409 0.018406 0.022561
0 0.560960 0.522805 0.023165 0.029702
0 0.164239 0.014915 0.019523 0.021686
0 0.422340 0.086831 0.018296 0.020738
0 0.079815 0.409940 0.017004 0.022624
0 0.577363 0.479123 0.017119 0.020594
0 0.306043 0.575649 0.015377 0.020447
0 0.214194 0.318834 0.020786 0.024980
0 0.985691 0.648239 0.016921 0.022095
0 0.387230 0.013225 0.015430 0.019069
0 0.977461 0.850644 0.018787 0.022628
0 0.602130 0.067927 0.014375 0.017671
0 0.275514 0.666420 0.019291 0.021639
0 0.483709 0.302495 0.016650 0.020199
0 0.682607 0.279457 0.016171 0.020998
0 0.322089 0.557827 0.016330 0.021188
0 0.404846 0.835102 0.017014 0.020206
0 0.249567 0.385259 0.016006 0.019976
0 0.407436 0.227317 0.017200 0.021930
0 0.427335 0.821762 0.016525 0.020952
0 0.143041 0.361519 0.017939 0.021634
0 0.944436 0.328438 0.016805 0.020124
0 0.805494 0.795079 0.017063 0.020355
0 0.518696 0.028083 0.019587 0.021591
0 0.440040 0.397025 0.019440 0.021965
0 0.549047 0.440093 0.013426 0.017089
0 0.779460 0.449867 0.017671 0.022994
0 0.902981 0.775344 0.019602 0.023409
0 0.689254 0.709718 0.017115 0.021929
0 0.380340 0.660155 0.015875 0.018898
0 0.629586 0.064034 0.018016 0.022642
0 0.019786 0.555258 0.016172 0.021379
0 0.300928 0.092068 0.013877 0.017439
0 0.362224 0.476755 0.016657 0.021558
0 0.945889 0.449705 0.017706 0.023492
0 0.793152 0.821401 0.018682 0.022705
0 0.232522 0.364512 0.017033 0.021972
0 0.238867 0.317519 0.017239 0.023501
0 0.489464 0.973597 0.016879 0.018774
0 0.326912 0.132379 0.017497 0.022037
0 0.350813 0.801323 0.016300 0.019236
0 0.490759 0.457256 0.016333 0.021314
0 0.338729 0.284503 0.014971 0.018689
0 0.853734 0.568822 0.019301 0.023054
0 0.534108 0.529228 0.015798 0.020009
0 0.608112 0.178689 0.016717 0.021130
0 0.557917 0.977258 0.016182 0.018246
0 0.559118 0.305064 0.022894 0.024042
0 0.680989 0.956066 0.017305 0.021318
0 0.602605 0.856192 0.018491 0.023089
0 0.552211 0.062146 0.015254 0.018566
0 0.254703 0.523533 0.018320 0.022030
0 0.150694 0.442987 0.015041 0.019875
0 0.683896 0.118801 0.016319 0.020965
0 0.449917 0.486529 0.018644 0.023363
0 0.699892 0.761864 0.016171 0.019769
0 0.960289 0.961591 0.018025 0.024965
0 0.912617 0.169088 0.016341 0.023228
0 0.440776 0.746738 0.016471 0.020160
0 0.299383 0.286895 0.015227 0.020942
0 0.018569 0.679867 0.017046 0.021931
0 0.170612 0.289901 0.014813 0.017591
0 0.310669 0.784923 0.016589 0.020077
0 0.863824 0.921444 0.017636 0.019892
0 0.217301 0.449997 0.017573 0.020340
0 0.705612 0.242974 0.011979 0.015384
0 0.724954 0.252593 0.018250 0.023368
0 0.441214 0.615725 0.016923 0.020957
0 0.803308 0.766942 0.017396 0.019600
0 0.225708 0.783492 0.017324 0.019351
0 0.120078 0.212797 0.017766 0.020840
0 0.447515 0.860175 0.018559 0.022378
0 0.394527 0.551588 0.016584 0.019932
0 0.755449 0.643124 0.016925 0.023204
0 0.159400 0.333280 0.013325 0.017714
0 0.048428 0.383900 0.016632 0.020943
0 0.480662 0.831896 0.017920 0.021235
0 0.898326 0.852713 0.019893 0.021149
0 0.900873 0.683510 0.019011 0.021945
0 0.145350 0.108959 0.016796 0.020323
0 0.422674 0.149417 0.017340 0.022745
0 0.901306 0.725579 0.016815 0.020167
0 0.884492 0.598581 0.015593 0.022339
0 0.323874 0.105028 0.017267 0.022039
0 0.060195 0.422190 0.014775 0.019549
0 0.622525 0.441586 0.015102 0.018955
0 0.704079 0.055365 0.017770 0.022036
0 0.428194 0.458079 0.017654 0.019710
0 0.517382 0.738165 0.015125 0.019971
0 0.528784 0.482259 0.015763 0.018436
0 0.288895 0.575539 0.013052 0.017989
0 0.803315 0.590904 0.014533 0.020983
0 0.265321 0.115064 0.017570 0.019910
0 0.214348 0.420445 0.015916 0.019043
0 0.030232 0.534369 0.016459 0.018167
0 0.434719 0.228691 0.011048 0.013205
0 0.436728 0.247299 0.013056 0.014406
0 0.241387 0.645858 0.012052 0.016807
0 0.311187 0.611044 0.015065 0.016807
0 0.439238 0.984994 0.012052 0.018007