0 0.512587 0.228760 0.019066 0.023890
0 0.463120 0.031852 0.016294 0.020895
0 0.034077 0.931831 0.017041 0.023839
0 0.618104 0.639906 0.016189 0.019962
0 0.279419 0.384593 0.018829 0.024037
0 0.130834 0.230960 0.016843 0.022792
0 0.116378 0.487925 0.017859 0.022376
0 0.850079 0.306507 0.016328 0.021170
0 0.828009 0.273005 0.019194 0.023065
0 0.625222 0.944166 0.019191 0.025281
0 0.005815 0.675755 0.011629 0.019149
0 0.785786 0.657931 0.016774 0.021306
0 0.044573 0.179134 0.016612 0.023944
0 0.045950 0.514326 0.019326 0.018353
0 0.711030 0.194746 0.019528 0.022736
0 0.760956 0.812659 0.018931 0.022968
0 0.402194 0.545047 0.014180 0.020111
0 0.262550 0.036484 0.016435 0.018750
0 0.643449 0.131791 0.013057 0.017940
0 0.126983 0.179295 0.019979 0.024366
0 0.100938 0.397521 0.015290 0.017847
0 0.293582 0.916676 0.015793 0.019980
0 0.245901 0.467265 0.020198 0.025398
0 0.322601 0.852263 0.015520 0.018392
0 0.505398 0.093944 0.016615 0.023361
0 0.065919 0.533550 0.013455 0.020471
0 0.529819 0.432893 0.015638 0.021085
0 0.815563 0.868981 0.017491 0.022184
0 0.325860 0.821674 0.015890 0.020819
0 0.071158 0.804960 0.016276 0.019463
0 0.111202 0.215606 0.016755 0.020844
0 0.497692 0.033435 0.017352 0.020231
0 0.068179 0.932335 0.016428 0.022250
0 0.212818 0.225507 0.017757 0.020209
0 0.224382 0.933527 0.016118 0.021085
0 0.960561 0.694706 0.014057 0.017425
0 0.530872 0.907124 0.016432 0.021778
0 0.384399 0.085835 0.015885 0.021667
0 0.466017 0.677876 0.015594 0.020041
0 0.799266 0.957166 0.015430 0.019407
0 0.964993 0.292843 0.017794 0.021095
0 0.934078 0.888118 0.014709 0.019939
0 0.767389 0.950858 0.015538 0.022122
0 0.091451 0.673680 0.016917 0.021231
0 0.294753 0.553514 0.017816 0.024687
0 0.248227 0.059492 0.014925 0.017157
0 0.464615 0.335693 0.012828 0.016746
0 0.639578 0.186735 0.016852 0.019192
0 0.325783 0.521642 0.014278 0.017372
0 0.737710 0.162997 0.014791 0.022132
0 0.284610 0.642980 0.013589 0.016455
0 0.247285 0.938071 0.012927 0.017432
0 0.847234 0.932617 0.013588 0.015917
0 0.593349 0.613490 0.013538 0.017140
0 0.329018 0.042935 0.014172 0.017258
0 0.800429 0.633441 0.015695 0.018065
0 0.992592 0.702404 0.014740 0.020602
0 0.032873 0.157004 0.015379 0.017584
0 0.836970 0.876127 0.014404 0.018692
0 0.451054 0.256131 0.015901 0.019067
0 0.203972 0.955660 0.016134 0.019364
0 0.155410 0.656362 0.018223 0.021601
0 0.313947 0.080319 0.016979 0.022309
0 0.661681 0.609023 0.014605 0.017798
0 0.716977 0.895406 0.017487 0.025986
0 0.553244 0.858808 0.016715 0.019746
0 0.770941 0.788614 0.012907 0.017074
0 0.051681 0.419449 0.012049 0.017630
0 0.832936 0.553400 0.015635 0.020414
0 0.823271 0.078563 0.015003 0.017325
0 0.302908 0.881188 0.014295 0.018738
0 0.082309 0.708238 0.012388 0.016672
0 0.272441 0.249434 0.019523 0.021291
0 0.783996 0.131396 0.013068 0.015726
0 0.907520 0.989715 0.015148 0.017092
0 0.297629 0.052221 0.016069 0.015606
0 0.278045 0.069628 0.015065 0.016807
0 0.153006 0.367347 0.012052 0.012005
0 0.140452 0.403361 0.011048 0.014406
0 0.083708 0.515606 0.012052 0.013205
0 0.738527 0.534814 0.016069 0.015606
0 0.688813 0.655462 0.013056 0.014406
0 0.651151 0.673469 0.014061 0.016807
0 0.772172 0.166267 0.013056 0.015606
0 0.685298 0.165066 0.016069 0.020408
0 0.067639 0.045018 0.020086 0.020408
0 0.042531 0.072629 0.018078 0.015606
0 0.043033 0.105042 0.017073 0.018007
0 0.069145 0.194478 0.013056 0.019208
0 0.098773 0.270108 0.018078 0.019208
0 0.385005 0.653061 0.012052 0.016807
0 0.365421 0.656062 0.015065 0.013205
0 0.261975 0.718487 0.015065 0.025210
0 0.449282 0.777311 0.012052 0.015606
0 0.591896 0.684874 0.010043 0.015606
0 0.791254 0.770708 0.015065 0.021609
0 0.885158 0.656062 0.018078 0.018007
0 0.715427 0.045618 0.020086 0.019208