0 0.482838 0.481784 0.017435 0.020122
0 0.484224 0.209824 0.020714 0.022772
0 0.014764 0.843165 0.019495 0.025407
0 0.271940 0.742173 0.017041 0.022721
0 0.825798 0.755086 0.023453 0.030562
0 0.985722 0.293315 0.017656 0.022070
0 0.782042 0.212271 0.015695 0.018763
0 0.099861 0.507652 0.017958 0.022561
0 0.098715 0.875378 0.023928 0.028819
0 0.492483 0.412769 0.021057 0.024523
0 0.936386 0.121875 0.018446 0.024680
0 0.507780 0.281354 0.018355 0.020581
0 0.781781 0.491880 0.019220 0.023463
0 0.427358 0.500863 0.021177 0.024233
0 0.880021 0.881462 0.017772 0.021611
0 0.007753 0.030380 0.015506 0.023838
0 0.327389 0.245461 0.019290 0.022555
0 0.925056 0.888686 0.016780 0.022793
0 0.944588 0.770744 0.019228 0.022992
0 0.247085 0.558102 0.019066 0.024741
0 0.139359 0.743936 0.017424 0.022276
0 0.895258 0.421633 0.019880 0.024389
0 0.895339 0.291338 0.022742 0.022804
0 0.622756 0.464382 0.019591 0.023636
0 0.806143 0.457812 0.020401 0.024219
0 0.185368 0.591627 0.018869 0.023905
0 0.786669 0.240128 0.018392 0.022048
0 0.593774 0.103934 0.019983 0.025494
0 0.911197 0.958421 0.019656 0.025819
0 0.636900 0.400484 0.020167 0.024218
0 0.586771 0.612973 0.019221 0.022250
0 0.331870 0.324160 0.016747 0.020481
0 0.876092 0.641407 0.019334 0.023662
0 0.567916 0.837100 0.019248 0.021559
0 0.538731 0.678683 0.018426 0.019599
0 0.139055 0.279540 0.019287 0.024224
0 0.804743 0.738461 0.018714 0.022508
0 0.084235 0.306971 0.020365 0.025524
0 0.073023 0.525538 0.019346 0.023289
0 0.489192 0.150279 0.017885 0.022686
0 0.657421 0.941963 0.019256 0.024278
0 0.907146 0.116808 0.019115 0.027286
0 0.375211 0.323599 0.017791 0.020495
0 0.116759 0.136046 0.017768 0.022509
0 0.526861 0.412535 0.020657 0.024762
0 0.552757 0.658756 0.016192 0.019164
0 0.819078 0.862442 0.017362 0.021414
0 0.027279 0.926865 0.021149 0.023955
0 0.316063 0.267478 0.018721 0.023045
0 0.492603 0.585095 0.018675 0.023332
0 0.453032 0.318865 0.016112 0.021580
0 0.270772 0.603884 0.016440 0.014490
0 0.582258 0.505783 0.017042 0.020743
0 0.171671 0.220336 0.018873 0.021995
0 0.805691 0.881372 0.020384 0.023285
0 0.249646 0.746026 0.014967 0.020392
0 0.373024 0.820866 0.018098 0.024403
0 0.444153 0.674131 0.016817 0.020390
0 0.538749 0.702149 0.018719 0.018738
0 0.313500 0.880142 0.019806 0.023755
0 0.345987 0.302199 0.015776 0.020303
0 0.164446 0.897747 0.020953 0.025273
0 0.315094 0.803466 0.017049 0.020080
0 0.779790 0.382933 0.019941 0.020559
0 0.508109 0.254540 0.015449 0.019543
0 0.843558 0.409089 0.018899 0.025041
0 0.738764 0.139976 0.018334 0.023412
0 0.811211 0.090072 0.016784 0.023868
0 0.316234 0.156861 0.018534 0.021928
0 0.054197 0.420777 0.017271 0.021427
0 0.406046 0.734992 0.018776 0.020479
0 0.609529 0.878402 0.019131 0.024964
0 0.492143 0.238085 0.018421 0.021482
0 0.945865 0.683493 0.019016 0.023487
0 0.856420 0.435319 0.019720 0.022960
0 0.566001 0.083506 0.023663 0.029643
0 0.938998 0.888436 0.012877 0.021449
0 0.321509 0.854344 0.022204 0.022319
0 0.614997 0.156440 0.017965 0.022200
0 0.041404 0.184529 0.019475 0.025768
0 0.939226 0.738858 0.016574 0.021719
0 0.143828 0.336648 0.017261 0.020702
0 0.693296 0.224233 0.017173 0.020651
0 0.346729 0.377947 0.014911 0.020971
0 0.433583 0.543255 0.017451 0.022344
0 0.558493 0.156811 0.016167 0.019682
0 0.222298 0.724246 0.016980 0.021188
0 0.228827 0.886534 0.023820 0.024036
0 0.682589 0.197562 0.017350 0.021531
0 0.147377 0.512309 0.018739 0.025368
0 0.499188 0.503731 0.015461 0.019269
0 0.580477 0.189985 0.015750 0.018882
0 0.484956 0.261785 0.014578 0.019561
0 0.278045 0.579832 0.013056 0.012005