0 0.705406 0.272874 0.015480 0.021548
0 0.558258 0.528701 0.024640 0.034195
0 0.215661 0.324686 0.021136 0.027891
0 0.958450 0.815698 0.015121 0.019747
0 0.722085 0.255195 0.015179 0.020876
0 0.451733 0.454792 0.015658 0.020321
0 0.232226 0.369521 0.017470 0.023262
0 0.068316 0.380263 0.017872 0.021093
0 0.510674 0.455724 0.016230 0.020786
0 0.380715 0.958043 0.019062 0.024341
0 0.945406 0.331276 0.017928 0.019794
0 0.166935 0.022128 0.017057 0.021993
0 0.689979 0.715071 0.017984 0.020020
0 0.682938 0.124345 0.016068 0.020093
0 0.622421 0.061223 0.017186 0.021432
0 0.432095 0.754326 0.016085 0.020367
0 0.316916 0.556418 0.018474 0.021985
0 0.267500 0.703666 0.014603 0.020792
0 0.249693 0.388839 0.017890 0.021248
0 0.380349 0.666569 0.016621 0.019831
0 0.942263 0.883952 0.014375 0.018213
0 0.946086 0.457430 0.015394 0.018667
0 0.361662 0.469571 0.015528 0.019412
0 0.677101 0.961748 0.016249 0.021162
0 0.306839 0.580298 0.016841 0.020015
0 0.294069 0.560914 0.015479 0.020942
0 0.404166 0.236612 0.017846 0.022641
0 0.240173 0.317019 0.018435 0.024489
0 0.948985 0.846297 0.014125 0.017395
0 0.840767 0.780101 0.017539 0.020874
0 0.414533 0.888019 0.018018 0.022311
0 0.705183 0.696386 0.015718 0.020262
0 0.146275 0.113817 0.015683 0.019621
0 0.150849 0.446043 0.016856 0.022586
0 0.735458 0.984865 0.018366 0.019352
0 0.372505 0.048143 0.014122 0.017763
0 0.703468 0.738550 0.015322 0.020175
0 0.074795 0.177524 0.016487 0.020294
0 0.927290 0.773180 0.014505 0.017579
0 0.856280 0.572174 0.019522 0.023387
0 0.684446 0.286646 0.014595 0.020252
0 0.961168 0.690100 0.015620 0.019113
0 0.549685 0.445362 0.014762 0.018661
0 0.433889 0.244200 0.015375 0.018539
0 0.905450 0.471429 0.020119 0.023399
0 0.416489 0.552139 0.018059 0.022837
0 0.598739 0.186326 0.017207 0.020760
0 0.559476 0.321346 0.018498 0.023626
0 0.633977 0.769925 0.017165 0.019723
0 0.220104 0.722809 0.016225 0.020714
0 0.087148 0.279858 0.015739 0.016158
0 0.111437 0.383559 0.015892 0.021890
0 0.338054 0.290983 0.016980 0.020967
0 0.136569 0.365838 0.018276 0.023845
0 0.431943 0.015636 0.015717 0.019945
0 0.903576 0.775302 0.017334 0.021570
0 0.262266 0.665887 0.018119 0.022082
0 0.349613 0.736367 0.021056 0.022173
0 0.700392 0.765509 0.014924 0.019207
0 0.358234 0.830118 0.015877 0.020150
0 0.217707 0.452490 0.017073 0.021084
0 0.942934 0.806130 0.013883 0.017622
0 0.717972 0.756752 0.015182 0.020400
0 0.348963 0.545703 0.015812 0.020324
0 0.425761 0.151524 0.018399 0.021319
0 0.438587 0.623054 0.017561 0.022525
0 0.302155 0.050901 0.017006 0.021791
0 0.922292 0.987859 0.017059 0.019232
0 0.792161 0.556223 0.014893 0.019900
0 0.490494 0.461997 0.014834 0.020338
0 0.796147 0.822927 0.020477 0.023822
0 0.327219 0.108170 0.017828 0.021097
0 0.415708 0.092527 0.017942 0.022451
0 0.090568 0.254553 0.016287 0.018835
0 0.254289 0.524544 0.017569 0.021492
0 0.937012 0.270972 0.017036 0.020408
0 0.434115 0.395438 0.015443 0.020106
0 0.905031 0.732311 0.015006 0.019754
0 0.693469 0.058428 0.016917 0.019876
0 0.559590 0.981067 0.015983 0.017842
0 0.141437 0.571242 0.017945 0.022606
0 0.387596 0.842171 0.016517 0.019861
0 0.957422 0.356139 0.017076 0.020955
0 0.604724 0.859725 0.017197 0.022134
0 0.294258 0.134004 0.015973 0.021438
0 0.298300 0.287956 0.017842 0.023884
0 0.781722 0.456626 0.018194 0.024453
0 0.982661 0.795107 0.013223 0.018172
0 0.476685 0.305922 0.015412 0.019930
0 0.424233 0.469840 0.015535 0.018341
0 0.282940 0.701163 0.014585 0.020119
0 0.350635 0.809744 0.016191 0.018937
0 0.728666 0.588755 0.019544 0.024443
0 0.859496 0.526386 0.015939 0.018332
0 0.368527 0.445865 0.018641 0.020971
0 0.963722 0.713708 0.014222 0.017718
0 0.955613 0.308984 0.016455 0.020874
0 0.753918 0.653868 0.015837 0.019508
0 0.961597 0.968572 0.016544 0.024705
0 0.138933 0.690929 0.016469 0.020177
0 0.426231 0.337326 0.014970 0.019189
0 0.267355 0.117301 0.015531 0.019663
0 0.902734 0.167467 0.019082 0.022809
0 0.625540 0.412965 0.015065 0.024010
0 0.240885 0.021609 0.015065 0.019208
0 0.045042 0.384154 0.015065 0.019208