0 0.628676 0.327955 0.019905 0.025576
0 0.155276 0.891995 0.019414 0.024148
0 0.767578 0.857982 0.024426 0.030112
0 0.911791 0.883196 0.017138 0.021284
0 0.232705 0.553713 0.018648 0.023888
0 0.007153 0.265445 0.014306 0.022885
0 0.146151 0.922241 0.016837 0.021882
0 0.327108 0.217016 0.019731 0.023979
0 0.283227 0.574227 0.016026 0.021144
0 0.771924 0.234050 0.016865 0.020903
0 0.974260 0.290880 0.017566 0.022001
0 0.865409 0.331252 0.017324 0.022248
0 0.208587 0.741803 0.018531 0.021104
0 0.085744 0.504318 0.019471 0.023200
0 0.235145 0.737327 0.015811 0.025569
0 0.867833 0.873634 0.017195 0.019755
0 0.654004 0.275421 0.022508 0.023142
0 0.323727 0.409971 0.015085 0.018815
0 0.901993 0.713914 0.022245 0.023637
0 0.302188 0.333522 0.017612 0.022209
0 0.051221 0.838051 0.015872 0.019954
0 0.927962 0.398895 0.018154 0.022462
0 0.969263 0.016253 0.018313 0.024953
0 0.718880 0.349584 0.018464 0.022267
0 0.859965 0.261278 0.020611 0.023977
0 0.326659 0.119844 0.017116 0.022630
0 0.787148 0.254629 0.019591 0.024593
0 0.677574 0.288637 0.016281 0.020415
0 0.293502 0.903715 0.017478 0.022082
0 0.610705 0.014820 0.016749 0.022344
0 0.430029 0.291704 0.018474 0.022395
0 0.368655 0.044954 0.018641 0.022889
0 0.314986 0.241279 0.016126 0.019049
0 0.310443 0.278353 0.014804 0.017991
0 0.274391 0.011057 0.017673 0.018919
0 0.169204 0.747351 0.016974 0.020849
0 0.096125 0.566551 0.016686 0.020292
0 0.164665 0.848676 0.021141 0.029321
0 0.083648 0.872927 0.015410 0.019213
0 0.124755 0.906962 0.018096 0.023411
0 0.549108 0.147653 0.014025 0.015710
0 0.519434 0.404838 0.017135 0.022923
0 0.028684 0.962484 0.017343 0.023746
0 0.662568 0.182428 0.016473 0.020464
0 0.042661 0.413129 0.017588 0.020783
0 0.634891 0.028428 0.020394 0.022537
0 0.584619 0.269407 0.016749 0.020970
0 0.008067 0.729511 0.016023 0.020468
0 0.636269 0.297638 0.015167 0.016546
0 0.383304 0.361584 0.017481 0.020584
0 0.055372 0.218984 0.019304 0.023567
0 0.384296 0.485026 0.018558 0.021504
0 0.543031 0.656543 0.013959 0.018827
0 0.489654 0.844303 0.019419 0.024702
0 0.865174 0.624264 0.018704 0.022614
0 0.462301 0.023483 0.017492 0.023684
0 0.121566 0.280877 0.016801 0.022178
0 0.426510 0.560360 0.017341 0.020694
0 0.790651 0.870880 0.017631 0.023203
0 0.264676 0.653965 0.017278 0.020804
0 0.070631 0.297143 0.020051 0.023871
0 0.335069 0.478919 0.017694 0.021668
0 0.550666 0.171559 0.016818 0.020460
0 0.307157 0.716836 0.016038 0.018410
0 0.314467 0.387567 0.017367 0.019505
0 0.768802 0.206756 0.018337 0.020442
0 0.943657 0.495838 0.016570 0.021729
0 0.297521 0.255946 0.017707 0.019814
0 0.662291 0.581275 0.018063 0.021634
0 0.922202 0.481525 0.017207 0.019702
0 0.799776 0.080741 0.016320 0.018692
0 0.427811 0.666377 0.015967 0.021019
0 0.215791 0.058444 0.015058 0.019393
0 0.144928 0.268043 0.019215 0.023702
0 0.420040 0.346804 0.018661 0.023430
0 0.930148 0.219117 0.018476 0.021083
0 0.123442 0.798264 0.016604 0.021290
0 0.505232 0.660975 0.016447 0.020991
0 0.329031 0.292900 0.014994 0.018884
0 0.028422 0.176008 0.018173 0.025486
0 0.242806 0.455225 0.018090 0.021920
0 0.600138 0.150580 0.015283 0.018740
0 0.283603 0.746476 0.016414 0.021812
0 0.050187 0.134957 0.015558 0.017703
0 0.436078 0.113075 0.017109 0.021827
0 0.632069 0.505402 0.014061 0.016807
0 0.826405 0.236495 0.015065 0.019208
0 0.879132 0.426771 0.016069 0.022809
0 0.935374 0.677671 0.014061 0.018007
0 0.821886 0.983193 0.020086 0.016807
0 0.086721 0.956182 0.014061 0.015606
0 0.538666 0.876351 0.020086 0.021609
0 0.541177 0.851140 0.015065 0.019208
0 0.260971 0.741897 0.017073 0.019208
0 0.262980 0.572029 0.013056 0.020408
0 0.301144 0.149460 0.015065 0.015606
0 0.177110 0.085234 0.016069 0.014406
0 0.134426 0.094238 0.015065 0.018007
0 0.058600 0.175870 0.022095 0.025210