0 0.629964 0.946251 0.018911 0.024806
0 0.286920 0.018964 0.017437 0.021212
0 0.281899 0.384791 0.019485 0.024442
0 0.224016 0.905480 0.017015 0.021537
0 0.482796 0.135213 0.019557 0.025674
0 0.036487 0.933974 0.016761 0.021598
0 0.541483 0.573983 0.014780 0.020021
0 0.795299 0.608446 0.017185 0.021748
0 0.066594 0.040153 0.017625 0.020740
0 0.117177 0.492640 0.016722 0.015291
0 0.129950 0.233311 0.018274 0.022662
0 0.490239 0.851948 0.019683 0.023197
0 0.008236 0.654040 0.015951 0.020804
0 0.766184 0.188178 0.017846 0.023901
0 0.387740 0.830350 0.018675 0.025611
0 0.123557 0.166909 0.019981 0.024786
0 0.215925 0.951467 0.014931 0.021425
0 0.981751 0.678286 0.017521 0.022431
0 0.619184 0.642444 0.015242 0.020169
0 0.831264 0.530689 0.017804 0.021976
0 0.805857 0.257182 0.016861 0.021868
0 0.687460 0.133578 0.019099 0.024213
0 0.386204 0.086399 0.014075 0.020475
0 0.252029 0.469532 0.020125 0.024254
0 0.739996 0.918734 0.016811 0.021192
0 0.208456 0.259163 0.016291 0.019754
0 0.192877 0.945969 0.015954 0.021983
0 0.511754 0.967238 0.023293 0.031242
0 0.477071 0.887074 0.018286 0.021630
0 0.832259 0.563616 0.015866 0.020294
0 0.302757 0.825688 0.016974 0.021832
0 0.567106 0.087987 0.015640 0.021384
0 0.449949 0.027531 0.018243 0.020645
0 0.096656 0.419847 0.019392 0.022206
0 0.842558 0.507149 0.017959 0.022228
0 0.817675 0.867954 0.017051 0.021796
0 0.075217 0.492417 0.017920 0.021370
0 0.839541 0.872415 0.014884 0.020657
0 0.007214 0.574421 0.014380 0.021522
0 0.308513 0.025974 0.016643 0.015026
0 0.739277 0.082142 0.013434 0.017614
0 0.324612 0.810529 0.014993 0.018686
0 0.646835 0.069136 0.016564 0.021033
0 0.251508 0.959955 0.014913 0.019787
0 0.538323 0.948037 0.015149 0.020042
0 0.944957 0.504817 0.017597 0.021172
0 0.240788 0.499150 0.019067 0.023730
0 0.650950 0.675230 0.017439 0.020912
0 0.934282 0.891813 0.014982 0.019366
0 0.652598 0.338384 0.015546 0.020254
0 0.224559 0.870717 0.016926 0.022475
0 0.079167 0.924641 0.017196 0.022329
0 0.190017 0.870052 0.015832 0.020497
0 0.041571 0.070966 0.017217 0.021324
0 0.831201 0.906047 0.011861 0.014535
0 0.452321 0.259950 0.018514 0.023813
0 0.716398 0.908517 0.017419 0.020477
0 0.436810 0.123855 0.016281 0.020866
0 0.785810 0.654301 0.016325 0.021175
0 0.030726 0.129480 0.017104 0.020036
0 0.465617 0.675163 0.016992 0.021454
0 0.065961 0.074963 0.015748 0.020092
0 0.168806 0.719485 0.016165 0.021632
0 0.426462 0.008408 0.013957 0.014429
0 0.368548 0.641319 0.015168 0.019175
0 0.752503 0.051693 0.017405 0.019745
0 0.012706 0.329603 0.013287 0.017644
0 0.968033 0.237465 0.018367 0.023460
0 0.747341 0.833880 0.017847 0.023451
0 0.770405 0.962361 0.016820 0.021669
0 0.274539 0.498143 0.017471 0.023656
0 0.178676 0.972063 0.015093 0.017899
0 0.151970 0.150684 0.016643 0.019843
0 0.818061 0.894257 0.015354 0.021201
0 0.585273 0.656968 0.017793 0.020207
0 0.721016 0.523920 0.017232 0.021894
0 0.518268 0.290777 0.018609 0.023738
0 0.805670 0.403841 0.017416 0.021424
0 0.905927 0.137740 0.016387 0.022150
0 0.217517 0.227352 0.016394 0.021278
0 0.420136 0.650108 0.015714 0.021245
0 0.581664 0.056721 0.014832 0.018675
0 0.533720 0.436249 0.017354 0.020899
0 0.809322 0.673732 0.016081 0.019814
0 0.831704 0.928746 0.014496 0.017425
0 0.802052 0.983086 0.014991 0.019055
0 0.713320 0.946732 0.016621 0.024019
0 0.386532 0.778267 0.018936 0.023907
0 0.005574 0.094794 0.011148 0.020012
0 0.089225 0.848207 0.018080 0.020700
0 0.779221 0.746811 0.016732 0.020878
0 0.643256 0.101706 0.013991 0.016882
0 0.575564 0.322219 0.016861 0.021773
0 0.805104 0.731976 0.018024 0.021347
0 0.318204 0.096156 0.016348 0.024225
0 0.818958 0.970274 0.015550 0.019862
0 0.758950 0.938553 0.016007 0.019867
0 0.819978 0.016961 0.017513 0.022094
0 0.687824 0.661327 0.016938 0.022069
0 0.748810 0.565276 0.016338 0.021151
0 0.018749 0.714189 0.015039 0.018520
0 0.941426 0.844526 0.019822 0.023421
0 0.465352 0.336170 0.014067 0.016449
0 0.463570 0.866242 0.014714 0.018480
0 0.016287 0.893975 0.015430 0.018328
0 0.662067 0.600686 0.016772 0.021669
0 0.112598 0.542702 0.016050 0.021851
0 0.026824 0.205977 0.013432 0.018595
0 0.306668 0.053421 0.018078 0.013205
0 0.051067 0.109844 0.017073 0.015606
0 0.704380 0.578031 0.016069 0.015606
0 0.736016 0.588836 0.015065 0.018007
0 0.516069 0.580432 0.013056 0.015606
0 0.627047 0.337335 0.016069 0.016807
0 0.212261 0.981993 0.018078 0.019208
0 0.114340 0.680672 0.015065 0.016807
0 0.102790 0.472989 0.018078 0.016807
0 0.651151 0.792317 0.016069 0.016807