0 0.320467 0.856083 0.021060 0.022610
0 0.441880 0.551223 0.017078 0.022952
0 0.452032 0.013412 0.019209 0.021594
0 0.925701 0.889189 0.015329 0.023756
0 0.873298 0.793691 0.022273 0.029488
0 0.874408 0.446574 0.019555 0.022143
0 0.787379 0.240192 0.018175 0.022019
0 0.527896 0.439523 0.022915 0.024726
0 0.271947 0.742566 0.016880 0.023761
0 0.099164 0.873819 0.022664 0.027250
0 0.139530 0.743683 0.018416 0.024147
0 0.473018 0.549692 0.020790 0.025468
0 0.852266 0.780633 0.016475 0.022404
0 0.100995 0.507113 0.019459 0.024188
0 0.494058 0.212772 0.022033 0.022491
0 0.662660 0.929715 0.019967 0.024778
0 0.496630 0.237666 0.017494 0.020651
0 0.806432 0.875059 0.020645 0.026099
0 0.114097 0.553783 0.019228 0.025087
0 0.623548 0.128555 0.021396 0.026038
0 0.452575 0.318995 0.016346 0.021877
0 0.876568 0.640799 0.019403 0.023838
0 0.781695 0.213122 0.015383 0.018802
0 0.415684 0.853780 0.019205 0.023766
0 0.529618 0.410341 0.021690 0.023287
0 0.540844 0.621069 0.018925 0.023128
0 0.943829 0.685223 0.017461 0.022190
0 0.240544 0.629854 0.020509 0.025078
0 0.349914 0.829280 0.017707 0.020663
0 0.489893 0.150578 0.018876 0.023144
0 0.625059 0.651700 0.019032 0.022965
0 0.510300 0.255459 0.015250 0.019188
0 0.660596 0.504770 0.020004 0.023462
0 0.247255 0.558521 0.019616 0.025647
0 0.085007 0.307148 0.021302 0.025924
0 0.880800 0.880980 0.018670 0.022622
0 0.908832 0.116035 0.020111 0.026513
0 0.361843 0.342105 0.017096 0.020257
0 0.312623 0.157585 0.019287 0.022745
0 0.895013 0.421954 0.020427 0.024145
0 0.211295 0.255387 0.020111 0.023013
0 0.832564 0.886569 0.017842 0.023955
0 0.327327 0.244694 0.019156 0.022577
0 0.139666 0.278823 0.019587 0.024500
0 0.078729 0.971776 0.020637 0.024379
0 0.483441 0.483203 0.017250 0.021226
0 0.249018 0.746371 0.016104 0.021131
0 0.838969 0.497539 0.019931 0.022135
0 0.989175 0.293033 0.017609 0.021495
0 0.374987 0.321677 0.016913 0.020352
0 0.345663 0.299551 0.016713 0.021572
0 0.164858 0.897143 0.021638 0.027046
0 0.708695 0.985744 0.017511 0.020219
0 0.813691 0.090514 0.016075 0.021186
0 0.965258 0.151334 0.019588 0.023881
0 0.824219 0.530106 0.019688 0.023424
0 0.558308 0.693811 0.017795 0.023830
0 0.669506 0.435311 0.018287 0.023996
0 0.336849 0.878182 0.020073 0.024575
0 0.978374 0.771053 0.015994 0.017595
0 0.779308 0.384467 0.018451 0.019414
0 0.054051 0.421311 0.018159 0.022518
0 0.059217 0.881098 0.019120 0.023488
0 0.613623 0.885527 0.019856 0.024235
0 0.614062 0.156191 0.015900 0.018443
0 0.970319 0.795674 0.017494 0.022168
0 0.773979 0.170684 0.017841 0.020556
0 0.716145 0.211510 0.018202 0.023155
0 0.316769 0.268097 0.018988 0.023481
0 0.731458 0.025263 0.018074 0.021677
0 0.545499 0.314486 0.016904 0.020990
0 0.277565 0.579227 0.015018 0.017949
0 0.450985 0.676233 0.021098 0.020926
0 0.523338 0.525318 0.014582 0.018418
0 0.558718 0.157477 0.014930 0.018723
0 0.893396 0.466452 0.017829 0.023325
0 0.381246 0.412448 0.018553 0.022936
0 0.898574 0.288508 0.021653 0.024642
0 0.041769 0.186160 0.023183 0.024483
0 0.626833 0.551715 0.017054 0.021589
0 0.407725 0.735173 0.017410 0.020753
0 0.119149 0.136621 0.018407 0.022690
0 0.552843 0.653799 0.016686 0.020509
0 0.565757 0.080961 0.025109 0.027676
0 0.288643 0.596629 0.017245 0.022499
0 0.229218 0.886492 0.023233 0.024836
0 0.536317 0.699699 0.016327 0.020767
0 0.740353 0.253619 0.017518 0.021379
0 0.191024 0.375878 0.017233 0.021616
0 0.217970 0.738092 0.016403 0.021807
0 0.104080 0.011170 0.021478 0.021288
0 0.160405 0.524812 0.016987 0.026847
0 0.626619 0.231943 0.015530 0.019711
0 0.896342 0.900648 0.016686 0.019513
0 0.487249 0.259314 0.014818 0.019177
0 0.405052 0.343256 0.012765 0.015663
0 0.941400 0.889556 0.012052 0.014406