0 0.233151 0.555101 0.019463 0.023210
0 0.007456 0.198134 0.014911 0.023409
0 0.912076 0.883779 0.017218 0.020874
0 0.790516 0.203342 0.018232 0.026158
0 0.861093 0.256618 0.017173 0.020808
0 0.782854 0.839244 0.021637 0.026728
0 0.235958 0.741883 0.015411 0.022349
0 0.153511 0.896516 0.019436 0.024072
0 0.183708 0.888548 0.019706 0.023218
0 0.691340 0.850767 0.020497 0.024808
0 0.279469 0.312194 0.018403 0.022159
0 0.326089 0.156657 0.018631 0.022732
0 0.981074 0.292910 0.017448 0.021656
0 0.875600 0.873821 0.015615 0.019645
0 0.343205 0.944382 0.017900 0.022279
0 0.267883 0.637927 0.016685 0.023127
0 0.810000 0.246694 0.016956 0.021027
0 0.346009 0.312591 0.015322 0.020345
0 0.126456 0.191107 0.016697 0.018244
0 0.675614 0.216372 0.015873 0.022441
0 0.008413 0.876884 0.015681 0.018290
0 0.985569 0.894826 0.016452 0.019927
0 0.693077 0.235187 0.017080 0.021443
0 0.418899 0.187815 0.017005 0.020746
0 0.629260 0.264673 0.016244 0.022695
0 0.210443 0.736777 0.018451 0.021473
0 0.789469 0.868917 0.017975 0.022406
0 0.316427 0.041331 0.017964 0.022605
0 0.275088 0.434265 0.017641 0.021223
0 0.520855 0.406506 0.016755 0.021057
0 0.086530 0.505056 0.020725 0.022537
0 0.118842 0.230967 0.018923 0.024351
0 0.057557 0.164268 0.015658 0.020319
0 0.294136 0.714455 0.017175 0.021517
0 0.418805 0.035485 0.015825 0.019279
0 0.124120 0.908068 0.018301 0.023852
0 0.154723 0.030321 0.017148 0.019173
0 0.367648 0.267127 0.018524 0.022777
0 0.121632 0.731368 0.023808 0.027046
0 0.643618 0.473111 0.015718 0.019071
0 0.836031 0.506569 0.022004 0.023790
0 0.812206 0.181881 0.019537 0.022151
0 0.631380 0.110833 0.015881 0.018672
0 0.035159 0.822730 0.018051 0.023054
0 0.539034 0.758178 0.017631 0.022182
0 0.539209 0.651888 0.015246 0.018014
0 0.047511 0.414507 0.018161 0.021492
0 0.653280 0.260767 0.019743 0.030951
0 0.124549 0.795529 0.016771 0.021497
0 0.116101 0.043197 0.014887 0.017179
0 0.786807 0.057670 0.016499 0.021467
0 0.051069 0.684660 0.016491 0.019501
0 0.870393 0.099798 0.017840 0.020853
0 0.551515 0.148397 0.013802 0.017093
0 0.773825 0.233284 0.016666 0.018460
0 0.138174 0.651597 0.017167 0.019447
0 0.299836 0.153818 0.014130 0.018563
0 0.276514 0.614109 0.016713 0.017789
0 0.411299 0.469286 0.016622 0.020488
0 0.052434 0.089952 0.014699 0.018806
0 0.480443 0.781426 0.016878 0.021586
0 0.482602 0.493538 0.017357 0.019171
0 0.038314 0.896993 0.018170 0.020037
0 0.769178 0.205389 0.015299 0.022851
0 0.082202 0.872749 0.011048 0.016807
0 0.323239 0.409964 0.013056 0.020408
0 0.344832 0.374550 0.014061 0.016807
0 0.338304 0.399160 0.015065 0.020408
0 0.307672 0.390156 0.016069 0.016807
0 0.104799 0.414166 0.018078 0.014406
0 0.239378 0.442377 0.016069 0.015606
0 0.261473 0.568427 0.016069 0.018007
0 0.243395 0.581032 0.014061 0.016807
0 0.429697 0.669868 0.015065 0.016807
0 0.474390 0.684874 0.014061 0.015606
0 0.496485 0.681873 0.014061 0.019208
0 0.881141 0.424970 0.016069 0.024010
0 0.557246 0.198679 0.017073 0.018007
0 0.641107 0.300720 0.014061 0.015606
0 0.949937 0.230492 0.017073 0.016807
0 0.892188 0.356543 0.014061 0.016807
0 0.908760 0.396759 0.015065 0.018007
0 0.869591 0.626050 0.017073 0.018007
0 0.813851 0.689676 0.020086 0.025210
0 0.932863 0.684274 0.019082 0.024010
0 0.953954 0.806723 0.015065 0.016807
0 0.962993 0.838535 0.015065 0.018007
0 0.491463 0.105042 0.018078 0.018007
0 0.065128 0.200480 0.019082 0.021609
0 0.295620 0.285114 0.016069 0.015606
0 0.304659 0.259904 0.018078 0.020408
0 0.313698 0.236495 0.020086 0.019208
0 0.329265 0.291717 0.013056 0.014406
0 0.080193 0.948980 0.017073 0.015606
0 0.044037 0.960384 0.017073 0.021609
0 0.265993 0.743097 0.019082 0.021609
0 0.639099 0.512605 0.016069 0.016807
0 0.603445 0.148860 0.015065 0.019208
0 0.820881 0.222689 0.020086 0.015606
0 0.304157 0.423169 0.015065 0.018007
0 0.029475 0.180072 0.016069 0.024010