0 0.705460 0.272825 0.015476 0.020873
0 0.216738 0.324032 0.020770 0.028282
0 0.558707 0.529410 0.024704 0.033502
0 0.510380 0.460004 0.015841 0.020765
0 0.709878 0.706684 0.016141 0.018746
0 0.700000 0.764877 0.015148 0.020173
0 0.945232 0.332711 0.017911 0.021118
0 0.902599 0.774029 0.018359 0.022081
0 0.960149 0.690482 0.017126 0.020562
0 0.404229 0.237400 0.017991 0.023004
0 0.404809 0.977300 0.018615 0.020765
0 0.972038 0.813192 0.014903 0.019903
0 0.722743 0.255050 0.015343 0.020879
0 0.460860 0.470570 0.015968 0.019999
0 0.239706 0.316130 0.018276 0.024982
0 0.978262 0.859885 0.013678 0.017194
0 0.150581 0.444998 0.016044 0.022136
0 0.066967 0.383627 0.019319 0.024783
0 0.682691 0.124180 0.016263 0.020520
0 0.249589 0.388464 0.018041 0.020617
0 0.232700 0.367919 0.017539 0.024684
0 0.719303 0.760057 0.015487 0.021203
0 0.166447 0.021785 0.017618 0.022493
0 0.126948 0.387977 0.016751 0.019553
0 0.433166 0.753827 0.017395 0.020780
0 0.380885 0.664880 0.016899 0.019523
0 0.295833 0.128593 0.016646 0.022616
0 0.855944 0.571635 0.019617 0.021944
0 0.559588 0.322147 0.018994 0.024587
0 0.357395 0.829995 0.016037 0.019718
0 0.338574 0.289880 0.016913 0.020454
0 0.349579 0.736654 0.021228 0.021396
0 0.084619 0.183023 0.016527 0.020931
0 0.598690 0.185966 0.018163 0.020880
0 0.442519 0.397914 0.017817 0.021332
0 0.389935 0.841984 0.016965 0.020898
0 0.413859 0.090338 0.021416 0.026731
0 0.702915 0.738310 0.015655 0.021108
0 0.904390 0.735370 0.016210 0.020015
0 0.434536 0.244675 0.015118 0.018901
0 0.254699 0.525085 0.018203 0.022312
0 0.622237 0.061960 0.018344 0.023501
0 0.676591 0.965590 0.015820 0.020358
0 0.416824 0.549822 0.019310 0.023595
0 0.550094 0.444442 0.015121 0.018715
0 0.426068 0.151176 0.017746 0.021359
0 0.379242 0.457072 0.018307 0.024295
0 0.473566 0.303748 0.017334 0.021954
0 0.298416 0.287352 0.018096 0.022996
0 0.520031 0.742934 0.015328 0.019040
0 0.646608 0.425351 0.014928 0.019870
0 0.445029 0.015861 0.015906 0.018403
0 0.090875 0.277969 0.014156 0.016708
0 0.926551 0.772897 0.015377 0.020007
0 0.490766 0.461632 0.014344 0.019197
0 0.146041 0.113869 0.016498 0.020613
0 0.780666 0.454578 0.019829 0.024579
0 0.099519 0.258731 0.015865 0.018065
0 0.147173 0.697692 0.017559 0.020877
0 0.328195 0.108863 0.018548 0.021595
0 0.217830 0.449280 0.017871 0.021134
0 0.948517 0.283749 0.017521 0.019275
0 0.604284 0.860633 0.018099 0.023223
0 0.685158 0.286271 0.015508 0.020984
0 0.302805 0.051907 0.018378 0.022667
0 0.221235 0.720379 0.016955 0.021583
0 0.261758 0.667010 0.017015 0.019804
0 0.413266 0.886891 0.017900 0.023012
0 0.692811 0.058736 0.016243 0.019379
0 0.438333 0.624208 0.017808 0.024077
0 0.796932 0.822344 0.021273 0.024570
0 0.283074 0.721694 0.015302 0.019686
0 0.426770 0.336259 0.015668 0.018996
0 0.135672 0.364535 0.019019 0.022455
0 0.881770 0.530592 0.016330 0.018695
0 0.975605 0.705064 0.014149 0.018983
0 0.350811 0.809002 0.016231 0.017958
0 0.423530 0.469367 0.015050 0.018148
0 0.754708 0.652442 0.016460 0.022641
0 0.654312 0.794310 0.015668 0.020340
0 0.855294 0.798156 0.018094 0.021554
0 0.688996 0.713990 0.017321 0.020623
0 0.957686 0.822479 0.013975 0.019677
0 0.535137 0.535552 0.014881 0.018360
0 0.361426 0.469697 0.015505 0.018870
0 0.144422 0.565940 0.016210 0.021401
0 0.966006 0.897959 0.017073 0.021609
0 0.993799 0.800120 0.012401 0.020408
0 0.754596 0.606843 0.024104 0.022809
0 0.790752 0.562425 0.014061 0.025210
0 0.966006 0.318127 0.019082 0.019208
0 0.987097 0.359544 0.017073 0.020408
0 0.396555 0.052821 0.017073 0.019208
0 0.933868 0.480792 0.017073 0.022809
0 0.045042 0.380552 0.013056 0.021609
0 0.560259 0.988595 0.017073 0.022809
0 0.243898 0.037815 0.013056 0.018007
0 0.317213 0.556423 0.017073 0.020408
0 0.308174 0.581633 0.017073 0.022809
0 0.944413 0.456182 0.018078 0.016807
0 0.906249 0.169268 0.018078 0.021609