0 0.235333 0.553382 0.019047 0.025189
0 0.913906 0.883639 0.017034 0.021288
0 0.092691 0.290216 0.017182 0.022495
0 0.236530 0.741406 0.016277 0.020742
0 0.146431 0.921529 0.017245 0.020659
0 0.382851 0.285505 0.019370 0.025749
0 0.111067 0.934849 0.016944 0.021159
0 0.741669 0.091507 0.018618 0.023147
0 0.478265 0.022483 0.017670 0.021181
0 0.051821 0.342076 0.017298 0.021521
0 0.867755 0.366161 0.020393 0.025741
0 0.872559 0.873982 0.016504 0.020465
0 0.124044 0.909836 0.017218 0.020708
0 0.796951 0.872578 0.019126 0.023386
0 0.044711 0.415030 0.017084 0.020841
0 0.709782 0.339087 0.018320 0.028156
0 0.387847 0.191957 0.018765 0.023252
0 0.208328 0.740842 0.016331 0.018428
0 0.250733 0.164711 0.017684 0.021382
0 0.384638 0.370358 0.019307 0.024228
0 0.017515 0.233699 0.017715 0.022969
0 0.636194 0.299015 0.018178 0.022363
0 0.770602 0.208647 0.017504 0.019039
0 0.442320 0.313967 0.016706 0.020955
0 0.525223 0.719892 0.019456 0.021638
0 0.975902 0.299204 0.019135 0.021430
0 0.124705 0.281715 0.018790 0.023238
0 0.879072 0.588812 0.020323 0.024311
0 0.773158 0.607707 0.019991 0.024779
0 0.776124 0.232293 0.018049 0.022049
0 0.155633 0.889036 0.018583 0.025125
0 0.446488 0.117569 0.018037 0.022229
0 0.405540 0.660330 0.018318 0.022129
0 0.829197 0.990275 0.018309 0.017094
0 0.660931 0.290715 0.016546 0.021816
0 0.029630 0.179455 0.016619 0.020449
0 0.088080 0.504886 0.020432 0.023700
0 0.763948 0.431823 0.016820 0.021116
0 0.782559 0.808187 0.015908 0.021332
0 0.388033 0.483844 0.015304 0.018354
0 0.342484 0.804711 0.017237 0.021325
0 0.512651 0.517007 0.017593 0.023148
0 0.519966 0.092506 0.017644 0.022267
0 0.263124 0.737789 0.015500 0.019955
0 0.248171 0.457456 0.017928 0.023199
0 0.321703 0.266978 0.015327 0.020514
0 0.248417 0.821069 0.018725 0.020977
0 0.971084 0.455601 0.016408 0.020346
0 0.369206 0.870613 0.019346 0.023095
0 0.722250 0.302660 0.016477 0.019924
0 0.320931 0.393233 0.019123 0.022072
0 0.466511 0.479293 0.017020 0.021562
0 0.545299 0.656529 0.017383 0.019678
0 0.530546 0.217217 0.017331 0.022633
0 0.363515 0.077979 0.018468 0.020804
0 0.521666 0.409486 0.017554 0.023347
0 0.667995 0.393470 0.016932 0.021592
0 0.557590 0.149777 0.015145 0.018409
0 0.246776 0.029719 0.020547 0.024630
0 0.162052 0.789780 0.017083 0.021630
0 0.022108 0.766290 0.018286 0.022292
0 0.601053 0.028611 0.018866 0.024543
0 0.715801 0.094985 0.016595 0.021656
0 0.434712 0.677044 0.016207 0.019834
0 0.931412 0.222879 0.016640 0.022957
0 0.191681 0.137945 0.016109 0.018450
0 0.395333 0.927324 0.016198 0.020506
0 0.331493 0.294837 0.014652 0.020248
0 0.310557 0.848545 0.018867 0.025101
0 0.098882 0.181536 0.016118 0.019976
0 0.933702 0.677423 0.018603 0.021065
0 0.304138 0.151395 0.017362 0.021469
0 0.269545 0.573594 0.014108 0.018956
0 0.307557 0.179096 0.015751 0.018412
0 0.885228 0.416141 0.019763 0.021858
0 0.868724 0.627204 0.019096 0.024168
0 0.603214 0.153048 0.015854 0.019402
0 0.043267 0.157095 0.016036 0.017685
0 0.006891 0.205980 0.013781 0.022786
0 0.120563 0.802816 0.015552 0.019931
0 0.315515 0.239904 0.016760 0.018382
0 0.197280 0.348049 0.021709 0.025806
0 0.798265 0.088343 0.016888 0.017458
0 0.051831 0.198587 0.018756 0.023747
0 0.473054 0.254160 0.014544 0.020397
0 0.185142 0.815328 0.015645 0.018580
0 0.298454 0.258990 0.016444 0.024431
0 0.084945 0.865568 0.019556 0.022272
0 0.636354 0.504954 0.018333 0.022631
0 0.888026 0.279090 0.018884 0.020720
0 0.991713 0.245806 0.016322 0.019786
0 0.525359 0.692015 0.017339 0.021097
0 0.073665 0.305522 0.014061 0.020408
0 0.482927 0.710084 0.017073 0.020408
0 0.481922 0.731092 0.019082 0.016807