0 0.837861 0.946624 0.024693 0.029291
0 0.912930 0.883883 0.017315 0.021434
0 0.234295 0.553841 0.019744 0.024972
0 0.147416 0.914650 0.018065 0.022621
0 0.236929 0.740438 0.015684 0.022318
0 0.007644 0.733680 0.015288 0.022069
0 0.194988 0.012056 0.019718 0.021752
0 0.312260 0.039987 0.018635 0.023786
0 0.207748 0.767923 0.017983 0.019453
0 0.685423 0.070124 0.018329 0.024833
0 0.336130 0.250007 0.019574 0.027957
0 0.687478 0.460138 0.019005 0.023632
0 0.912292 0.380248 0.016209 0.020050
0 0.311291 0.276398 0.014956 0.018457
0 0.069682 0.252207 0.018283 0.022162
0 0.122825 0.909330 0.017535 0.023020
0 0.794448 0.871914 0.018324 0.022303
0 0.149950 0.296698 0.021888 0.024838
0 0.932196 0.359644 0.019732 0.023810
0 0.801101 0.081845 0.016873 0.019408
0 0.799655 0.279369 0.020316 0.026239
0 0.976965 0.290591 0.019019 0.024940
0 0.824777 0.988238 0.018989 0.018495
0 0.301278 0.682687 0.017023 0.020115
0 0.775098 0.235257 0.017705 0.021226
0 0.085981 0.505268 0.019596 0.022992
0 0.208846 0.741828 0.017053 0.018869
0 0.045132 0.413336 0.017648 0.021416
0 0.199234 0.937215 0.022028 0.027574
0 0.788754 0.461798 0.019509 0.023800
0 0.411422 0.407589 0.016981 0.021561
0 0.769211 0.210828 0.017961 0.019189
0 0.320124 0.391529 0.018769 0.022715
0 0.556475 0.009073 0.015985 0.015766
0 0.638250 0.298792 0.015863 0.019237
0 0.973472 0.563874 0.017419 0.020831
0 0.873015 0.871381 0.016516 0.019258
0 0.395237 0.076260 0.017619 0.021774
0 0.475745 0.678901 0.017753 0.020640
0 0.349485 0.154165 0.017948 0.021290
0 0.245547 0.456122 0.018070 0.022030
0 0.441803 0.313338 0.017888 0.021431
0 0.326608 0.346281 0.018516 0.022664
0 0.452758 0.412370 0.018796 0.022547
0 0.122365 0.724864 0.014507 0.018712
0 0.649693 0.056935 0.018612 0.021778
0 0.610965 0.325924 0.017114 0.020971
0 0.018746 0.818195 0.015575 0.019096
0 0.714458 0.352175 0.016926 0.021225
0 0.025448 0.296165 0.018836 0.022563
0 0.208711 0.109927 0.017898 0.021654
0 0.072558 0.306493 0.020975 0.025716
0 0.248190 0.124438 0.014650 0.017872
0 0.523302 0.410265 0.016935 0.021688
0 0.480852 0.068439 0.017463 0.021157
0 0.302391 0.151799 0.017035 0.020634
0 0.932958 0.223642 0.018213 0.021170
0 0.338322 0.826501 0.016712 0.021010
0 0.429714 0.667159 0.017407 0.019746
0 0.601912 0.226981 0.018773 0.020712
0 0.834056 0.230220 0.016380 0.024502
0 0.935210 0.678396 0.018169 0.019271
0 0.705550 0.245703 0.015336 0.019277
0 0.714695 0.683001 0.016093 0.020005
0 0.073061 0.149497 0.016993 0.021728
0 0.884357 0.416924 0.019756 0.022967
0 0.524731 0.683519 0.017392 0.022765
0 0.079617 0.896477 0.015816 0.020260
0 0.419212 0.595069 0.017574 0.019885
0 0.124136 0.800158 0.017546 0.022224
0 0.887302 0.893382 0.016761 0.019901
0 0.476424 0.162769 0.018096 0.021341
0 0.556538 0.148733 0.015975 0.018310
0 0.330490 0.295640 0.014618 0.019662
0 0.865159 0.630920 0.016790 0.022744
0 0.532573 0.978649 0.019373 0.019697
0 0.161038 0.886759 0.019939 0.024356
0 0.545412 0.656960 0.017462 0.021443
0 0.030602 0.177045 0.017770 0.022225
0 0.026722 0.886596 0.017634 0.021409
0 0.315264 0.747368 0.016535 0.021637
0 0.116608 0.694021 0.018624 0.021581
0 0.162120 0.108625 0.016123 0.019203
0 0.603559 0.153389 0.016134 0.020335
0 0.343640 0.429064 0.015665 0.018684
0 0.634807 0.505375 0.017181 0.021201
0 0.125452 0.282629 0.019306 0.024951
0 0.363344 0.563936 0.017936 0.020622
0 0.990105 0.593254 0.017528 0.022412
0 0.267490 0.576892 0.015519 0.020153
0 0.088806 0.869469 0.016209 0.020501
0 0.297926 0.256763 0.016760 0.018762
0 0.267541 0.765675 0.017621 0.021554
0 0.267499 0.738295 0.016069 0.016807
0 0.315707 0.242497 0.014061 0.019208
0 0.664207 0.306122 0.016069 0.016807
0 0.586372 0.978391 0.013056 0.016807
0 0.594909 0.961585 0.016069 0.016807