0 0.407415 0.012854 0.014897 0.019612
0 0.262936 0.475135 0.019427 0.025077
0 0.651210 0.670251 0.015536 0.018027
0 0.880996 0.668160 0.016165 0.022606
0 0.491387 0.127784 0.019849 0.023215
0 0.550992 0.385725 0.014807 0.019654
0 0.599238 0.940349 0.015985 0.021705
0 0.867294 0.950237 0.016203 0.020377
0 0.423666 0.023967 0.014357 0.017448
0 0.277155 0.969685 0.019380 0.022843
0 0.339608 0.108255 0.016773 0.021472
0 0.794106 0.348312 0.016650 0.022108
0 0.525525 0.971735 0.021737 0.027297
0 0.819258 0.653729 0.015976 0.021505
0 0.605823 0.371358 0.018990 0.023845
0 0.817432 0.296967 0.019395 0.025306
0 0.784914 0.087356 0.019651 0.025922
0 0.142862 0.238528 0.015329 0.019133
0 0.753717 0.035101 0.017486 0.019329
0 0.889483 0.443213 0.018452 0.021439
0 0.240903 0.426092 0.018016 0.023361
0 0.374176 0.873568 0.019446 0.023446
0 0.821271 0.885072 0.019665 0.023885
0 0.203516 0.814312 0.018579 0.023402
0 0.761856 0.573311 0.017971 0.022333
0 0.015320 0.406642 0.015965 0.021137
0 0.295554 0.391099 0.019055 0.023176
0 0.624090 0.082331 0.019651 0.029588
0 0.767308 0.059026 0.018782 0.022948
0 0.316292 0.012996 0.016817 0.020619
0 0.282786 0.460816 0.017318 0.023109
0 0.039553 0.116717 0.019062 0.023295
0 0.372329 0.977529 0.015859 0.017582
0 0.318925 0.038953 0.014745 0.019449
0 0.304219 0.357855 0.017750 0.021145
0 0.764956 0.612191 0.018246 0.021775
0 0.313088 0.106034 0.016730 0.020737
0 0.395607 0.093262 0.016213 0.020665
0 0.799028 0.662193 0.017314 0.021995
0 0.685184 0.993090 0.017877 0.013820
0 0.747950 0.219196 0.018668 0.022522
0 0.666949 0.688317 0.016392 0.020313
0 0.642794 0.140861 0.018334 0.024779
0 0.038012 0.868259 0.018357 0.022031
0 0.726941 0.828392 0.016693 0.020193
0 0.857992 0.621154 0.018719 0.022168
0 0.945939 0.898545 0.017275 0.020755
0 0.047257 0.556388 0.016986 0.020451
0 0.829805 0.972653 0.017226 0.022491
0 0.302818 0.807431 0.017276 0.021226
0 0.530707 0.388714 0.015996 0.021572
0 0.174118 0.239452 0.018112 0.022773
0 0.041855 0.985272 0.017581 0.019891
0 0.818873 0.991521 0.016342 0.015457
0 0.293395 0.948259 0.016863 0.020374
0 0.221947 0.165464 0.016020 0.020154
0 0.743742 0.535673 0.017500 0.021083
0 0.166736 0.146222 0.017973 0.022358
0 0.088508 0.828580 0.018141 0.022997
0 0.794089 0.290169 0.014641 0.017659
0 0.474788 0.145761 0.016736 0.020676
0 0.245980 0.810601 0.019546 0.024339
0 0.048300 0.938691 0.017099 0.022791
0 0.498263 0.094359 0.016743 0.021444
0 0.082777 0.018072 0.017843 0.019334
0 0.503858 0.392422 0.017487 0.022370
0 0.571480 0.396116 0.016463 0.021095
0 0.877874 0.973983 0.015920 0.019651
0 0.134057 0.214213 0.016333 0.020822
0 0.546282 0.032227 0.016969 0.020707
0 0.532442 0.945534 0.016579 0.019561
0 0.136916 0.970118 0.015360 0.018166
0 0.898575 0.969806 0.014635 0.018318
0 0.063893 0.833259 0.014935 0.018842
0 0.918885 0.507669 0.017362 0.022244
0 0.851213 0.848456 0.017172 0.022082
0 0.690086 0.699290 0.017858 0.023093
0 0.128949 0.494566 0.018295 0.023478
0 0.728772 0.567788 0.016394 0.020401
0 0.901302 0.577743 0.018468 0.021849
0 0.150437 0.062278 0.016950 0.019637
0 0.584122 0.714358 0.016178 0.019767
0 0.959760 0.432167 0.018335 0.021837
0 0.231565 0.993193 0.017377 0.013613
0 0.787720 0.900790 0.019283 0.022810
0 0.544721 0.439790 0.016264 0.021151
0 0.261813 0.845042 0.018760 0.021476
0 0.894928 0.936404 0.017332 0.020784
0 0.587769 0.262135 0.018018 0.021854
0 0.232112 0.235742 0.017786 0.022597
0 0.246359 0.940461 0.016651 0.020103
0 0.578066 0.896995 0.018229 0.022118
0 0.465956 0.267203 0.018827 0.022525
0 0.925381 0.988481 0.014855 0.018159
0 0.339934 0.650224 0.015458 0.020699
0 0.313944 0.840565 0.016645 0.020590
0 0.852478 0.968792 0.017618 0.022357
0 0.049547 0.052971 0.016713 0.023061
0 0.102363 0.654205 0.019052 0.022867
0 0.063754 0.095171 0.016236 0.023745
0 0.397837 0.656145 0.016771 0.021449
0 0.521181 0.718821 0.017838 0.021749
0 0.392032 0.584156 0.016660 0.018827
0 0.336048 0.316481 0.017916 0.021147
0 0.717241 0.588069 0.016498 0.020788
0 0.222079 0.898214 0.018215 0.021880
0 0.918007 0.750050 0.016887 0.021102
0 0.376608 0.956288 0.016082 0.018477
0 0.651038 0.418727 0.022036 0.023205
0 0.459547 0.426308 0.016795 0.020449
0 0.773505 0.645109 0.016791 0.021561
0 0.130226 0.681320 0.016581 0.021050
0 0.735129 0.916591 0.017594 0.022062
0 0.283762 0.355655 0.015720 0.019063
0 0.378957 0.650176 0.013221 0.018070
0 0.675569 0.876486 0.015688 0.020183
0 0.517081 0.696166 0.016412 0.018887
0 0.861343 0.677170 0.017681 0.021022
0 0.094423 0.411504 0.013948 0.016058
0 0.262191 0.539799 0.016829 0.021085
0 0.793170 0.837256 0.013794 0.016195
0 0.457295 0.935544 0.019082 0.022376
0 0.299406 0.028899 0.015875 0.020843
0 0.355083 0.953620 0.013850 0.017591
0 0.123664 0.886977 0.018158 0.022108
0 0.078580 0.081015 0.014296 0.022923
0 0.217106 0.327119 0.016465 0.020715
0 0.357230 0.040528 0.015544 0.018825
0 0.990972 0.942432 0.016323 0.019832
0 0.748691 0.592251 0.014919 0.018155
0 0.903356 0.992075 0.015090 0.015850
0 0.935148 0.970478 0.013359 0.016169
0 0.880907 0.907588 0.015444 0.018273
0 0.620777 0.410107 0.012425 0.015476
0 0.093414 0.326040 0.014158 0.019377
0 0.668668 0.644849 0.014169 0.015147
0 0.336670 0.026050 0.015837 0.020862
0 0.089222 0.038132 0.013374 0.016501
0 0.580353 0.943343 0.014846 0.021272
0 0.389303 0.008263 0.014671 0.016525
0 0.303870 0.992796 0.018349 0.014407
0 0.462665 0.866166 0.015171 0.018793
0 0.577754 0.507282 0.016624 0.019360
0 0.478193 0.550646 0.014912 0.016095
0 0.592960 0.562937 0.014177 0.018006
0 0.506054 0.427335 0.013359 0.017442
0 0.340018 0.052435 0.015305 0.019149