0 0.912342 0.883030 0.017165 0.021215
0 0.248496 0.759587 0.017544 0.021785
0 0.573992 0.138078 0.014014 0.017856
0 0.809496 0.035163 0.018245 0.022233
0 0.011456 0.100291 0.015864 0.018896
0 0.171977 0.135285 0.015981 0.023283
0 0.192027 0.925159 0.018713 0.024049
0 0.357066 0.473382 0.015026 0.019782
0 0.214664 0.734442 0.015458 0.021029
0 0.186317 0.547182 0.020579 0.025032
0 0.400560 0.713385 0.017447 0.022460
0 0.076551 0.644565 0.015912 0.020024
0 0.089724 0.099207 0.017089 0.021440
0 0.157536 0.896822 0.019412 0.024421
0 0.087191 0.501725 0.018012 0.023201
0 0.198930 0.143364 0.016747 0.023029
0 0.093066 0.703310 0.016789 0.020073
0 0.792547 0.089542 0.017965 0.023472
0 0.960905 0.727118 0.017084 0.020608
0 0.232613 0.553184 0.017920 0.022286
0 0.792319 0.863617 0.017217 0.021588
0 0.832602 0.057314 0.017255 0.021519
0 0.766441 0.977856 0.016257 0.018685
0 0.467466 0.071632 0.017461 0.020584
0 0.388942 0.809812 0.016331 0.020359
0 0.131508 0.070779 0.017513 0.022192
0 0.060756 0.790390 0.016630 0.022360
0 0.033188 0.397930 0.014191 0.016851
0 0.127856 0.909686 0.016542 0.020503
0 0.956462 0.871506 0.015947 0.020067
0 0.777272 0.205432 0.016467 0.019996
0 0.800008 0.162017 0.015997 0.019758
0 0.572056 0.548217 0.016352 0.019117
0 0.544907 0.653100 0.015565 0.018069
0 0.879503 0.872158 0.015589 0.019754
0 0.032173 0.822130 0.019097 0.022448
0 0.027522 0.144597 0.018721 0.023474
0 0.294200 0.296445 0.016901 0.019060
0 0.267879 0.373025 0.014807 0.019106
0 0.750488 0.800867 0.017009 0.021474
0 0.051370 0.417970 0.016850 0.020906
0 0.658952 0.213561 0.017693 0.023421
0 0.213120 0.515641 0.014403 0.016318
0 0.794841 0.379133 0.018354 0.022886
0 0.512677 0.704611 0.018038 0.021983
0 0.173961 0.954421 0.024454 0.028251
0 0.113626 0.021556 0.016607 0.022058
0 0.473599 0.302308 0.016575 0.021709
0 0.236769 0.740884 0.014628 0.018289
0 0.552163 0.145413 0.013885 0.019060
0 0.982427 0.291594 0.018835 0.021806
0 0.302463 0.150579 0.017028 0.020408
0 0.343748 0.308333 0.017605 0.019755
0 0.379878 0.069931 0.018998 0.022222
0 0.435118 0.665709 0.014888 0.017035
0 0.128126 0.796649 0.016792 0.020703
0 0.705887 0.060880 0.015908 0.020746
0 0.793476 0.832494 0.020873 0.024469
0 0.775713 0.232533 0.014957 0.018724
0 0.208177 0.845357 0.016856 0.022729
0 0.637101 0.021901 0.015870 0.019520
0 0.328763 0.348139 0.012052 0.014406
0 0.346841 0.339736 0.016069 0.016807
0 0.272019 0.324730 0.013056 0.018007
0 0.199205 0.276110 0.012052 0.016807
0 0.297629 0.258703 0.016069 0.018007
0 0.355377 0.219088 0.015065 0.018007
0 0.390027 0.186675 0.016069 0.018007
0 0.423671 0.038415 0.015065 0.014406
0 0.691826 0.113445 0.013056 0.015606
0 0.634077 0.208884 0.012052 0.014406
0 0.639099 0.303721 0.012052 0.016807
0 0.668726 0.295918 0.013056 0.015606
0 0.523099 0.344538 0.017073 0.016807
0 0.522095 0.406963 0.013056 0.014406
0 0.507532 0.495198 0.014061 0.015606
0 0.510545 0.523409 0.012052 0.016807
0 0.302650 0.528211 0.014061 0.016807
0 0.333784 0.477791 0.014061 0.016807
0 0.312192 0.394358 0.013056 0.018007
0 0.308676 0.420168 0.016069 0.016807
0 0.285075 0.408764 0.015065 0.018007
0 0.318720 0.286915 0.016069 0.019208
0 0.874613 0.241897 0.017073 0.018007
0 0.883149 0.424970 0.012052 0.019208
0 0.865072 0.626651 0.014061 0.016807
0 0.816362 0.430372 0.019082 0.020408
0 0.892690 0.174070 0.017073 0.014406
0 0.930353 0.075030 0.014061 0.013205
0 0.812847 0.120648 0.016069 0.020408
0 0.088730 0.948980 0.018078 0.022809
0 0.085214 0.872149 0.017073 0.022809
0 0.088730 0.833133 0.016069 0.021609
0 0.128400 0.752101 0.015065 0.018007
0 0.246911 0.584634 0.015065 0.016807
0 0.263984 0.574430 0.013056 0.018007
0 0.127396 0.459784 0.015065 0.016807
0 0.069145 0.576831 0.011048 0.013205
0 0.024453 0.181873 0.014061 0.018007
0 0.021440 0.429172 0.016069 0.018007
0 0.827912 0.975390 0.022095 0.020408
0 0.265491 0.741297 0.012052 0.018007