0 0.913192 0.883846 0.017023 0.021377
0 0.952182 0.377949 0.019238 0.022674
0 0.847823 0.965699 0.023381 0.027237
0 0.146877 0.913815 0.017873 0.020805
0 0.233925 0.553244 0.018665 0.024923
0 0.443424 0.312920 0.016757 0.020316
0 0.795985 0.871557 0.018700 0.022126
0 0.208288 0.741474 0.016382 0.019946
0 0.201097 0.960536 0.021232 0.027553
0 0.804900 0.291144 0.019999 0.025470
0 0.086207 0.506618 0.018920 0.024068
0 0.008927 0.734595 0.017403 0.023998
0 0.693127 0.488180 0.018845 0.024134
0 0.689154 0.079446 0.020016 0.023824
0 0.622153 0.341019 0.017345 0.023382
0 0.975537 0.294248 0.018998 0.024585
0 0.199837 0.013178 0.018717 0.022259
0 0.334952 0.250887 0.019296 0.025882
0 0.076736 0.157656 0.016559 0.019696
0 0.480831 0.075797 0.016492 0.021386
0 0.343388 0.440388 0.015106 0.018735
0 0.206924 0.770868 0.017916 0.020265
0 0.869730 0.873584 0.016461 0.019950
0 0.462119 0.438220 0.018549 0.022170
0 0.710170 0.367896 0.016980 0.020909
0 0.254454 0.140879 0.014017 0.017573
0 0.416895 0.423125 0.016067 0.020204
0 0.030144 0.928200 0.017987 0.024951
0 0.915084 0.380834 0.016782 0.020105
0 0.721721 0.713949 0.015826 0.020101
0 0.026808 0.307730 0.018520 0.022607
0 0.981978 0.580009 0.017335 0.020481
0 0.154137 0.311465 0.021043 0.026135
0 0.080654 0.896681 0.016090 0.020175
0 0.481041 0.182191 0.017789 0.021731
0 0.318493 0.769965 0.018298 0.023725
0 0.311780 0.047763 0.018363 0.023304
0 0.331649 0.351547 0.019293 0.021934
0 0.318664 0.392177 0.018187 0.022112
0 0.263836 0.737697 0.014615 0.018867
0 0.236970 0.739242 0.015812 0.024120
0 0.069426 0.262740 0.018860 0.021894
0 0.933394 0.677532 0.017931 0.019626
0 0.709356 0.261670 0.017016 0.019834
0 0.636686 0.300069 0.015933 0.019578
0 0.671198 0.312178 0.020591 0.028866
0 0.481290 0.701051 0.016409 0.021088
0 0.522119 0.686099 0.016585 0.022130
0 0.769053 0.210101 0.017629 0.018221
0 0.429969 0.667778 0.017627 0.020213
0 0.401765 0.088633 0.017176 0.022495
0 0.543993 0.655584 0.015561 0.018924
0 0.268809 0.576668 0.014858 0.018678
0 0.605200 0.243708 0.016807 0.021486
0 0.124855 0.280872 0.019176 0.023205
0 0.364920 0.585776 0.016373 0.021702
0 0.330415 0.293826 0.013958 0.018511
0 0.044147 0.414273 0.016778 0.020707
0 0.798958 0.082605 0.017156 0.019067
0 0.833291 0.231564 0.016264 0.023818
0 0.307677 0.708753 0.017897 0.020801
0 0.933093 0.219565 0.016971 0.022447
0 0.820547 0.987582 0.017793 0.019519
0 0.798497 0.486017 0.017277 0.023819
0 0.519511 0.411340 0.017167 0.022574
0 0.245878 0.455983 0.018320 0.022645
0 0.353307 0.164631 0.018673 0.020598
0 0.865917 0.631750 0.019251 0.022435
0 0.311114 0.279709 0.015675 0.017960
0 0.114148 0.719357 0.016302 0.021142
0 0.636035 0.504901 0.016202 0.020488
0 0.655657 0.065286 0.018090 0.022962
0 0.548759 0.010119 0.017436 0.017868
0 0.299244 0.258758 0.015770 0.020623
0 0.265717 0.775696 0.017715 0.024732
0 0.774534 0.234173 0.018356 0.023210
0 0.161136 0.888049 0.020380 0.024524
0 0.024148 0.855375 0.016565 0.020469
0 0.300882 0.152565 0.017106 0.020843
0 0.339425 0.843830 0.015814 0.019861
0 0.557071 0.149675 0.015590 0.017533
0 0.122343 0.908086 0.017572 0.022693
0 0.089812 0.869299 0.016682 0.021203
0 0.169196 0.115910 0.015429 0.018479
0 0.603674 0.152412 0.015331 0.019405
0 0.121851 0.800936 0.018032 0.023812
0 0.885534 0.418866 0.020635 0.024349
0 0.073983 0.302959 0.020217 0.023578
0 0.473957 0.252303 0.014475 0.018429
0 0.213802 0.121564 0.017240 0.022947
0 0.313508 0.242306 0.016681 0.019896
0 0.027466 0.174670 0.012052 0.018007
0 0.053578 0.202281 0.018078 0.020408
0 0.588883 0.978992 0.024104 0.018007
0 0.596917 0.957383 0.016069 0.015606
0 0.884656 0.897959 0.019082 0.019208
0 0.422667 0.600840 0.017073 0.018007
0 0.423671 0.620048 0.019082 0.015606
0 0.127898 0.745498 0.012052 0.016807