0 0.809409 0.905743 0.024310 0.028724
0 0.912618 0.882939 0.016588 0.021338
0 0.147435 0.913072 0.017831 0.021542
0 0.909389 0.327252 0.019946 0.023937
0 0.318005 0.390991 0.017044 0.021865
0 0.320878 0.347321 0.019137 0.022109
0 0.903073 0.370108 0.015799 0.020092
0 0.158254 0.885699 0.019982 0.025328
0 0.337083 0.236741 0.018216 0.024908
0 0.190201 0.899454 0.022562 0.026975
0 0.675107 0.403594 0.020316 0.025094
0 0.976951 0.483813 0.017755 0.022090
0 0.209371 0.741713 0.017076 0.018965
0 0.066741 0.231009 0.018226 0.023736
0 0.468301 0.630086 0.017863 0.021606
0 0.523881 0.930983 0.020210 0.025300
0 0.441213 0.382314 0.019075 0.022120
0 0.964071 0.816738 0.020029 0.024718
0 0.086139 0.506767 0.020179 0.023035
0 0.443077 0.311137 0.016942 0.020669
0 0.123342 0.912042 0.017416 0.024417
0 0.019985 0.282799 0.018490 0.022263
0 0.591217 0.199433 0.018351 0.022414
0 0.305575 0.027565 0.019298 0.022264
0 0.975297 0.288391 0.018357 0.023654
0 0.072627 0.891518 0.016253 0.019989
0 0.773137 0.234530 0.017326 0.021462
0 0.791250 0.252487 0.020295 0.025506
0 0.123629 0.796870 0.016337 0.021589
0 0.199025 0.762914 0.016644 0.019418
0 0.236676 0.739232 0.015161 0.020724
0 0.233307 0.552866 0.019353 0.023458
0 0.871894 0.873817 0.017275 0.019789
0 0.522557 0.405647 0.017910 0.022477
0 0.405460 0.385083 0.017893 0.020914
0 0.476882 0.046225 0.019025 0.021311
0 0.700175 0.212981 0.016501 0.020869
0 0.043428 0.413166 0.017399 0.021377
0 0.634801 0.033272 0.017150 0.021429
0 0.075375 0.303869 0.019977 0.024122
0 0.244163 0.455403 0.017554 0.021129
0 0.108372 0.651094 0.016588 0.021138
0 0.428180 0.668655 0.016588 0.020523
0 0.826104 0.982548 0.017376 0.021715
0 0.124031 0.279498 0.017985 0.023027
0 0.927128 0.216045 0.017823 0.020925
0 0.524378 0.683680 0.018939 0.024398
0 0.766487 0.420682 0.019987 0.023806
0 0.864443 0.627832 0.018631 0.023190
0 0.312781 0.275787 0.015645 0.017485
0 0.299183 0.256981 0.015524 0.020676
0 0.662860 0.292554 0.020327 0.025162
0 0.792456 0.866645 0.019004 0.022541
0 0.545096 0.655620 0.016757 0.018718
0 0.328376 0.787165 0.017923 0.021828
0 0.962387 0.539184 0.017462 0.020147
0 0.669347 0.049034 0.018236 0.024360
0 0.387617 0.058046 0.016397 0.021611
0 0.300161 0.709632 0.017068 0.020801
0 0.292946 0.643634 0.016638 0.021290
0 0.313617 0.984324 0.015999 0.018607
0 0.355837 0.540150 0.016775 0.019900
0 0.065590 0.137594 0.017617 0.022711
0 0.605570 0.308847 0.017650 0.020902
0 0.980469 0.564602 0.016474 0.020556
0 0.333568 0.412962 0.015026 0.019232
0 0.706908 0.312654 0.016383 0.019575
0 0.634982 0.504103 0.016807 0.020140
0 0.238131 0.090244 0.013298 0.017313
0 0.602238 0.150710 0.015754 0.020143
0 0.767803 0.208876 0.017343 0.019095
0 0.197275 0.091678 0.018402 0.022944
0 0.271477 0.759652 0.017693 0.020600
0 0.342954 0.140023 0.018433 0.023286
0 0.301770 0.152840 0.016911 0.020572
0 0.330856 0.294092 0.014160 0.019577
0 0.553634 0.147067 0.015064 0.018678
0 0.799008 0.081475 0.017589 0.018520
0 0.638968 0.297169 0.015142 0.018289
0 0.702265 0.645662 0.016464 0.021452
0 0.266426 0.575230 0.015624 0.019116
0 0.991630 0.247714 0.016282 0.019417
0 0.154587 0.098032 0.015125 0.018021
0 0.932983 0.678958 0.018392 0.020259
0 0.315423 0.242195 0.014757 0.020344
0 0.086149 0.869513 0.017348 0.020947
0 0.147163 0.289207 0.021271 0.024002
0 0.111046 0.985520 0.015598 0.018046
0 0.881724 0.420468 0.019359 0.024947
0 0.831210 0.233324 0.017325 0.022741
0 0.264696 0.735739 0.014561 0.018045
0 0.413753 0.556886 0.019331 0.018933
0 0.889430 0.898551 0.017114 0.021609
0 0.463704 0.140973 0.018310 0.020887
0 0.582857 0.956783 0.014061 0.014406
0 0.586372 0.929772 0.013056 0.015606
0 0.473888 0.248499 0.013056 0.019208
0 0.028972 0.176471 0.015065 0.014406
0 0.011397 0.731693 0.014061 0.018007
0 0.007379 0.767107 0.014061 0.014406
0 0.118859 0.684274 0.016069 0.019208
0 0.057093 0.183673 0.017073 0.021609
0 0.407100 0.535414 0.018078 0.019208