0 0.810431 0.238261 0.017990 0.023604
0 0.280431 0.385495 0.019205 0.024826
0 0.116842 0.488658 0.016104 0.021415
0 0.609560 0.627463 0.017103 0.020040
0 0.507225 0.883804 0.017520 0.020766
0 0.786281 0.651654 0.015418 0.019183
0 0.005279 0.676449 0.010558 0.019304
0 0.033589 0.932141 0.015842 0.021243
0 0.768411 0.949094 0.016045 0.020754
0 0.196552 0.403065 0.014581 0.017313
0 0.237597 0.930596 0.014492 0.020730
0 0.124194 0.175232 0.018968 0.024515
0 0.624882 0.944404 0.018991 0.025503
0 0.130883 0.231349 0.017770 0.024001
0 0.936925 0.890096 0.016359 0.020058
0 0.118640 0.638846 0.016841 0.018485
0 0.935072 0.974860 0.016005 0.019798
0 0.248852 0.470321 0.017812 0.023262
0 0.802166 0.619655 0.015489 0.020622
0 0.027008 0.156576 0.015878 0.021462
0 0.284756 0.872905 0.013356 0.017631
0 0.613206 0.153946 0.015034 0.020648
0 0.075536 0.930481 0.016396 0.021921
0 0.247042 0.221687 0.016486 0.021908
0 0.393812 0.533111 0.016587 0.018820
0 0.289644 0.528073 0.019144 0.021745
0 0.314665 0.063321 0.017567 0.020660
0 0.496803 0.082814 0.015957 0.019475
0 0.835139 0.305120 0.016060 0.019981
0 0.963455 0.683371 0.013760 0.017335
0 0.766989 0.804948 0.018746 0.023486
0 0.933618 0.835648 0.016941 0.022482
0 0.576614 0.599423 0.015836 0.018782
0 0.261913 0.011951 0.014411 0.019087
0 0.114412 0.550705 0.016859 0.020449
0 0.300900 0.882914 0.012051 0.016737
0 0.191396 0.950005 0.013715 0.018318
0 0.715549 0.177062 0.019231 0.025604
0 0.072541 0.805309 0.015073 0.018732
0 0.044380 0.980080 0.015974 0.019275
0 0.213669 0.226589 0.016785 0.022313
0 0.237698 0.033579 0.012338 0.018283
0 0.252529 0.954828 0.014325 0.018610
0 0.567355 0.944362 0.013814 0.019731
0 0.465072 0.677822 0.017827 0.021587
0 0.499312 0.207143 0.020082 0.024297
0 0.224100 0.460127 0.015473 0.020245
0 0.823955 0.526837 0.016465 0.021195
0 0.909712 0.990005 0.016904 0.016767
0 0.802006 0.956401 0.015248 0.018995
0 0.088985 0.668654 0.018050 0.019546
0 0.098776 0.195069 0.015590 0.021427
0 0.591640 0.663159 0.017673 0.020590
0 0.451238 0.259239 0.016169 0.018947
0 0.328050 0.820618 0.015512 0.019469
0 0.787773 0.918567 0.015187 0.019401
0 0.063521 0.045046 0.015829 0.021327
0 0.719678 0.898001 0.016148 0.020505
0 0.815250 0.868619 0.019055 0.022532
0 0.735579 0.532966 0.017968 0.022489
0 0.984545 0.272950 0.018994 0.024293
0 0.840049 0.871392 0.013447 0.019708
0 0.779132 0.750419 0.016824 0.019398
0 0.463545 0.337772 0.015385 0.019826
0 0.652299 0.681100 0.015657 0.021881
0 0.551491 0.615290 0.013449 0.016334
0 0.385280 0.086092 0.016175 0.023575
0 0.309212 0.831933 0.015236 0.019809
0 0.379747 0.655570 0.015663 0.020438
0 0.286564 0.305860 0.015021 0.017818
0 0.302916 0.037869 0.014592 0.015715
0 0.661519 0.145614 0.013390 0.017724
0 0.470711 0.795360 0.018034 0.021665
0 0.194140 0.874902 0.015144 0.020056
0 0.023751 0.207204 0.012159 0.016768
0 0.028397 0.485505 0.019462 0.019685
0 0.635625 0.353207 0.014767 0.016907
0 0.692309 0.937790 0.015878 0.020066
0 0.319724 0.096038 0.014061 0.016807
0 0.329767 0.040816 0.018078 0.014406
0 0.044539 0.108043 0.016069 0.014406
0 0.052072 0.152461 0.015065 0.019208
0 0.081197 0.232293 0.019082 0.015606
0 0.538164 0.851140 0.019082 0.026411
0 0.509541 0.966987 0.022095 0.020408
0 0.696345 0.902161 0.016069 0.018007
0 0.441247 0.767707 0.018078 0.015606
0 0.268001 0.050420 0.017073 0.016807
0 0.101284 0.369748 0.015065 0.019208
0 0.078184 0.500600 0.015065 0.019208
0 0.104799 0.509604 0.016069 0.015606
0 0.742042 0.133253 0.021091 0.021609
0 0.804812 0.403962 0.018078 0.018007
0 0.825401 0.055822 0.021091 0.020408
0 0.158028 0.055222 0.018078 0.019208
0 0.329265 0.018607 0.017073 0.018007
0 0.286581 0.023409 0.016069 0.015606
0 0.308174 0.503601 0.015065 0.018007