0 0.308313 0.579005 0.015353 0.020894
0 0.492122 0.976577 0.017280 0.017926
0 0.507562 0.032009 0.020015 0.024104
0 0.558826 0.528313 0.023461 0.031683
0 0.215523 0.323037 0.019786 0.025807
0 0.373087 0.776015 0.017108 0.023242
0 0.734270 0.758866 0.017104 0.022652
0 0.513360 0.465664 0.015251 0.017762
0 0.980764 0.851079 0.018407 0.022678
0 0.962299 0.311847 0.016658 0.021491
0 0.069802 0.397856 0.018831 0.022192
0 0.946496 0.331542 0.017183 0.020707
0 0.448693 0.816270 0.020165 0.022665
0 0.442408 0.751135 0.017788 0.021268
0 0.263412 0.661750 0.017938 0.026981
0 0.576692 0.485875 0.017744 0.021826
0 0.795024 0.823837 0.019514 0.025637
0 0.051521 0.385463 0.015299 0.019236
0 0.404955 0.232406 0.016631 0.021981
0 0.958472 0.695737 0.016475 0.020332
0 0.701448 0.764041 0.016391 0.021067
0 0.157682 0.298151 0.014467 0.016954
0 0.373189 0.827723 0.017149 0.031667
0 0.983486 0.646755 0.018160 0.021778
0 0.353889 0.809756 0.016145 0.019627
0 0.418635 0.490737 0.018767 0.022699
0 0.370486 0.084849 0.019200 0.023572
0 0.420277 0.549285 0.017900 0.023892
0 0.603290 0.182980 0.015644 0.019251
0 0.325872 0.118049 0.018677 0.020559
0 0.232884 0.366925 0.017197 0.023356
0 0.145768 0.361711 0.018051 0.022452
0 0.255305 0.527811 0.018463 0.022336
0 0.781292 0.452847 0.018953 0.023058
0 0.251197 0.387929 0.015926 0.019540
0 0.151820 0.443387 0.015037 0.020303
0 0.324092 0.558345 0.017303 0.022018
0 0.684819 0.284533 0.015030 0.019856
0 0.561887 0.316084 0.020019 0.025414
0 0.030836 0.542573 0.016525 0.021072
0 0.240951 0.317480 0.018153 0.023438
0 0.177068 0.405558 0.016791 0.019772
0 0.550578 0.442898 0.014947 0.016817
0 0.915153 0.170735 0.017781 0.027647
0 0.570230 0.051841 0.014399 0.017584
0 0.300146 0.288209 0.016088 0.021916
0 0.706317 0.271461 0.015712 0.021405
0 0.948458 0.454922 0.016276 0.020628
0 0.429594 0.464071 0.016310 0.018013
0 0.146324 0.113240 0.016988 0.020734
0 0.492379 0.459786 0.014932 0.020206
0 0.219751 0.454412 0.018289 0.020280
0 0.756284 0.645421 0.018364 0.025023
0 0.163406 0.020269 0.023521 0.024508
0 0.856353 0.570084 0.019036 0.022343
0 0.367122 0.475839 0.016903 0.019877
0 0.285154 0.792603 0.017352 0.021797
0 0.962081 0.964670 0.017658 0.025128
0 0.630454 0.064510 0.017688 0.021975
0 0.791527 0.774483 0.017390 0.020560
0 0.293312 0.087568 0.013527 0.015677
0 0.440753 0.399512 0.019397 0.021374
0 0.603690 0.860999 0.018619 0.022265
0 0.837311 0.827506 0.019812 0.022483
0 0.115939 0.214685 0.017455 0.021084
0 0.291132 0.570952 0.014814 0.018743
0 0.425571 0.151168 0.018011 0.022138
0 0.484815 0.307854 0.016681 0.021542
0 0.691342 0.713006 0.017634 0.021674
0 0.340811 0.287472 0.016084 0.019714
0 0.381625 0.662091 0.016034 0.019485
0 0.852518 0.679741 0.018999 0.022874
0 0.904733 0.732228 0.017334 0.018914
0 0.902485 0.777446 0.019980 0.024415
0 0.955352 0.799477 0.015603 0.018745
0 0.679258 0.960022 0.017102 0.021338
0 0.415201 0.091756 0.020624 0.023478
0 0.793812 0.893717 0.016122 0.021775
0 0.534914 0.530870 0.015297 0.022572
0 0.059453 0.423374 0.015062 0.018858
0 0.556867 0.983394 0.015402 0.018519
0 0.356551 0.540152 0.016027 0.019310
0 0.209300 0.759377 0.017127 0.018618
0 0.170838 0.167412 0.014475 0.015518
0 0.440658 0.618274 0.017253 0.021097
0 0.435459 0.246357 0.015229 0.018321
0 0.854885 0.596701 0.016078 0.016794
0 0.683776 0.118907 0.018802 0.025595
0 0.708623 0.246711 0.011524 0.014784
0 0.725306 0.253181 0.016541 0.021028
0 0.298604 0.133463 0.017195 0.021379
0 0.518416 0.064566 0.015680 0.019359
0 0.520017 0.740779 0.015482 0.019424
0 0.568398 0.410556 0.015257 0.018213
0 0.131856 0.316191 0.014301 0.017581
0 0.502875 0.484622 0.014837 0.018882
0 0.437304 0.981091 0.016339 0.019325
0 0.392949 0.840795 0.017363 0.021729
0 0.266759 0.117476 0.016874 0.021706
0 0.705634 0.056579 0.017923 0.020916
0 0.260971 0.609844 0.011048 0.014406
0 0.960984 0.177671 0.013056 0.016807
0 0.761124 0.543818 0.011048 0.012005
0 0.759618 0.563025 0.016069 0.014406
0 0.005698 0.542017 0.011396 0.018007