0 0.701354 0.265008 0.017579 0.023498
0 0.452508 0.549884 0.019416 0.024902
0 0.218857 0.339849 0.018171 0.019529
0 0.558240 0.518926 0.022281 0.030128
0 0.212912 0.313067 0.020312 0.023595
0 0.545458 0.480262 0.017529 0.021558
0 0.164295 0.012087 0.019054 0.021034
0 0.295738 0.154156 0.018644 0.022810
0 0.230462 0.363588 0.015873 0.021091
0 0.015069 0.725819 0.017025 0.020926
0 0.904881 0.769452 0.020691 0.023401
0 0.420976 0.843164 0.017853 0.020833
0 0.387487 0.106750 0.017201 0.021811
0 0.849802 0.562613 0.021223 0.027043
0 0.420426 0.145362 0.017401 0.022441
0 0.248877 0.377897 0.016631 0.021332
0 0.436678 0.742481 0.017643 0.021325
0 0.390134 0.962603 0.018039 0.021965
0 0.269886 0.628289 0.019168 0.025054
0 0.397387 0.229547 0.018175 0.023098
0 0.359611 0.472869 0.016063 0.020474
0 0.271283 0.660654 0.019700 0.022962
0 0.474092 0.882672 0.019084 0.022424
0 0.409789 0.119265 0.018002 0.021463
0 0.490327 0.918595 0.018836 0.025514
0 0.728422 0.249739 0.017927 0.024168
0 0.624276 0.060027 0.017873 0.022669
0 0.685935 0.705609 0.018951 0.023748
0 0.780260 0.776852 0.019059 0.023678
0 0.680345 0.115203 0.016333 0.020987
0 0.794256 0.822306 0.022891 0.025569
0 0.503672 0.052947 0.015707 0.019969
0 0.139485 0.357771 0.017292 0.020977
0 0.451903 0.058720 0.015828 0.019967
0 0.900358 0.719297 0.021098 0.024335
0 0.681132 0.282344 0.017971 0.021086
0 0.981116 0.855686 0.019471 0.022807
0 0.318029 0.096337 0.017508 0.020726
0 0.690160 0.238080 0.017457 0.019564
0 0.889500 0.683861 0.018737 0.023146
0 0.334863 0.280592 0.016097 0.020884
0 0.926772 0.328499 0.020511 0.023721
0 0.984195 0.645945 0.018428 0.023393
0 0.931338 0.928730 0.021704 0.025868
0 0.584060 0.117063 0.015975 0.019450
0 0.104487 0.474173 0.018436 0.021808
0 0.145934 0.437712 0.016962 0.021045
0 0.422626 0.453510 0.016763 0.020118
0 0.521407 0.112382 0.015832 0.019887
0 0.430289 0.241907 0.016809 0.020640
0 0.250448 0.515029 0.018857 0.022564
0 0.492005 0.298768 0.018739 0.021923
0 0.604451 0.851244 0.022512 0.026797
0 0.141328 0.104539 0.017300 0.021727
0 0.695847 0.757439 0.019799 0.023516
0 0.421707 0.542207 0.019526 0.024070
0 0.456535 0.489978 0.018214 0.022485
0 0.487619 0.967467 0.018681 0.020688
0 0.296418 0.282371 0.016379 0.021773
0 0.777302 0.450468 0.019723 0.025423
0 0.958083 0.957460 0.019720 0.025191
0 0.445301 0.608047 0.017700 0.021740
0 0.549650 0.306177 0.018758 0.023169
0 0.227662 0.420513 0.016564 0.021593
0 0.411186 0.411290 0.019395 0.024810
0 0.384314 0.014459 0.015793 0.019587
0 0.322389 0.554309 0.019113 0.023522
0 0.909793 0.168101 0.018103 0.023027
0 0.700883 0.048798 0.017152 0.021040
0 0.139488 0.401148 0.017858 0.023967
0 0.213384 0.445862 0.016851 0.020186
0 0.866519 0.642574 0.019804 0.024053
0 0.056994 0.415094 0.016196 0.019433
0 0.944007 0.446190 0.020528 0.024050
0 0.344861 0.805606 0.017048 0.020234
0 0.530880 0.526659 0.016827 0.021366
0 0.161220 0.326385 0.015761 0.019801
0 0.799293 0.690262 0.016142 0.019005
0 0.395557 0.599802 0.016732 0.020889
0 0.601434 0.175817 0.016977 0.021671
0 0.284514 0.767457 0.014616 0.017654
0 0.685342 0.950791 0.019179 0.023038
0 0.213275 0.886286 0.018392 0.021480
0 0.376118 0.655516 0.017279 0.021330
0 0.758559 0.640908 0.020286 0.022445
0 0.808564 0.920879 0.020212 0.024397
0 0.034598 0.530058 0.017837 0.023247
0 0.548125 0.434080 0.016181 0.018860
0 0.312235 0.868445 0.018405 0.022039
0 0.228233 0.700443 0.016144 0.020897
0 0.049766 0.377361 0.018345 0.020118
0 0.513721 0.734480 0.017074 0.020764
0 0.127766 0.227893 0.018207 0.023390
0 0.292243 0.122592 0.015924 0.018963
0 0.778937 0.069320 0.016593 0.019759
0 0.564277 0.489196 0.015065 0.013205
0 0.580346 0.475990 0.019082 0.018007