0 0.548924 0.510491 0.022820 0.028674
0 0.537253 0.472855 0.018536 0.024072
0 0.242819 0.369474 0.016529 0.021040
0 0.519201 0.522436 0.017122 0.021610
0 0.204950 0.304517 0.021271 0.025833
0 0.263773 0.648337 0.016316 0.020108
0 0.616174 0.046947 0.020148 0.025547
0 0.285688 0.271287 0.017156 0.023486
0 0.717810 0.251875 0.018012 0.022282
0 0.411113 0.841938 0.017527 0.021921
0 0.689953 0.253091 0.021704 0.026898
0 0.243692 0.662604 0.020247 0.023060
0 0.170509 0.331158 0.017509 0.022760
0 0.678105 0.696172 0.019854 0.024230
0 0.829908 0.813029 0.022640 0.028250
0 0.889967 0.753471 0.019422 0.022799
0 0.317840 0.240485 0.018701 0.022336
0 0.987116 0.761286 0.020000 0.024237
0 0.045305 0.861882 0.019256 0.023905
0 0.992534 0.659474 0.014931 0.020613
0 0.950861 0.945856 0.020143 0.025486
0 0.744402 0.262471 0.017990 0.021934
0 0.314426 0.114473 0.016081 0.020956
0 0.413037 0.532452 0.017088 0.023825
0 0.304925 0.089976 0.017170 0.019249
0 0.973623 0.857950 0.020704 0.024787
0 0.242852 0.503872 0.018278 0.022421
0 0.544506 0.298718 0.021143 0.024677
0 0.687961 0.044754 0.020276 0.025486
0 0.754136 0.636818 0.020001 0.025024
0 0.014646 0.373099 0.016879 0.021987
0 0.019922 0.515656 0.019644 0.023657
0 0.204150 0.435238 0.018135 0.021296
0 0.191781 0.907504 0.021537 0.027074
0 0.412310 0.448081 0.017411 0.021290
0 0.991357 0.884635 0.016658 0.020114
0 0.686613 0.748065 0.018801 0.023355
0 0.975666 0.635748 0.018997 0.021510
0 0.434544 0.602396 0.019236 0.024450
0 0.964646 0.614317 0.017146 0.019489
0 0.336324 0.518283 0.017985 0.021755
0 0.505842 0.889927 0.019172 0.023542
0 0.761611 0.598492 0.023389 0.023937
0 0.258121 0.076056 0.020373 0.022252
0 0.838457 0.556292 0.023393 0.025955
0 0.842790 0.235879 0.017992 0.021971
0 0.096421 0.464812 0.017736 0.020775
0 0.351031 0.464381 0.016495 0.019701
0 0.974271 0.068629 0.019477 0.024712
0 0.421736 0.230792 0.018509 0.024634
0 0.306313 0.869363 0.021041 0.025895
0 0.263327 0.345990 0.017784 0.024639
0 0.468703 0.962283 0.018656 0.022833
0 0.670238 0.345515 0.020282 0.023518
0 0.325934 0.271153 0.016912 0.021197
0 0.608595 0.732966 0.018517 0.020765
0 0.413270 0.133862 0.017486 0.022216
0 0.935138 0.436683 0.018942 0.022675
0 0.538882 0.428686 0.018187 0.021566
0 0.133719 0.096467 0.017827 0.023558
0 0.075688 0.288337 0.017793 0.022014
0 0.552738 0.137661 0.018667 0.022481
0 0.132316 0.346515 0.017895 0.021723
0 0.787473 0.710659 0.019932 0.023081
0 0.637418 0.800987 0.019816 0.026369
0 0.429947 0.738005 0.018702 0.022909
0 0.339748 0.791048 0.019435 0.023677
0 0.957369 0.494186 0.019338 0.023157
0 0.391772 0.532217 0.015823 0.020971
0 0.900009 0.716173 0.020022 0.023144
0 0.419265 0.163229 0.016418 0.020601
0 0.507003 0.727316 0.016855 0.021386
0 0.588573 0.852594 0.022096 0.027338
0 0.376166 0.007883 0.015671 0.014613
0 0.140484 0.430195 0.016452 0.021272
0 0.368158 0.645218 0.018907 0.022774
0 0.742392 0.808313 0.021604 0.027273
0 0.902629 0.157256 0.018825 0.022974
0 0.941951 0.545763 0.020845 0.020302
0 0.225155 0.522185 0.016073 0.019784
0 0.313291 0.543407 0.018664 0.023698
0 0.361119 0.577395 0.016470 0.020631
0 0.860913 0.044668 0.017691 0.022493
0 0.051002 0.402047 0.015995 0.020434
0 0.219723 0.355127 0.018151 0.022614
0 0.120743 0.219773 0.018375 0.024086
0 0.611438 0.005798 0.018097 0.011596
0 0.949562 0.162921 0.016169 0.020253
0 0.575563 0.071872 0.015627 0.019172
0 0.554233 0.481993 0.015065 0.018007
0 0.571809 0.468788 0.014061 0.015606