0 0.631221 0.947125 0.020096 0.024864
0 0.281947 0.385863 0.019173 0.024534
0 0.124200 0.163268 0.019238 0.022762
0 0.251494 0.468661 0.019718 0.023633
0 0.747720 0.936828 0.016575 0.019509
0 0.724746 0.960521 0.016245 0.020576
0 0.286669 0.019555 0.016903 0.020743
0 0.482710 0.133050 0.019164 0.023360
0 0.536739 0.585765 0.016511 0.020107
0 0.238370 0.500872 0.021357 0.023659
0 0.513420 0.968266 0.020679 0.030446
0 0.118421 0.489764 0.016664 0.021904
0 0.036019 0.934292 0.015713 0.022489
0 0.615237 0.651665 0.015911 0.019465
0 0.380756 0.836478 0.020756 0.023160
0 0.817190 0.867621 0.018712 0.022010
0 0.445277 0.028479 0.018729 0.021029
0 0.210707 0.961434 0.015402 0.020486
0 0.843455 0.886058 0.015424 0.018040
0 0.196390 0.253990 0.016057 0.020366
0 0.075904 0.426041 0.018145 0.025959
0 0.832681 0.528521 0.017105 0.022044
0 0.817790 0.895333 0.015644 0.020627
0 0.079876 0.923573 0.017092 0.021475
0 0.752184 0.046690 0.016089 0.021163
0 0.971730 0.234952 0.019103 0.023656
0 0.067234 0.041711 0.016699 0.019709
0 0.400397 0.011044 0.013546 0.017785
0 0.826682 0.567239 0.014801 0.017926
0 0.386586 0.085891 0.014815 0.021328
0 0.186068 0.959996 0.016951 0.024737
0 0.835296 0.927114 0.018046 0.022785
0 0.811636 0.259906 0.018925 0.020205
0 0.382345 0.788527 0.020010 0.022755
0 0.268143 0.501090 0.016426 0.022191
0 0.945895 0.505181 0.017191 0.021684
0 0.807768 0.677068 0.016532 0.021275
0 0.435308 0.121331 0.016498 0.021104
0 0.907940 0.135730 0.015104 0.020255
0 0.652708 0.682051 0.016722 0.021793
0 0.477140 0.889728 0.017919 0.021787
0 0.066857 0.074741 0.014787 0.021303
0 0.369391 0.639715 0.014013 0.020143
0 0.222431 0.886332 0.016575 0.021313
0 0.682110 0.133862 0.019446 0.022833
0 0.946837 0.854802 0.018599 0.021787
0 0.309592 0.044303 0.017022 0.020446
0 0.981403 0.692558 0.017724 0.021787
0 0.276756 0.460506 0.015478 0.020488
0 0.636594 0.092924 0.014628 0.017120
0 0.624050 0.340200 0.017754 0.022330
0 0.464863 0.674590 0.015858 0.020645
0 0.786501 0.654073 0.015971 0.021480
0 0.130958 0.232930 0.017253 0.021406
0 0.644791 0.065292 0.015380 0.021781
0 0.148845 0.142015 0.016887 0.020703
0 0.566716 0.325945 0.016148 0.020568
0 0.760444 0.186089 0.018463 0.022548
0 0.251648 0.959323 0.015917 0.021312
0 0.516351 0.290935 0.018282 0.023655
0 0.318714 0.107376 0.017458 0.019475
0 0.704319 0.582123 0.017548 0.021296
0 0.719962 0.520729 0.019662 0.025162
0 0.849932 0.510635 0.019336 0.020674
0 0.098760 0.685350 0.017415 0.021067
0 0.560490 0.084921 0.016297 0.022319
0 0.635954 0.255773 0.014217 0.017659
0 0.044761 0.071779 0.016779 0.022771
0 0.018161 0.065670 0.015886 0.020935
0 0.513893 0.578291 0.015640 0.019855
0 0.872859 0.099931 0.015809 0.018083
0 0.401890 0.676609 0.013596 0.018359
0 0.805456 0.402824 0.017483 0.022372
0 0.745504 0.835998 0.019886 0.023786
0 0.216592 0.226599 0.016624 0.022054
0 0.651521 0.349464 0.014749 0.018890
0 0.724896 0.916086 0.017230 0.021107
0 0.804083 0.986099 0.015037 0.019850
0 0.933663 0.892339 0.015197 0.018760
0 0.818064 0.967435 0.015836 0.020626
0 0.565021 0.642575 0.015007 0.018784
0 0.799484 0.616412 0.016791 0.020786
0 0.308131 0.827112 0.015747 0.020325
0 0.584250 0.656853 0.016341 0.021453
0 0.235032 0.633254 0.016115 0.020472
0 0.750336 0.566611 0.017167 0.020404
0 0.061324 0.495712 0.017130 0.020791
0 0.819784 0.015475 0.016064 0.020125
0 0.493650 0.855142 0.018063 0.020216
0 0.668809 0.768704 0.014512 0.017549
0 0.217303 0.917796 0.017455 0.020487
0 0.153383 0.735631 0.019126 0.024312
0 0.103552 0.469350 0.017286 0.022062
0 0.328871 0.809262 0.014735 0.018626
0 0.658622 0.812332 0.015562 0.020386
0 0.311457 0.020255 0.015283 0.019410
0 0.782987 0.764398 0.015932 0.018355
0 0.777424 0.980792 0.014883 0.019148
0 0.370183 0.971749 0.013983 0.018770
0 0.330286 0.045607 0.014080 0.018043
0 0.079923 0.464190 0.013364 0.017005
0 0.049342 0.106293 0.014760 0.018523
0 0.295385 0.097502 0.016170 0.020731
0 0.693015 0.017901 0.015802 0.018624
0 0.383109 0.649918 0.015440 0.020534
0 0.841209 0.044917 0.013461 0.018210
0 0.110560 0.541820 0.016740 0.023456
0 0.660278 0.601705 0.016019 0.022798
0 0.806802 0.748928 0.017105 0.020295
0 0.688512 0.669024 0.017305 0.020751
0 0.509453 0.550727 0.015174 0.017359
0 0.853229 0.671347 0.017617 0.022104
0 0.452858 0.259771 0.017938 0.021773
0 0.089072 0.659477 0.015829 0.018055
0 0.029630 0.131349 0.017694 0.021321
0 0.376970 0.038415 0.016069 0.016807
0 0.350858 0.040216 0.016069 0.020408
0 0.334287 0.023409 0.015065 0.015606
0 0.188158 0.869148 0.016069 0.019208
0 0.088227 0.845138 0.017073 0.016807
0 0.032990 0.875750 0.015065 0.020408
0 0.052574 0.465786 0.018078 0.016807
0 0.243898 0.333133 0.019082 0.020408
0 0.416641 0.042017 0.015065 0.014406
0 0.812847 0.049220 0.014061 0.016807
0 0.013405 0.893758 0.016069 0.018007
0 0.041526 0.905162 0.014061 0.016807
0 0.542182 0.957983 0.015065 0.021609
0 0.010895 0.655462 0.017073 0.019208
0 0.532641 0.437575 0.018078 0.018007
0 0.579844 0.058824 0.016069 0.016807