0 0.622600 0.946188 0.017576 0.023254
0 0.260999 0.013692 0.015408 0.021667
0 0.117437 0.489190 0.017145 0.022207
0 0.607434 0.614009 0.016091 0.019626
0 0.281190 0.384552 0.019523 0.023418
0 0.497748 0.175260 0.019169 0.027168
0 0.418075 0.760234 0.020607 0.024350
0 0.008585 0.668770 0.016833 0.019451
0 0.303849 0.824289 0.018314 0.021537
0 0.512591 0.966063 0.023116 0.028019
0 0.124295 0.170659 0.019377 0.024880
0 0.203291 0.191033 0.016169 0.019059
0 0.206981 0.929224 0.015090 0.020937
0 0.784706 0.207799 0.018339 0.022377
0 0.447639 0.795366 0.017662 0.023639
0 0.088289 0.602472 0.016711 0.021827
0 0.034667 0.934250 0.016323 0.021901
0 0.130046 0.232156 0.017322 0.023040
0 0.563669 0.566901 0.015500 0.019007
0 0.373933 0.636921 0.014849 0.016934
0 0.067248 0.350344 0.015770 0.020242
0 0.786707 0.747589 0.017402 0.022570
0 0.185629 0.942520 0.014698 0.017802
0 0.329494 0.813079 0.015522 0.019670
0 0.230712 0.938818 0.015449 0.020626
0 0.980935 0.672038 0.015184 0.021184
0 0.250218 0.467749 0.019405 0.024382
0 0.256315 0.893926 0.016201 0.021374
0 0.800896 0.619113 0.016491 0.020896
0 0.468463 0.678130 0.017422 0.021047
0 0.848787 0.551347 0.016808 0.020298
0 0.516628 0.847178 0.016370 0.021922
0 0.724525 0.897439 0.017143 0.020156
0 0.385089 0.085789 0.013213 0.018726
0 0.742528 0.098268 0.019712 0.024094
0 0.065943 0.811129 0.014777 0.019336
0 0.814200 0.868842 0.017794 0.022692
0 0.487355 0.877768 0.017198 0.021791
0 0.458541 0.162835 0.014761 0.019117
0 0.113974 0.009921 0.014153 0.016854
0 0.822969 0.278244 0.017873 0.021010
0 0.939616 0.890737 0.014446 0.018878
0 0.726175 0.531537 0.018542 0.024079
0 0.254877 0.275299 0.014931 0.018791
0 0.543451 0.590741 0.015298 0.019700
0 0.260048 0.860766 0.014714 0.017171
0 0.265268 0.510494 0.018342 0.024483
0 0.215305 0.227125 0.018329 0.022388
0 0.473267 0.057189 0.016302 0.019807
0 0.581132 0.116903 0.015549 0.019276
0 0.077394 0.925442 0.017153 0.023282
0 0.825730 0.523323 0.017154 0.022237
0 0.765141 0.804176 0.018732 0.021803
0 0.706265 0.146459 0.017233 0.022797
0 0.614584 0.071058 0.014167 0.018569
0 0.531596 0.437167 0.014891 0.019994
0 0.465566 0.336378 0.013483 0.017058
0 0.065719 0.042120 0.015828 0.020531
0 0.947583 0.967069 0.016329 0.020300
0 0.682158 0.749515 0.013896 0.017195
0 0.960217 0.511439 0.017910 0.021098
0 0.115147 0.550667 0.015890 0.019424
0 0.693503 0.662825 0.016582 0.019693
0 0.677957 0.348732 0.014034 0.017671
0 0.180595 0.689845 0.018091 0.019990
0 0.977693 0.231143 0.018828 0.025086
0 0.668510 0.768748 0.014488 0.021473
0 0.200990 0.447635 0.016234 0.022062
0 0.603319 0.339259 0.015265 0.020269
0 0.303358 0.035649 0.016530 0.018173
0 0.817779 0.037980 0.015557 0.019762
0 0.379969 0.654608 0.014800 0.019634
0 0.057279 0.631989 0.017397 0.021389
0 0.329867 0.042572 0.014564 0.019869
0 0.653607 0.681777 0.016359 0.021198
0 0.094228 0.420871 0.015789 0.018683
0 0.706202 0.578351 0.013720 0.016352
0 0.075548 0.161996 0.015217 0.018960
0 0.028189 0.500249 0.014556 0.019400
0 0.801363 0.055232 0.014568 0.018053
0 0.833904 0.499499 0.016877 0.018785
0 0.025664 0.208911 0.012627 0.016246
0 0.650575 0.105728 0.016219 0.021193
0 0.234138 0.017996 0.013130 0.016102
0 0.022918 0.979508 0.013923 0.016569
0 0.785884 0.653433 0.016750 0.019960
0 0.592547 0.648051 0.017809 0.019474
0 0.797224 0.966556 0.015943 0.019351
0 0.764137 0.948980 0.013056 0.015606
0 0.046046 0.110444 0.015065 0.016807
0 0.045544 0.075630 0.014061 0.016807
0 0.314200 0.058223 0.019082 0.020408
0 0.294114 0.097839 0.017073 0.018007
0 0.337300 0.501801 0.015065 0.016807
0 0.436728 0.014406 0.019082 0.019208
0 0.032990 0.136255 0.015065 0.013205
0 0.557749 0.935174 0.014061 0.019208
0 0.696847 0.893758 0.013056 0.018007
0 0.456312 0.261104 0.020086 0.015606
0 0.808327 0.400360 0.017073 0.015606