0 0.983823 0.292670 0.018225 0.022094
0 0.246418 0.744366 0.014403 0.018436
0 0.077652 0.307138 0.021396 0.027226
0 0.555552 0.119265 0.020540 0.026199
0 0.404866 0.687262 0.017066 0.022240
0 0.893082 0.288951 0.019589 0.023453
0 0.298372 0.441506 0.017249 0.023207
0 0.922269 0.886847 0.016537 0.020560
0 0.223588 0.753791 0.015660 0.020637
0 0.685864 0.639008 0.020576 0.028120
0 0.094966 0.871133 0.022897 0.027033
0 0.421498 0.599554 0.017203 0.021203
0 0.215941 0.874207 0.021019 0.020600
0 0.654797 0.316396 0.018101 0.021274
0 0.512253 0.372100 0.020898 0.024614
0 0.327186 0.458000 0.018427 0.023042
0 0.894060 0.704459 0.019143 0.025780
0 0.357286 0.303195 0.016536 0.020981
0 0.132844 0.554689 0.020101 0.024305
0 0.270197 0.740966 0.015364 0.020447
0 0.438079 0.506626 0.017844 0.024683
0 0.468665 0.796047 0.017708 0.024023
0 0.530279 0.696784 0.018374 0.021697
0 0.049685 0.420004 0.017277 0.022519
0 0.778550 0.212275 0.015887 0.018474
0 0.008865 0.108192 0.016760 0.022104
0 0.325527 0.244388 0.018838 0.023597
0 0.318712 0.856430 0.021014 0.027277
0 0.875973 0.880725 0.017828 0.022266
0 0.874534 0.637829 0.019223 0.023916
0 0.928762 0.309795 0.019296 0.023589
0 0.979927 0.175018 0.018622 0.022696
0 0.783458 0.240510 0.018215 0.021904
0 0.776166 0.382481 0.020198 0.021879
0 0.313313 0.160778 0.018949 0.021705
0 0.970381 0.848984 0.019018 0.024574
0 0.038613 0.182408 0.019730 0.025341
0 0.244585 0.556885 0.018614 0.024176
0 0.438894 0.398252 0.016529 0.020195
0 0.163741 0.898393 0.021353 0.026285
0 0.622893 0.349782 0.017308 0.023518
0 0.271427 0.708567 0.017862 0.022213
0 0.514818 0.296056 0.019200 0.022416
0 0.131978 0.289114 0.020975 0.025819
0 0.312617 0.267349 0.018829 0.024106
0 0.333302 0.100068 0.020424 0.020932
0 0.757487 0.858743 0.019740 0.026970
0 0.337881 0.296108 0.016600 0.021296
0 0.135881 0.741599 0.016951 0.022179
0 0.450077 0.317200 0.016212 0.021090
0 0.667008 0.626169 0.015827 0.023044
0 0.486112 0.149114 0.017311 0.022916
0 0.232344 0.895596 0.020457 0.022632
0 0.691582 0.760838 0.018255 0.021522
0 0.888381 0.422816 0.019796 0.025556
0 0.245543 0.363497 0.021605 0.027140
0 0.938648 0.686483 0.016943 0.021837
0 0.551571 0.660099 0.016650 0.021484
0 0.905353 0.118627 0.020181 0.026205
0 0.804100 0.877046 0.020771 0.024510
0 0.764091 0.610999 0.017843 0.023194
0 0.579813 0.014546 0.017382 0.021508
0 0.216970 0.264013 0.018023 0.022682
0 0.097831 0.506942 0.019064 0.023632
0 0.523577 0.412099 0.022068 0.025009
0 0.613430 0.156457 0.014750 0.019585
0 0.176376 0.789531 0.018252 0.022161
0 0.479392 0.480648 0.017126 0.020540
0 0.384637 0.154468 0.018770 0.022634
0 0.022704 0.423625 0.018686 0.022920
0 0.693415 0.281362 0.019772 0.024312
0 0.736983 0.317202 0.017080 0.022746
0 0.060127 0.249215 0.017504 0.021872
0 0.425749 0.194017 0.016779 0.019190
0 0.139870 0.495271 0.017232 0.021906
0 0.791229 0.599265 0.015011 0.019029
0 0.407667 0.365075 0.020841 0.027389
0 0.808124 0.089232 0.016868 0.021679
0 0.932490 0.907215 0.015929 0.020238
0 0.556762 0.159571 0.016649 0.017930
0 0.382658 0.680358 0.016662 0.024427
0 0.435156 0.674365 0.018370 0.021581
0 0.273143 0.580036 0.014846 0.018409
0 0.330114 0.674182 0.018031 0.021595
0 0.628394 0.138625 0.016198 0.019926
0 0.108326 0.635374 0.018035 0.022093
0 0.581940 0.115752 0.018207 0.021580
0 0.483816 0.260020 0.016636 0.019873
0 0.247610 0.307964 0.016390 0.019756
0 0.046294 0.083473 0.019167 0.021769
0 0.376926 0.413484 0.015567 0.018330
0 0.377541 0.207327 0.017216 0.020397
0 0.297854 0.368478 0.026517 0.030008
0 0.460562 0.098374 0.016262 0.019573