0 0.307989 0.580985 0.015763 0.020739
0 0.559237 0.529209 0.023507 0.032405
0 0.216873 0.322505 0.019350 0.025228
0 0.562121 0.480231 0.017111 0.020833
0 0.359505 0.079825 0.018672 0.022927
0 0.068716 0.398035 0.018379 0.022248
0 0.706214 0.272140 0.015545 0.020473
0 0.960543 0.311652 0.015467 0.022022
0 0.492815 0.976926 0.017111 0.018072
0 0.719625 0.755039 0.015300 0.022780
0 0.958742 0.696064 0.016476 0.020283
0 0.436970 0.751050 0.018602 0.027248
0 0.795036 0.824576 0.018403 0.023698
0 0.233093 0.368035 0.017124 0.023305
0 0.419906 0.547512 0.018201 0.023767
0 0.983303 0.646307 0.018166 0.022135
0 0.946937 0.332809 0.016760 0.020351
0 0.411233 0.488648 0.018023 0.022919
0 0.500861 0.028581 0.018600 0.028800
0 0.371565 0.007869 0.015583 0.014368
0 0.914968 0.170635 0.019181 0.025034
0 0.250948 0.388408 0.016199 0.019436
0 0.781375 0.452721 0.019145 0.022485
0 0.980100 0.853359 0.017542 0.022128
0 0.321916 0.557575 0.017281 0.022809
0 0.510555 0.476379 0.014280 0.019497
0 0.220731 0.453875 0.017359 0.020339
0 0.358044 0.770494 0.016613 0.019743
0 0.702363 0.053685 0.017345 0.022211
0 0.684230 0.287322 0.015623 0.019881
0 0.550423 0.051833 0.014274 0.017903
0 0.441047 0.401576 0.016880 0.022047
0 0.606927 0.858651 0.018856 0.023414
0 0.361940 0.468703 0.015460 0.018954
0 0.382483 0.663345 0.015661 0.019804
0 0.352128 0.546718 0.015726 0.019181
0 0.700709 0.764772 0.015755 0.020368
0 0.833983 0.665030 0.018207 0.022973
0 0.300023 0.288291 0.016740 0.022124
0 0.145897 0.361497 0.018094 0.023068
0 0.631020 0.066609 0.018099 0.022976
0 0.291588 0.569920 0.014393 0.019339
0 0.428950 0.465062 0.016338 0.017551
0 0.151532 0.300425 0.014513 0.017522
0 0.404462 0.233573 0.016398 0.022151
0 0.364326 0.828122 0.017928 0.028598
0 0.109665 0.214970 0.016009 0.020627
0 0.509013 0.069844 0.015177 0.017652
0 0.242443 0.316810 0.018810 0.023218
0 0.949087 0.455735 0.016520 0.020725
0 0.823970 0.818871 0.019220 0.021523
0 0.270325 0.781946 0.016605 0.021054
0 0.340661 0.287891 0.016416 0.020567
0 0.902982 0.778127 0.018641 0.024002
0 0.440959 0.619663 0.016735 0.021574
0 0.392747 0.835369 0.016609 0.021909
0 0.856544 0.572122 0.018318 0.021525
0 0.903384 0.731445 0.017557 0.019670
0 0.487952 0.307412 0.015835 0.020112
0 0.254224 0.525607 0.018037 0.021842
0 0.295404 0.131537 0.017334 0.023414
0 0.167345 0.402667 0.018374 0.021047
0 0.139504 0.573489 0.017829 0.020398
0 0.601133 0.185525 0.016750 0.020586
0 0.151873 0.444268 0.016409 0.021283
0 0.493170 0.461050 0.015282 0.020390
0 0.262762 0.664370 0.018472 0.025665
0 0.425478 0.151577 0.018026 0.022780
0 0.030682 0.543205 0.016774 0.021557
0 0.146543 0.113533 0.017198 0.021275
0 0.435316 0.246497 0.015612 0.019695
0 0.162359 0.022106 0.025468 0.024960
0 0.962363 0.964281 0.018910 0.026938
0 0.755820 0.646483 0.017588 0.024457
0 0.325346 0.115156 0.017309 0.020526
0 0.561376 0.317021 0.019452 0.024377
0 0.434299 0.811255 0.019429 0.022891
0 0.986210 0.310189 0.016568 0.021241
0 0.725603 0.254666 0.016671 0.021492
0 0.414984 0.091623 0.021186 0.024201
0 0.166705 0.158951 0.014711 0.015860
0 0.779060 0.774403 0.017306 0.020786
0 0.060488 0.423510 0.015191 0.020064
0 0.772059 0.887494 0.016693 0.020962
0 0.678929 0.960864 0.017409 0.021927
0 0.267634 0.117416 0.016603 0.021489
0 0.691589 0.713279 0.017421 0.021490
0 0.198927 0.756242 0.016553 0.020605
0 0.684458 0.121796 0.016698 0.020271
0 0.350224 0.805989 0.017220 0.019260
0 0.746710 0.547257 0.015131 0.026477
0 0.550579 0.442792 0.014836 0.017396
0 0.559159 0.981056 0.016421 0.019510
0 0.842609 0.595047 0.014753 0.017627
0 0.520388 0.741716 0.015745 0.019509
0 0.553278 0.402743 0.015051 0.019084
0 0.534823 0.531508 0.015185 0.022215
0 0.124281 0.306668 0.013880 0.017887
0 0.945110 0.793923 0.016535 0.019721
0 0.248739 0.598258 0.014758 0.018004
0 0.247261 0.630764 0.013064 0.015139
0 0.707426 0.247823 0.013242 0.016524
0 0.288765 0.084168 0.012985 0.017008
0 0.436062 0.980753 0.015473 0.018601
0 0.495085 0.488958 0.013879 0.019031
0 0.942321 0.438224 0.013280 0.015076
0 0.355637 0.483905 0.012318 0.012870
0 0.725257 0.312628 0.012670 0.018461