0 0.282133 0.387412 0.019347 0.023596
0 0.815569 0.259294 0.015822 0.024139
0 0.631870 0.947472 0.020210 0.025346
0 0.515680 0.966629 0.020463 0.027944
0 0.044671 0.904059 0.015450 0.017327
0 0.736519 0.197095 0.017444 0.022911
0 0.630078 0.667477 0.016101 0.020186
0 0.789422 0.657748 0.018184 0.020997
0 0.818261 0.871506 0.017750 0.021466
0 0.251936 0.468902 0.019856 0.024469
0 0.384698 0.649159 0.014618 0.019116
0 0.081113 0.795773 0.018101 0.023104
0 0.601679 0.680211 0.017827 0.022508
0 0.192242 0.937379 0.016826 0.021170
0 0.757450 0.881361 0.021012 0.023114
0 0.518384 0.065552 0.016519 0.019872
0 0.856653 0.518978 0.019008 0.022629
0 0.326606 0.828108 0.016269 0.020805
0 0.046276 0.071020 0.018348 0.022577
0 0.469922 0.905790 0.019020 0.024133
0 0.741819 0.959840 0.018292 0.019965
0 0.247516 0.519378 0.016320 0.021429
0 0.084276 0.491323 0.018504 0.022890
0 0.460058 0.133883 0.016389 0.022269
0 0.466998 0.676831 0.017266 0.021659
0 0.069110 0.927992 0.016604 0.021455
0 0.214292 0.958230 0.017496 0.021365
0 0.981761 0.723173 0.017159 0.020894
0 0.483162 0.133149 0.019606 0.025864
0 0.124027 0.167939 0.020384 0.023380
0 0.009852 0.056734 0.018049 0.019633
0 0.668430 0.138973 0.024634 0.024743
0 0.811759 0.642890 0.017826 0.022994
0 0.038809 0.934673 0.018229 0.024613
0 0.757828 0.052311 0.018450 0.022718
0 0.981626 0.878479 0.019996 0.023513
0 0.536264 0.435474 0.016213 0.020969
0 0.680721 0.695797 0.019110 0.021726
0 0.659773 0.676437 0.016174 0.021927
0 0.853111 0.546992 0.019238 0.022993
0 0.110897 0.538605 0.016892 0.023253
0 0.877952 0.650827 0.016665 0.019693
0 0.812701 0.405194 0.017983 0.021318
0 0.852601 0.672531 0.018566 0.021648
0 0.509845 0.286938 0.018473 0.024953
0 0.304027 0.826968 0.017051 0.022181
0 0.519139 0.625455 0.016321 0.020456
0 0.380180 0.037660 0.015639 0.020882
0 0.708279 0.587080 0.017310 0.021516
0 0.277922 0.453465 0.018633 0.022183
0 0.981269 0.244026 0.018971 0.023673
0 0.332967 0.099968 0.021722 0.027066
0 0.784898 0.834486 0.016200 0.020424
0 0.388894 0.086589 0.016207 0.021434
0 0.218248 0.230323 0.017551 0.021549
0 0.176298 0.250189 0.015623 0.019396
0 0.459299 0.954170 0.018083 0.021045
0 0.551199 0.048458 0.014150 0.017429
0 0.314056 0.041097 0.016092 0.022020
0 0.290279 0.021213 0.017661 0.020769
0 0.480148 0.608474 0.016382 0.021379
0 0.823650 0.720208 0.015779 0.020388
0 0.944794 0.514407 0.018506 0.021935
0 0.370961 0.831808 0.020679 0.025145
0 0.889900 0.099510 0.016948 0.022968
0 0.120008 0.491130 0.017792 0.022263
0 0.020678 0.896568 0.015449 0.019801
0 0.575343 0.690338 0.015964 0.020923
0 0.463183 0.872432 0.014142 0.017499
0 0.074143 0.073576 0.017102 0.025271
0 0.820387 0.968052 0.017478 0.021567
0 0.134651 0.132980 0.017002 0.021060
0 0.826393 0.903880 0.017019 0.022028
0 0.792470 0.269498 0.014382 0.018577
0 0.133840 0.235053 0.017741 0.023000
0 0.772149 0.970353 0.016119 0.020379
0 0.753380 0.569811 0.017879 0.024614
0 0.797501 0.783003 0.018301 0.022079
0 0.824995 0.580796 0.014909 0.018193
0 0.313920 0.015558 0.016101 0.020789
0 0.368355 0.641466 0.014907 0.019795
0 0.072128 0.040523 0.018630 0.022886
0 0.330762 0.876712 0.018676 0.021316
0 0.211728 0.319847 0.017044 0.019917
0 0.935668 0.889985 0.015207 0.018886
0 0.631049 0.078405 0.015043 0.019304
0 0.430594 0.127975 0.017041 0.021350
0 0.657114 0.603284 0.018938 0.025764
0 0.653249 0.056506 0.016350 0.021412
0 0.541152 0.338971 0.018154 0.020540
0 0.182274 0.664153 0.017283 0.022677
0 0.843118 0.967564 0.016031 0.019748
0 0.007512 0.498855 0.015024 0.019666
0 0.715891 0.541866 0.017149 0.022865
0 0.872987 0.920377 0.017034 0.021796
0 0.674627 0.991215 0.015947 0.015457
0 0.635693 0.384224 0.015765 0.020185
0 0.401151 0.517337 0.014605 0.019070
0 0.628944 0.784630 0.016571 0.024356
0 0.497817 0.385591 0.016000 0.021276
0 0.225919 0.512182 0.018540 0.026327
0 0.804974 0.985443 0.014929 0.019440
0 0.719311 0.255091 0.017252 0.021494
0 0.909770 0.136472 0.016382 0.020700
0 0.400772 0.679848 0.015596 0.017430
0 0.427027 0.043120 0.018184 0.022024
0 0.184359 0.337911 0.016372 0.020656
0 0.493184 0.547531 0.017290 0.020651
0 0.582542 0.356972 0.017879 0.022346
0 0.949128 0.206135 0.014550 0.017570
0 0.454371 0.261030 0.018112 0.023336
0 0.018327 0.475838 0.017227 0.020856
0 0.148153 0.935528 0.018771 0.022668
0 0.671098 0.820065 0.014197 0.018275
0 0.425780 0.658698 0.016950 0.020963
0 0.248371 0.966896 0.016061 0.020875
0 0.011186 0.655855 0.017511 0.019346
0 0.298071 0.098529 0.017009 0.020955
0 0.093030 0.944727 0.016446 0.019856
0 0.738899 0.587910 0.015722 0.017785
0 0.660279 0.536567 0.017324 0.021190
0 0.089519 0.851429 0.018514 0.023523
0 0.022355 0.690804 0.016043 0.020107
0 0.372771 0.431994 0.013829 0.016210
0 0.844483 0.064826 0.017073 0.021609
0 0.832933 0.038415 0.016069 0.016807
0 0.786232 0.075030 0.019082 0.018007
0 0.610476 0.117647 0.017073 0.021609
0 0.333282 0.051621 0.019082 0.019208
0 0.335793 0.016807 0.014061 0.019208
0 0.353871 0.041417 0.014061 0.013205
0 0.252936 0.792917 0.017073 0.018007
0 0.034496 0.746098 0.016069 0.018007
0 0.290096 0.566627 0.017073 0.014406
0 0.365923 0.975990 0.016069 0.019208
0 0.366927 0.950780 0.018078 0.016807