0 0.626137 0.945080 0.019613 0.025913
0 0.819065 0.021379 0.018042 0.022195
0 0.763355 0.945867 0.015879 0.018280
0 0.825342 0.523456 0.016887 0.022408
0 0.280858 0.384740 0.019655 0.025320
0 0.249690 0.468826 0.020861 0.024791
0 0.811416 0.266286 0.015809 0.023371
0 0.482945 0.883271 0.016890 0.021787
0 0.007756 0.654521 0.015111 0.021691
0 0.124475 0.167474 0.019954 0.027586
0 0.838553 0.860987 0.015986 0.020060
0 0.244430 0.499107 0.019297 0.022053
0 0.118135 0.489042 0.016358 0.021934
0 0.232093 0.268107 0.014928 0.018273
0 0.225812 0.938304 0.016827 0.020291
0 0.773024 0.189873 0.019293 0.022265
0 0.010153 0.811782 0.015433 0.017131
0 0.240345 0.863780 0.016644 0.021806
0 0.552241 0.562129 0.015516 0.019705
0 0.006604 0.613289 0.013208 0.016972
0 0.510906 0.967599 0.026092 0.029562
0 0.452679 0.258786 0.018473 0.022693
0 0.128996 0.232839 0.017206 0.020812
0 0.037436 0.580144 0.017281 0.021240
0 0.616392 0.623060 0.016638 0.020237
0 0.979541 0.660887 0.018052 0.022610
0 0.305449 0.824609 0.018591 0.021275
0 0.707452 0.938180 0.015655 0.022003
0 0.451229 0.033007 0.016570 0.021197
0 0.651172 0.073109 0.016103 0.019584
0 0.040624 0.134214 0.018141 0.020811
0 0.080203 0.923672 0.017219 0.021735
0 0.838345 0.553506 0.014021 0.018207
0 0.027168 0.334758 0.015608 0.018377
0 0.251975 0.956600 0.015443 0.021256
0 0.541754 0.941017 0.016201 0.019297
0 0.794266 0.604664 0.018082 0.023339
0 0.066589 0.039845 0.015977 0.021151
0 0.021645 0.077077 0.014492 0.018292
0 0.696608 0.124600 0.017460 0.023342
0 0.584702 0.643859 0.016367 0.022285
0 0.785921 0.654876 0.016127 0.019697
0 0.793315 0.738558 0.017738 0.022909
0 0.035339 0.933950 0.017326 0.022945
0 0.814375 0.867233 0.018846 0.022996
0 0.752912 0.821305 0.017467 0.023081
0 0.935066 0.888992 0.015326 0.019799
0 0.632940 0.325824 0.018013 0.022407
0 0.531103 0.437726 0.016451 0.021152
0 0.232518 0.893099 0.017411 0.019659
0 0.194366 0.700214 0.018359 0.023071
0 0.385186 0.086540 0.017401 0.021780
0 0.407714 0.819150 0.018589 0.023240
0 0.291108 0.492895 0.015175 0.020328
0 0.568790 0.092441 0.017153 0.021058
0 0.659152 0.331675 0.014873 0.019396
0 0.215676 0.226456 0.018139 0.022641
0 0.033746 0.703819 0.014409 0.018797
0 0.466667 0.675463 0.018021 0.021522
0 0.184511 0.955455 0.014362 0.017842
0 0.487853 0.142697 0.019086 0.024084
0 0.380131 0.652328 0.016036 0.019309
0 0.161093 0.160197 0.016334 0.020875
0 0.496442 0.852866 0.016995 0.019745
0 0.519147 0.292826 0.018184 0.020484
0 0.195628 0.872645 0.017015 0.022997
0 0.396932 0.764441 0.017901 0.023846
0 0.943082 0.831048 0.019271 0.022559
0 0.326297 0.810925 0.015677 0.019155
0 0.729433 0.907476 0.015184 0.022811
0 0.719837 0.522067 0.019643 0.024187
0 0.400496 0.014727 0.014149 0.020447
0 0.602278 0.052056 0.014714 0.017890
0 0.527641 0.567243 0.015414 0.019277
0 0.943505 0.502951 0.016477 0.019428
0 0.650255 0.674515 0.018244 0.021707
0 0.811329 0.897905 0.016623 0.019755
0 0.708170 0.902303 0.016444 0.020464
0 0.813257 0.666002 0.016208 0.021746
0 0.311792 0.049540 0.017002 0.021769
0 0.747858 0.564999 0.017170 0.021082
0 0.465166 0.336526 0.014249 0.020282
0 0.651538 0.968844 0.015380 0.018895
0 0.107350 0.469996 0.016269 0.019981
0 0.835581 0.021489 0.011874 0.012904
0 0.968594 0.227692 0.019057 0.023104
0 0.668414 0.750315 0.014762 0.017462
0 0.306703 0.027191 0.014154 0.015805
0 0.366326 0.641295 0.014080 0.019443
0 0.743917 0.059462 0.018869 0.022810
0 0.803725 0.403249 0.016605 0.020902
0 0.275913 0.608158 0.015061 0.019209
0 0.656857 0.774558 0.016652 0.020565
0 0.212728 0.968387 0.020952 0.023066
0 0.686248 0.661272 0.016340 0.021721
0 0.746223 0.927635 0.015857 0.019030
0 0.587579 0.310863 0.015421 0.020700
0 0.402421 0.675385 0.014765 0.018599
0 0.736730 0.082649 0.013939 0.016262
0 0.827419 0.927589 0.018062 0.019361
0 0.797180 0.975297 0.015179 0.018706
0 0.665820 0.599991 0.017312 0.021110
0 0.817857 0.970145 0.016557 0.021142
0 0.012126 0.106620 0.014149 0.019771
0 0.082642 0.465795 0.012183 0.016432
0 0.024402 0.204869 0.013543 0.016588
0 0.118920 0.541478 0.016169 0.020654
0 0.204505 0.932277 0.014320 0.019514
0 0.425273 0.011453 0.015614 0.020252
0 0.905273 0.138737 0.016111 0.019714
0 0.737549 0.588451 0.012589 0.018198
0 0.351908 0.040541 0.015529 0.019192
0 0.014644 0.896115 0.014393 0.018463
0 0.840330 0.502526 0.017410 0.018860
0 0.376970 0.046819 0.016069 0.019208
0 0.328261 0.049820 0.013056 0.018007
0 0.705384 0.582233 0.018078 0.021609
0 0.516069 0.656663 0.019082 0.021609
0 0.643618 0.117047 0.019082 0.020408
0 0.611480 0.115846 0.021091 0.022809
0 0.775687 0.070828 0.018078 0.016807
0 0.440243 0.133253 0.014061 0.016807
0 0.296625 0.093637 0.016069 0.016807
0 0.331274 0.025810 0.015065 0.015606
0 0.046046 0.071429 0.019082 0.018007
0 0.086721 0.493397 0.016069 0.016807
0 0.512052 0.531813 0.019082 0.016807
0 0.569800 0.617047 0.014061 0.016807
0 0.852015 0.669268 0.020086 0.018007
0 0.857037 0.593637 0.018078 0.020408