0 0.631379 0.947208 0.019742 0.024656
0 0.655399 0.680086 0.017470 0.022001
0 0.813770 0.266283 0.017631 0.021139
0 0.282347 0.385526 0.019308 0.024182
0 0.726148 0.957448 0.017898 0.021965
0 0.124286 0.164126 0.019636 0.025680
0 0.658723 0.817293 0.016018 0.020779
0 0.816827 0.866194 0.017401 0.020991
0 0.541701 0.965490 0.015397 0.021088
0 0.434703 0.119319 0.016134 0.020945
0 0.513188 0.969085 0.021143 0.029468
0 0.614923 0.656840 0.016043 0.021042
0 0.537005 0.584619 0.016749 0.021514
0 0.517162 0.292985 0.017746 0.023523
0 0.117830 0.489563 0.017104 0.021875
0 0.009805 0.658165 0.017299 0.021689
0 0.067578 0.072967 0.015664 0.021683
0 0.650066 0.349501 0.015659 0.020056
0 0.447407 0.028468 0.017665 0.021130
0 0.287047 0.018073 0.018733 0.023398
0 0.479913 0.896928 0.017462 0.022391
0 0.755493 0.962408 0.015727 0.020721
0 0.747636 0.840410 0.020326 0.023054
0 0.130934 0.233069 0.016723 0.020730
0 0.482191 0.131920 0.019707 0.024126
0 0.251984 0.468636 0.019328 0.022710
0 0.719390 0.527654 0.019658 0.023164
0 0.844082 0.889318 0.016206 0.019580
0 0.210689 0.964473 0.017476 0.020805
0 0.817905 0.891340 0.015269 0.021067
0 0.801297 0.620629 0.017852 0.021626
0 0.110174 0.543394 0.017378 0.022263
0 0.574656 0.061124 0.014363 0.018816
0 0.091794 0.685948 0.017116 0.023494
0 0.216427 0.227432 0.017834 0.022451
0 0.935476 0.888879 0.014566 0.018992
0 0.331435 0.046571 0.011370 0.016310
0 0.387487 0.086469 0.015175 0.020155
0 0.072280 0.427883 0.019723 0.023467
0 0.784402 0.774366 0.016144 0.019791
0 0.808442 0.683182 0.015296 0.019396
0 0.049716 0.106679 0.014893 0.019807
0 0.019740 0.065499 0.016616 0.020644
0 0.758633 0.184146 0.019854 0.022952
0 0.491974 0.858345 0.020611 0.021377
0 0.942492 0.506094 0.016722 0.021546
0 0.833982 0.528921 0.019998 0.023028
0 0.042373 0.071182 0.015870 0.022887
0 0.310722 0.043676 0.017249 0.020125
0 0.555406 0.079950 0.017364 0.018755
0 0.751793 0.049341 0.017086 0.019483
0 0.148433 0.140994 0.016894 0.021630
0 0.380054 0.793374 0.019404 0.024299
0 0.068265 0.039885 0.018111 0.021785
0 0.975028 0.240307 0.019465 0.023347
0 0.232014 0.639959 0.015845 0.020480
0 0.194712 0.249864 0.016621 0.020146
0 0.687380 0.677146 0.017120 0.021373
0 0.329084 0.809979 0.015587 0.020060
0 0.980672 0.697254 0.018088 0.022796
0 0.185399 0.963201 0.016630 0.022824
0 0.727445 0.920976 0.017987 0.020607
0 0.532175 0.435130 0.016872 0.020986
0 0.804687 0.405880 0.018680 0.022627
0 0.646522 0.063637 0.015568 0.022154
0 0.749415 0.934727 0.016549 0.021621
0 0.786131 0.655088 0.015258 0.020582
0 0.373465 0.843227 0.019772 0.023320
0 0.465051 0.675118 0.016275 0.020924
0 0.148311 0.741204 0.018376 0.022638
0 0.305095 0.825288 0.016628 0.020171
0 0.878834 0.098900 0.017641 0.020841
0 0.216303 0.923873 0.018254 0.022840
0 0.851780 0.512656 0.015599 0.021710
0 0.466673 0.336526 0.014181 0.017144
0 0.512173 0.579625 0.015166 0.019190
0 0.021348 0.214756 0.013957 0.017272
0 0.217753 0.893233 0.015542 0.020654
0 0.101867 0.471537 0.016780 0.021878
0 0.828645 0.566796 0.015609 0.017931
0 0.084246 0.660411 0.015567 0.018677
0 0.080030 0.922917 0.017632 0.022159
0 0.679920 0.142903 0.017381 0.024043
0 0.323009 0.110725 0.016931 0.019740
0 0.838850 0.934199 0.017058 0.020608
0 0.732739 0.091224 0.014175 0.017500
0 0.953131 0.866404 0.018176 0.022407
0 0.854314 0.672736 0.018045 0.021070
0 0.236706 0.497003 0.020636 0.022408
0 0.298098 0.100107 0.015869 0.019045
0 0.805032 0.987773 0.014833 0.018084
0 0.562173 0.330632 0.016674 0.022392
0 0.267522 0.501803 0.015093 0.020525
0 0.807195 0.747050 0.017411 0.019958
0 0.660927 0.604102 0.018241 0.025431
0 0.057734 0.495783 0.016552 0.018591
0 0.818616 0.967354 0.016019 0.020420
0 0.696095 0.018362 0.017538 0.019363
0 0.029389 0.131501 0.017417 0.020970
0 0.426767 0.503635 0.014483 0.016379
0 0.774686 0.986437 0.014617 0.018774
0 0.586996 0.659422 0.015904 0.020973
0 0.374611 0.044284 0.015583 0.019459
0 0.423284 0.009436 0.015232 0.016031
0 0.038579 0.903264 0.017127 0.019784
0 0.453036 0.260875 0.018048 0.023822
0 0.634643 0.089420 0.015029 0.018492
0 0.275119 0.454024 0.018705 0.023251
0 0.005358 0.085044 0.010714 0.020650
0 0.703673 0.582372 0.016778 0.021016
0 0.867778 0.615227 0.017651 0.019132
0 0.185145 0.878752 0.016069 0.021609
0 0.353369 0.047419 0.015065 0.015606
0 0.313698 0.018007 0.016069 0.016807
0 0.251430 0.962785 0.016069 0.024010
0 0.811842 0.051020 0.014061 0.018007
0 0.817366 0.018607 0.015065 0.015606
0 0.838959 0.049820 0.016069 0.018007
0 0.338806 0.022809 0.016069 0.016807
0 0.050063 0.471789 0.017073 0.016807
0 0.093249 0.847539 0.019082 0.019208
0 0.036003 0.939376 0.015065 0.018007
0 0.751583 0.562425 0.018078 0.020408
0 0.742042 0.588836 0.015065 0.015606
0 0.641107 0.530612 0.022095 0.019208
0 0.617004 0.348139 0.018078 0.016807
0 0.422165 0.040216 0.014061 0.015606
0 0.335793 0.546819 0.016069 0.015606
0 0.385507 0.650660 0.013056 0.014406
0 0.368434 0.638655 0.013056 0.016807
0 0.015916 0.891957 0.013056 0.019208