0 0.560033 0.526525 0.022757 0.030818
0 0.077680 0.401821 0.017942 0.022667
0 0.307701 0.575665 0.015692 0.020880
0 0.402942 0.798491 0.015657 0.020495
0 0.214403 0.321029 0.020727 0.026111
0 0.826706 0.902122 0.017847 0.020803
0 0.490501 0.975406 0.016765 0.017951
0 0.577460 0.483565 0.016907 0.020953
0 0.705798 0.270047 0.015630 0.021211
0 0.518737 0.464040 0.015152 0.017487
0 0.388482 0.089320 0.017503 0.022151
0 0.286592 0.603515 0.014014 0.017784
0 0.518894 0.029047 0.020341 0.022474
0 0.421367 0.546223 0.019003 0.021891
0 0.162860 0.018233 0.020816 0.023351
0 0.804331 0.768976 0.017171 0.019035
0 0.250844 0.387017 0.015321 0.019341
0 0.780496 0.450828 0.018650 0.023309
0 0.440566 0.397177 0.020102 0.021358
0 0.255096 0.527152 0.018697 0.021680
0 0.217607 0.451639 0.017531 0.021333
0 0.461075 0.822199 0.019291 0.021192
0 0.945864 0.330700 0.017180 0.021040
0 0.684451 0.281807 0.015268 0.020268
0 0.144480 0.361353 0.019103 0.023270
0 0.007243 0.545774 0.014485 0.023768
0 0.116329 0.210294 0.017182 0.019964
0 0.870543 0.587249 0.013581 0.018197
0 0.196632 0.418657 0.015970 0.019006
0 0.600997 0.860607 0.018231 0.023138
0 0.980544 0.849167 0.018317 0.022384
0 0.539054 0.061906 0.014858 0.018607
0 0.854763 0.569324 0.017664 0.021273
0 0.794837 0.821730 0.021101 0.024395
0 0.324409 0.558439 0.016376 0.021008
0 0.989128 0.710024 0.016159 0.019530
0 0.679952 0.957494 0.017048 0.020690
0 0.629218 0.062201 0.018102 0.023091
0 0.880427 0.687420 0.017799 0.023252
0 0.167920 0.292711 0.014743 0.017445
0 0.770429 0.773322 0.017396 0.023285
0 0.609808 0.180778 0.016328 0.020196
0 0.986336 0.648433 0.016819 0.021917
0 0.415273 0.090717 0.017324 0.021026
0 0.436271 0.485057 0.018103 0.023088
0 0.440000 0.618351 0.015939 0.021276
0 0.238737 0.315319 0.017639 0.024713
0 0.947464 0.453053 0.016919 0.021932
0 0.272218 0.663553 0.018483 0.026839
0 0.441782 0.748935 0.016802 0.020474
0 0.324369 0.106966 0.017148 0.020562
0 0.590198 0.060766 0.014429 0.017748
0 0.700777 0.762750 0.016943 0.020652
0 0.141721 0.320359 0.015650 0.016487
0 0.782065 0.568480 0.017989 0.022084
0 0.231867 0.365641 0.017242 0.024494
0 0.305188 0.788033 0.016339 0.020042
0 0.492789 0.458851 0.015900 0.021237
0 0.032874 0.535298 0.015594 0.018273
0 0.354237 0.804080 0.016743 0.021093
0 0.151266 0.443501 0.015053 0.020070
0 0.378744 0.550267 0.015801 0.019738
0 0.560911 0.307850 0.020663 0.024205
0 0.902905 0.775004 0.020026 0.024715
0 0.145447 0.110759 0.017529 0.021372
0 0.403498 0.232203 0.016261 0.022455
0 0.428538 0.461341 0.016715 0.017398
0 0.684265 0.119252 0.016321 0.021659
0 0.339944 0.285946 0.015469 0.019219
0 0.299215 0.287776 0.015821 0.022036
0 0.724728 0.252794 0.016379 0.021107
0 0.381664 0.661518 0.016092 0.019657
0 0.310376 0.132712 0.016598 0.020942
0 0.875054 0.838185 0.025624 0.024224
0 0.418336 0.843227 0.017794 0.021673
0 0.290754 0.569843 0.013407 0.018258
0 0.756774 0.644012 0.017902 0.023375
0 0.961472 0.962452 0.019224 0.025579
0 0.558889 0.979627 0.016261 0.019137
0 0.366731 0.476237 0.018416 0.021132
0 0.265986 0.116798 0.016996 0.021407
0 0.483345 0.308356 0.017277 0.021312
0 0.535560 0.531868 0.015931 0.020724
0 0.901846 0.731967 0.018117 0.020929
0 0.060745 0.421421 0.015230 0.018822
0 0.424480 0.149632 0.016691 0.022908
0 0.549577 0.440905 0.014102 0.017210
0 0.690522 0.712012 0.017676 0.021501
0 0.519040 0.739372 0.015252 0.019009
0 0.708530 0.245468 0.011138 0.014604
0 0.704740 0.059276 0.018094 0.022159
0 0.980199 0.804474 0.017750 0.025062
0 0.511871 0.485077 0.015781 0.019149
0 0.142919 0.563890 0.017832 0.019387
0 0.596931 0.417351 0.014885 0.018059
0 0.387014 0.822929 0.010043 0.013205
0 0.388018 0.840336 0.012052 0.014406
0 0.433213 0.230492 0.014061 0.014406
0 0.434719 0.247299 0.017073 0.016807
0 0.216781 0.770108 0.015065 0.018007
0 0.294114 0.083433 0.013056 0.015606
0 0.369940 0.007803 0.016069 0.015606
0 0.436728 0.983193 0.013056 0.014406
0 0.917296 0.172269 0.016069 0.020408
0 0.048557 0.384754 0.018078 0.018007