0 0.418860 0.992155 0.017187 0.014117
0 0.281192 0.452140 0.018769 0.023141
0 0.498844 0.683920 0.016795 0.020418
0 0.312459 0.014687 0.015349 0.021637
0 0.812602 0.644552 0.017633 0.022094
0 0.638430 0.955992 0.019691 0.024336
0 0.049282 0.904103 0.014113 0.017546
0 0.292618 0.025622 0.016698 0.020230
0 0.315640 0.040846 0.016472 0.020782
0 0.488741 0.131145 0.018657 0.025235
0 0.519540 0.966505 0.022896 0.026590
0 0.863650 0.582545 0.018780 0.022101
0 0.756789 0.936885 0.019581 0.026124
0 0.257054 0.465345 0.020411 0.024325
0 0.645572 0.696985 0.015386 0.018519
0 0.122858 0.492403 0.017243 0.022700
0 0.858763 0.034811 0.015790 0.018287
0 0.384590 0.655915 0.015490 0.019279
0 0.740051 0.589659 0.015672 0.020540
0 0.050999 0.079318 0.017249 0.022753
0 0.677037 0.701339 0.018413 0.023223
0 0.789889 0.651087 0.018129 0.021288
0 0.661270 0.045633 0.017012 0.021632
0 0.510611 0.313794 0.019559 0.022429
0 0.008255 0.854486 0.016320 0.019912
0 0.192676 0.563643 0.018941 0.021959
0 0.286181 0.387312 0.018423 0.022263
0 0.473927 0.678374 0.016943 0.020614
0 0.992070 0.780598 0.015784 0.020303
0 0.659423 0.679057 0.016694 0.020044
0 0.113672 0.287014 0.017330 0.020239
0 0.738533 0.225943 0.017540 0.021024
0 0.820529 0.872864 0.018176 0.022311
0 0.789915 0.442954 0.017283 0.020318
0 0.758691 0.051673 0.018315 0.022493
0 0.791198 0.922393 0.016055 0.019760
0 0.620512 0.717125 0.018162 0.021782
0 0.504054 0.095923 0.015324 0.020387
0 0.711933 0.584862 0.016715 0.020522
0 0.401079 0.009189 0.014959 0.014741
0 0.255995 0.944764 0.018305 0.020906
0 0.120528 0.172725 0.022003 0.026175
0 0.817294 0.989363 0.016605 0.017193
0 0.373008 0.640843 0.014539 0.017457
0 0.284457 0.884741 0.016190 0.019054
0 0.427825 0.708163 0.018461 0.022763
0 0.067041 0.050191 0.018842 0.023214
0 0.424864 0.036060 0.019905 0.027243
0 0.458410 0.262557 0.018115 0.021494
0 0.785523 0.081615 0.017796 0.025207
0 0.090809 0.176421 0.016840 0.021937
0 0.677485 0.615949 0.016692 0.024351
0 0.881687 0.723531 0.018794 0.023142
0 0.021464 0.075586 0.018513 0.020044
0 0.953043 0.551802 0.017225 0.021690
0 0.422811 0.149752 0.017833 0.020906
0 0.538856 0.437947 0.017128 0.020877
0 0.137771 0.234772 0.018125 0.023197
0 0.754356 0.570712 0.018507 0.023637
0 0.941562 0.892157 0.015255 0.018878
0 0.222110 0.231732 0.016809 0.021942
0 0.393335 0.084677 0.016659 0.019570
0 0.022177 0.894513 0.016176 0.020954
0 0.792919 0.787597 0.018145 0.022199
0 0.509754 0.753046 0.016495 0.025281
0 0.618833 0.428429 0.015560 0.021126
0 0.440458 0.665034 0.016199 0.019693
0 0.919373 0.142822 0.018013 0.021536
0 0.462734 0.580030 0.018234 0.021520
0 0.507482 0.361922 0.017870 0.020504
0 0.826614 0.284159 0.019484 0.022514
0 0.893282 0.990302 0.016641 0.016983
0 0.848826 0.064967 0.016700 0.019597
0 0.858232 0.675962 0.018633 0.023141
0 0.014922 0.506663 0.017279 0.021660
0 0.541805 0.083583 0.015700 0.017943
0 0.399833 0.035110 0.016557 0.018779
0 0.330389 0.101600 0.016029 0.022680
0 0.650940 0.079979 0.015880 0.019937
0 0.082604 0.859190 0.018814 0.022017
0 0.073393 0.077514 0.014931 0.021516
0 0.618828 0.876584 0.019381 0.023024
0 0.825145 0.588433 0.016420 0.020863
0 0.822165 0.966298 0.016680 0.019446
0 0.684263 0.032921 0.015260 0.018369
0 0.130128 0.708778 0.016911 0.022554
0 0.041930 0.935800 0.015889 0.024169
0 0.852643 0.761769 0.016827 0.020948
0 0.310974 0.832676 0.016247 0.021517
0 0.689583 0.286105 0.015709 0.020170
0 0.791919 0.288119 0.014496 0.018504
0 0.351755 0.039386 0.015546 0.019291
0 0.722515 0.558884 0.017599 0.020557
0 0.612740 0.113729 0.017345 0.022466
0 0.196311 0.522974 0.019567 0.022854
0 0.861713 0.554616 0.019218 0.023068
0 0.422272 0.007576 0.014710 0.013781
0 0.657200 0.887442 0.016792 0.020396
0 0.348266 0.898072 0.019406 0.024053
0 0.552624 0.806362 0.016824 0.021578
0 0.216772 0.326255 0.017025 0.021852
0 0.811308 0.061425 0.015481 0.027527
0 0.337148 0.565381 0.015895 0.019251
0 0.301001 0.105255 0.015972 0.019687
0 0.846453 0.955056 0.016336 0.021470
0 0.888135 0.955352 0.016583 0.019780
0 0.230238 0.647847 0.018053 0.019896
0 0.340385 0.712043 0.016739 0.019845
0 0.075743 0.111964 0.017243 0.022961
0 0.096992 0.562381 0.018024 0.021846
0 0.555940 0.413550 0.017772 0.022741
0 0.467074 0.140521 0.016377 0.021321
0 0.041567 0.582341 0.019395 0.023934
0 0.046605 0.115416 0.019341 0.022024
0 0.338593 0.018932 0.016835 0.022942
0 0.479412 0.319494 0.014525 0.019190
0 0.909727 0.112152 0.016426 0.023369
0 0.238026 0.805845 0.018114 0.022598
0 0.501052 0.393304 0.017910 0.022401
0 0.656951 0.588273 0.019096 0.023570
0 0.083813 0.377413 0.018198 0.020874
0 0.670491 0.866245 0.015155 0.018098
0 0.039016 0.879352 0.015065 0.020408
0 0.632069 0.179472 0.018078 0.020408
0 0.204729 0.654262 0.015065 0.014406
0 0.409611 0.941777 0.015065 0.013205
0 0.363914 0.951381 0.016069 0.015606
0 0.371447 0.972389 0.015065 0.014406