0 0.213125 0.962064 0.024536 0.030283
0 0.178335 0.900533 0.018802 0.023479
0 0.126021 0.928389 0.017298 0.022114
0 0.405180 0.707183 0.018791 0.023193
0 0.404368 0.845305 0.018711 0.023407
0 0.008988 0.966820 0.017623 0.024585
0 0.498749 0.460246 0.020474 0.022374
0 0.094276 0.341195 0.020345 0.024768
0 0.054433 0.769192 0.018485 0.021919
0 0.094101 0.923544 0.020541 0.025613
0 0.864772 0.194551 0.022498 0.028528
0 0.169245 0.821873 0.021179 0.022493
0 0.859143 0.704989 0.019650 0.023443
0 0.895596 0.469075 0.017452 0.022798
0 0.591232 0.086699 0.024287 0.029913
0 0.239107 0.020234 0.022770 0.027520
0 0.647986 0.589231 0.021312 0.024625
0 0.461406 0.284957 0.019254 0.023966
0 0.967900 0.225881 0.021030 0.027995
0 0.563271 0.434774 0.018669 0.023343
0 0.740960 0.446433 0.020270 0.021194
0 0.271625 0.569924 0.019352 0.023738
0 0.908098 0.885822 0.016986 0.022494
0 0.828235 0.891023 0.021311 0.024806
0 0.337290 0.277008 0.018396 0.023809
0 0.140116 0.200045 0.018379 0.023019
0 0.501046 0.494123 0.018825 0.022673
0 0.543680 0.407095 0.019327 0.021417
0 0.913181 0.430217 0.019807 0.024255
0 0.467188 0.778822 0.018202 0.022906
0 0.367204 0.913095 0.018063 0.021791
0 0.988971 0.210382 0.017346 0.021424
0 0.885219 0.881913 0.017369 0.021668
0 0.194197 0.116177 0.020547 0.023035
0 0.125343 0.445769 0.017449 0.021173
0 0.605650 0.196549 0.019074 0.022381
0 0.363829 0.288692 0.019051 0.025035
0 0.809985 0.255148 0.020293 0.025104
0 0.592794 0.769287 0.018755 0.023462
0 0.649496 0.551557 0.020555 0.024333
0 0.803122 0.228191 0.018886 0.021934
0 0.467175 0.061603 0.019906 0.023796
0 0.199526 0.881998 0.017614 0.023327
0 0.983811 0.434197 0.019287 0.023396
0 0.638517 0.711459 0.019273 0.024716
0 0.949076 0.901588 0.021878 0.024806
0 0.410076 0.782858 0.018026 0.022768
0 0.431448 0.867900 0.019346 0.024483
0 0.148080 0.489273 0.018579 0.021911
0 0.787441 0.062419 0.021015 0.025528
0 0.871023 0.779354 0.019636 0.025646
0 0.219708 0.530829 0.017436 0.021013
0 0.984921 0.664823 0.018944 0.023205
0 0.057213 0.488120 0.022377 0.027779
0 0.625111 0.619512 0.016976 0.021623
0 0.884363 0.142743 0.020024 0.022554
0 0.475842 0.190012 0.017313 0.021651
0 0.334095 0.105674 0.018608 0.024937
0 0.248934 0.897119 0.018925 0.023733
0 0.646484 0.174070 0.018718 0.021762
0 0.442712 0.687094 0.018326 0.022364
0 0.820473 0.723687 0.018202 0.021715
0 0.337049 0.952572 0.022752 0.024309
0 0.365431 0.667857 0.017005 0.020187
0 0.761186 0.425884 0.019090 0.022349
0 0.471148 0.844232 0.018461 0.024457
0 0.018968 0.623925 0.019577 0.025001
0 0.897579 0.654379 0.019937 0.023096
0 0.357564 0.541380 0.021823 0.024500
0 0.550122 0.208565 0.019316 0.025684
0 0.738585 0.210913 0.019564 0.025895
0 0.574922 0.819969 0.024108 0.028867
0 0.933981 0.636590 0.016300 0.021333
0 0.434775 0.448423 0.017573 0.020636
0 0.922606 0.111613 0.020590 0.025368
0 0.586324 0.165270 0.017608 0.023225
0 0.115270 0.592122 0.017693 0.022192
0 0.816629 0.920244 0.018219 0.025503
0 0.951558 0.936098 0.021593 0.025919
0 0.192572 0.986434 0.016092 0.019498
0 0.558995 0.709942 0.019478 0.022543
0 0.564198 0.746830 0.017863 0.020889
0 0.035636 0.298591 0.018712 0.022677
0 0.804884 0.475010 0.020764 0.024183
0 0.185724 0.664399 0.016999 0.021146
0 0.284678 0.118856 0.018082 0.021421
0 0.646764 0.504455 0.018808 0.021925
0 0.341124 0.176615 0.017545 0.022961
0 0.173437 0.730106 0.016897 0.021773
0 0.465141 0.129163 0.022715 0.024230
0 0.150494 0.434118 0.016640 0.018653
0 0.707327 0.343649 0.018865 0.023340
0 0.841287 0.613250 0.013539 0.017217
0 0.739034 0.979050 0.017551 0.019380
0 0.225352 0.176906 0.017232 0.023023
0 0.168520 0.796272 0.017784 0.020273
0 0.873717 0.465984 0.016044 0.020678
0 0.828477 0.624880 0.014137 0.017965
0 0.287219 0.597003 0.013306 0.018056
0 0.563272 0.661465 0.021091 0.024010