0 0.634365 0.948975 0.021049 0.025813
0 0.817936 0.872986 0.017482 0.021089
0 0.515764 0.966425 0.022972 0.028157
0 0.310847 0.012257 0.015819 0.022080
0 0.788507 0.653732 0.018120 0.022488
0 0.484038 0.133253 0.018574 0.025839
0 0.656677 0.053308 0.017676 0.021676
0 0.536246 0.435495 0.016563 0.020207
0 0.818714 0.273115 0.018767 0.020585
0 0.284872 0.387777 0.018254 0.021788
0 0.671779 0.604524 0.016810 0.027328
0 0.108509 0.139076 0.017611 0.022397
0 0.795838 0.771792 0.018761 0.024882
0 0.330432 0.047763 0.014517 0.020164
0 0.512027 0.293356 0.017794 0.022839
0 0.656919 0.150545 0.021956 0.025649
0 0.018180 0.481159 0.015956 0.018280
0 0.810423 0.644991 0.018404 0.023568
0 0.253373 0.472690 0.020784 0.025354
0 0.128225 0.168967 0.020080 0.023792
0 0.750579 0.569482 0.020087 0.025832
0 0.045135 0.073128 0.017728 0.023198
0 0.861082 0.561911 0.018413 0.022000
0 0.169294 0.270186 0.016320 0.020274
0 0.527314 0.343403 0.017168 0.019720
0 0.812289 0.988593 0.013978 0.017809
0 0.757306 0.906449 0.020503 0.023854
0 0.758265 0.052484 0.018327 0.023424
0 0.280674 0.450539 0.020567 0.024564
0 0.746009 0.219085 0.017640 0.021360
0 0.290062 0.023692 0.018281 0.022737
0 0.215568 0.977825 0.017298 0.019535
0 0.847050 0.040461 0.014126 0.018033
0 0.394379 0.083410 0.017214 0.020574
0 0.847952 0.011993 0.016069 0.019001
0 0.659819 0.678186 0.015955 0.019339
0 0.518299 0.647755 0.015572 0.020164
0 0.629509 0.677866 0.015230 0.017718
0 0.070473 0.043685 0.018066 0.022507
0 0.844090 0.064084 0.015081 0.018710
0 0.039446 0.935163 0.018287 0.024086
0 0.454846 0.982425 0.016568 0.021027
0 0.071350 0.525213 0.019683 0.022380
0 0.721841 0.544291 0.017277 0.020278
0 0.121136 0.492640 0.016341 0.022281
0 0.431444 0.135093 0.016531 0.020775
0 0.550899 0.455229 0.013852 0.016959
0 0.010656 0.071096 0.019412 0.021970
0 0.428264 0.675993 0.017837 0.020504
0 0.616583 0.701141 0.018939 0.023168
0 0.310961 0.851658 0.015473 0.019547
0 0.371408 0.642352 0.014884 0.019612
0 0.313684 0.038049 0.014872 0.021569
0 0.656862 0.859951 0.016099 0.020338
0 0.451554 0.934389 0.017722 0.021636
0 0.549395 0.073714 0.014562 0.017478
0 0.683042 0.031758 0.014600 0.019645
0 0.328571 0.102054 0.017658 0.022898
0 0.470174 0.677363 0.017340 0.021688
0 0.310122 0.905122 0.017700 0.021803
0 0.518525 0.083396 0.015889 0.021351
0 0.855785 0.673055 0.018349 0.022029
0 0.681295 0.699603 0.020556 0.024263
0 0.805863 0.424308 0.016833 0.020435
0 0.887270 0.679963 0.017996 0.021412
0 0.131609 0.955117 0.016686 0.019666
0 0.457166 0.262011 0.018688 0.022628
0 0.424247 0.036529 0.018703 0.023182
0 0.387796 0.687132 0.015951 0.020687
0 0.636780 0.395006 0.015671 0.019602
0 0.708127 0.586523 0.016192 0.021418
0 0.839486 0.980017 0.014812 0.018720
0 0.136085 0.235291 0.017375 0.021552
0 0.220714 0.231686 0.017046 0.022702
0 0.638449 0.071466 0.014641 0.019656
0 0.385779 0.652334 0.014326 0.018301
0 0.936116 0.890490 0.015678 0.019847
0 0.055543 0.965502 0.018782 0.022497
0 0.095232 0.087541 0.016704 0.021542
0 0.109188 0.541804 0.018421 0.022427
0 0.890786 0.990553 0.017455 0.016638
0 0.047749 0.820234 0.017253 0.020886
0 0.819823 0.966706 0.017173 0.020093
0 0.629687 0.823918 0.017929 0.023722
0 0.300679 0.101775 0.015610 0.020490
0 0.670656 0.837719 0.014878 0.017760
0 0.794433 0.270755 0.014606 0.019286
0 0.014492 0.789179 0.017458 0.021724
0 0.221269 0.515102 0.019483 0.022723
0 0.614902 0.112201 0.018574 0.022385
0 0.481685 0.560955 0.016894 0.022320
0 0.049420 0.901258 0.015584 0.018858
0 0.883626 0.936645 0.017115 0.021393
0 0.227510 0.631749 0.016404 0.019706
0 0.739056 0.590463 0.015108 0.020067
0 0.366465 0.860872 0.019928 0.023218
0 0.838200 0.735595 0.017178 0.020646
0 0.896820 0.100142 0.019519 0.022684
0 0.463398 0.139143 0.015843 0.021898
0 0.466845 0.626908 0.016001 0.021163
0 0.009899 0.655421 0.017147 0.019743
0 0.911349 0.143364 0.017250 0.021758
0 0.068488 0.077590 0.015940 0.023324
0 0.837473 0.925226 0.018052 0.021362
0 0.051685 0.111270 0.016169 0.020131
0 0.963672 0.529832 0.018310 0.020749
0 0.093146 0.845934 0.018976 0.023830
0 0.577870 0.371647 0.018423 0.022332
0 0.371468 0.971998 0.016604 0.019172
0 0.520867 0.710692 0.017476 0.021073
0 0.166021 0.675788 0.018237 0.022097
0 0.307269 0.827476 0.016969 0.018608
0 0.456639 0.361948 0.015082 0.019017
0 0.715398 0.273250 0.015609 0.018512
0 0.023446 0.896054 0.017168 0.018925
0 0.794321 0.877872 0.015552 0.020275
0 0.039044 0.132356 0.013166 0.017833
0 0.671874 0.548566 0.018472 0.023639
0 0.036899 0.876743 0.013670 0.017343
0 0.377475 0.528025 0.014998 0.017663
0 0.337170 0.013124 0.015590 0.022228
0 0.238040 0.543080 0.016206 0.021699
0 0.355079 0.040718 0.017599 0.018965
0 0.186207 0.972249 0.016625 0.021225
0 0.271848 0.584937 0.016143 0.021661
0 0.826488 0.580130 0.014968 0.019343
0 0.210776 0.319898 0.018057 0.021456
0 0.460185 0.876974 0.016233 0.017270
0 0.578605 0.729089 0.016340 0.020132
0 0.011054 0.506288 0.016911 0.020546
0 0.862326 0.535171 0.019716 0.020800
0 0.591227 0.893853 0.013254 0.017075
0 0.782369 0.078373 0.016989 0.020974
0 0.499092 0.387176 0.015850 0.022660
0 0.228331 0.807323 0.020086 0.022809
0 0.389524 0.036615 0.013056 0.018007
0 0.158028 0.354142 0.016069 0.021609
0 0.739531 0.522809 0.016069 0.015606