0 0.458057 0.038519 0.015776 0.019731
0 0.625311 0.944790 0.019287 0.025321
0 0.131983 0.180464 0.019975 0.024086
0 0.280407 0.384422 0.018307 0.023184
0 0.116429 0.488732 0.016781 0.022246
0 0.619050 0.643130 0.015530 0.020818
0 0.513187 0.229499 0.019505 0.025471
0 0.832043 0.286430 0.018550 0.023288
0 0.855309 0.310843 0.017006 0.022094
0 0.048386 0.186133 0.016391 0.024889
0 0.713426 0.195752 0.019339 0.024148
0 0.759069 0.816966 0.018881 0.024540
0 0.841031 0.882174 0.015649 0.020326
0 0.561020 0.870039 0.016696 0.022154
0 0.787661 0.666754 0.016356 0.020508
0 0.409744 0.550331 0.014736 0.021585
0 0.225094 0.971728 0.016771 0.021597
0 0.383391 0.085231 0.014944 0.022017
0 0.830431 0.736775 0.012252 0.015243
0 0.096380 0.670106 0.015751 0.019313
0 0.530564 0.434080 0.016593 0.019893
0 0.315419 0.079743 0.016531 0.019916
0 0.130829 0.231233 0.016696 0.021398
0 0.902742 0.985200 0.017904 0.021179
0 0.537457 0.915963 0.018110 0.021841
0 0.033985 0.933086 0.017711 0.022483
0 0.470687 0.530821 0.013491 0.017957
0 0.464481 0.679304 0.015813 0.022709
0 0.816211 0.869966 0.018332 0.023256
0 0.503664 0.316239 0.012092 0.016237
0 0.718750 0.902161 0.019502 0.021238
0 0.048589 0.515774 0.018102 0.016997
0 0.300929 0.558140 0.017979 0.024435
0 0.326429 0.821857 0.016073 0.019454
0 0.039797 0.074116 0.015257 0.021668
0 0.013848 0.029978 0.013639 0.019176
0 0.765196 0.950739 0.015419 0.019560
0 0.071744 0.932802 0.017411 0.022346
0 0.907894 0.137532 0.012765 0.016862
0 0.213952 0.226849 0.016348 0.021395
0 0.164071 0.661129 0.018406 0.021060
0 0.504889 0.102741 0.015991 0.020901
0 0.266005 0.040974 0.015975 0.019638
0 0.071899 0.806675 0.017599 0.021211
0 0.963528 0.698792 0.014300 0.017041
0 0.894111 0.160026 0.013686 0.017467
0 0.295154 0.047345 0.015115 0.020345
0 0.111623 0.216566 0.015901 0.019999
0 0.798729 0.960420 0.015566 0.019410
0 0.996103 0.703047 0.007794 0.020846
0 0.064935 0.991552 0.015073 0.014717
0 0.323110 0.108742 0.014627 0.019670
0 0.244466 0.469760 0.019935 0.022710
0 0.330810 0.855791 0.016686 0.021260
0 0.251406 0.938176 0.013761 0.018305
0 0.203803 0.956801 0.014907 0.018502
0 0.893098 0.596528 0.014583 0.017981
0 0.596200 0.617976 0.014112 0.019862
0 0.063622 0.041417 0.020086 0.020408
0 0.051570 0.106843 0.020086 0.021609
0 0.274529 0.073229 0.012052 0.016807
0 0.493974 0.045618 0.017073 0.012005
0 0.427187 0.039016 0.016069 0.015606
0 0.774180 0.163866 0.013056 0.022809
0 0.736518 0.169868 0.018078 0.020408
0 0.327256 0.045618 0.015065 0.016807
0 0.065128 0.537215 0.019082 0.018007
0 0.798786 0.642857 0.020086 0.015606
0 0.448780 0.777911 0.017073 0.019208
0 0.718942 0.057023 0.017073 0.015606
0 0.294114 0.102641 0.013056 0.015606
0 0.459827 0.076230 0.013056 0.013205
0 0.100279 0.546218 0.013056 0.016807
0 0.073665 0.198679 0.014061 0.018007
0 0.695341 0.662665 0.018078 0.019208
0 0.793262 0.771309 0.017073 0.022809
0 0.697350 0.950780 0.016069 0.021609
0 0.646631 0.199280 0.015065 0.016807
0 0.886162 0.668067 0.014061 0.020408
0 0.825903 0.563025 0.014061 0.014406
0 0.836950 0.538415 0.014061 0.015606