0 0.920768 0.734182 0.020617 0.025263
0 0.154765 0.888974 0.018035 0.023922
0 0.007901 0.266523 0.015776 0.022462
0 0.911859 0.882697 0.016994 0.021419
0 0.772478 0.233005 0.017133 0.020370
0 0.176775 0.749310 0.016321 0.020471
0 0.766142 0.878618 0.023219 0.031545
0 0.974042 0.290023 0.017196 0.022867
0 0.208610 0.742076 0.018480 0.020781
0 0.233736 0.553244 0.019718 0.024084
0 0.635881 0.341358 0.019545 0.023692
0 0.675473 0.289435 0.015029 0.019530
0 0.148909 0.272466 0.020827 0.024205
0 0.790856 0.871552 0.017653 0.022850
0 0.166673 0.855476 0.022450 0.027968
0 0.637206 0.297506 0.015115 0.017024
0 0.279644 0.014142 0.018302 0.023080
0 0.008676 0.731838 0.017333 0.021933
0 0.551393 0.145763 0.013961 0.018242
0 0.876288 0.338557 0.018556 0.021663
0 0.617766 0.015563 0.019186 0.025792
0 0.437083 0.297256 0.018140 0.023423
0 0.310546 0.278986 0.015783 0.018415
0 0.029098 0.975261 0.017456 0.021264
0 0.296089 0.926422 0.017023 0.022172
0 0.940521 0.416018 0.017227 0.021864
0 0.645590 0.031095 0.020398 0.022668
0 0.297920 0.149352 0.016219 0.019691
0 0.730103 0.359446 0.018634 0.022258
0 0.143238 0.916993 0.016572 0.020961
0 0.872991 0.280584 0.019207 0.024779
0 0.052129 0.851043 0.016161 0.021752
0 0.085503 0.504818 0.019638 0.023759
0 0.559774 0.175244 0.017507 0.022361
0 0.236075 0.739661 0.015442 0.022613
0 0.369162 0.045589 0.018264 0.022234
0 0.315001 0.389080 0.017267 0.019933
0 0.389719 0.365585 0.018127 0.022401
0 0.071660 0.300022 0.019144 0.023002
0 0.674592 0.194096 0.016170 0.020659
0 0.342042 0.487792 0.016300 0.019176
0 0.332224 0.223633 0.019726 0.024186
0 0.262934 0.736670 0.014585 0.018867
0 0.464853 0.027019 0.019919 0.023008
0 0.537774 0.658275 0.016643 0.020007
0 0.934002 0.489242 0.017057 0.021601
0 0.789302 0.252864 0.019714 0.025131
0 0.304618 0.337744 0.018824 0.022230
0 0.496404 0.864100 0.020921 0.027178
0 0.863220 0.625622 0.017985 0.023890
0 0.279628 0.589883 0.016074 0.021098
0 0.042034 0.413819 0.017309 0.020659
0 0.927617 0.220146 0.016936 0.021171
0 0.828045 0.236863 0.017349 0.020207
0 0.125688 0.796973 0.016300 0.021420
0 0.981402 0.029018 0.018958 0.023636
0 0.651842 0.275458 0.018256 0.023674
0 0.058295 0.217343 0.019831 0.023349
0 0.800971 0.080610 0.016123 0.018637
0 0.426300 0.665220 0.016320 0.022305
0 0.327061 0.124888 0.016612 0.022597
0 0.243733 0.454016 0.017090 0.021093
0 0.869571 0.871970 0.015956 0.018545
0 0.325030 0.410774 0.015043 0.017711
0 0.310094 0.728891 0.016342 0.020556
0 0.439207 0.578915 0.017134 0.020310
0 0.094922 0.584387 0.017608 0.021212
0 0.089237 0.953624 0.018464 0.021482
0 0.439901 0.110278 0.015507 0.021265
0 0.678909 0.599760 0.018406 0.021677
0 0.511281 0.674193 0.015974 0.020719
0 0.315701 0.241330 0.015042 0.019396
0 0.175198 0.080452 0.017514 0.020126
0 0.280028 0.751694 0.016244 0.021395
0 0.590909 0.279525 0.016629 0.020712
0 0.121101 0.907403 0.016538 0.022640
0 0.329113 0.293674 0.014675 0.018614
0 0.424403 0.355506 0.018968 0.021754
0 0.135359 0.094578 0.014625 0.016359
0 0.599473 0.151251 0.015302 0.019042
0 0.220467 0.064276 0.015293 0.017748
0 0.519993 0.405502 0.017793 0.021724
0 0.768702 0.205691 0.016686 0.020578
0 0.086141 0.872151 0.015873 0.018497
0 0.050119 0.133455 0.015874 0.017900
0 0.273347 0.661153 0.017560 0.021180
0 0.634900 0.504347 0.016980 0.022440
0 0.122457 0.279622 0.017117 0.020746
0 0.885660 0.896759 0.015065 0.014406
0 0.387516 0.505402 0.017073 0.014406
0 0.381992 0.484394 0.016069 0.015606
0 0.028972 0.176471 0.013056 0.019208
0 0.059604 0.174070 0.018078 0.016807
0 0.300642 0.258703 0.016069 0.015606
0 0.880136 0.418968 0.016069 0.021609
0 0.933868 0.678872 0.019082 0.020408
0 0.958474 0.511405 0.016069 0.019208
0 0.831427 0.984394 0.023099 0.019208
0 0.555740 0.886555 0.014061 0.018007
0 0.553229 0.863145 0.015065 0.014406