0 0.323795 0.034860 0.013708 0.019431
0 0.262853 0.474428 0.018924 0.025414
0 0.358881 0.043814 0.015214 0.018451
0 0.548404 0.313413 0.016099 0.021687
0 0.492245 0.129099 0.019506 0.023132
0 0.906868 0.519099 0.017278 0.021268
0 0.544991 0.440547 0.016492 0.021008
0 0.798029 0.659355 0.018012 0.021653
0 0.341306 0.023984 0.016421 0.021395
0 0.875868 0.948050 0.015566 0.020368
0 0.527138 0.971780 0.020874 0.028066
0 0.060451 0.816926 0.017271 0.022124
0 0.380368 0.650264 0.013397 0.017962
0 0.743178 0.957110 0.020497 0.023584
0 0.346577 0.933839 0.015706 0.019801
0 0.822669 0.656549 0.017055 0.022124
0 0.762179 0.572719 0.017863 0.022137
0 0.823044 0.886504 0.020299 0.024411
0 0.315433 0.839334 0.015117 0.019521
0 0.046116 0.120787 0.017545 0.023742
0 0.467156 0.269070 0.018310 0.022340
0 0.338096 0.050986 0.013559 0.018121
0 0.284908 0.461681 0.017157 0.021362
0 0.787829 0.393210 0.018513 0.022144
0 0.033943 0.667938 0.016830 0.022153
0 0.748949 0.712821 0.018059 0.022668
0 0.624931 0.082082 0.020118 0.028783
0 0.267273 0.826055 0.017053 0.020547
0 0.333958 0.862544 0.016529 0.021021
0 0.145937 0.238132 0.016433 0.019573
0 0.821397 0.242754 0.019506 0.020582
0 0.688111 0.633379 0.019018 0.024199
0 0.831931 0.972835 0.016967 0.020717
0 0.890012 0.737200 0.019525 0.025162
0 0.327788 0.897313 0.019205 0.022896
0 0.565718 0.854388 0.016686 0.020587
0 0.650627 0.252459 0.020905 0.025238
0 0.339518 0.111826 0.018405 0.021697
0 0.071556 0.934838 0.016610 0.021354
0 0.360037 0.229861 0.019305 0.022904
0 0.291441 0.840350 0.016013 0.019173
0 0.272592 0.886141 0.019127 0.023185
0 0.771440 0.055697 0.018915 0.022674
0 0.064065 0.094062 0.017611 0.023685
0 0.926806 0.297252 0.016638 0.021131
0 0.357535 0.653149 0.019016 0.022939
0 0.862799 0.680431 0.018720 0.022895
0 0.819880 0.803722 0.018153 0.024144
0 0.855389 0.960460 0.016881 0.021048
0 0.404391 0.153121 0.017597 0.022920
0 0.049094 0.939451 0.016076 0.020926
0 0.615209 0.867821 0.016959 0.020345
0 0.096828 0.443923 0.016545 0.019890
0 0.246832 0.807145 0.019005 0.023205
0 0.297699 0.392389 0.019402 0.023111
0 0.220113 0.328986 0.015744 0.019029
0 0.016565 0.406551 0.015995 0.018997
0 0.337864 0.223487 0.017932 0.022328
0 0.789085 0.130256 0.018681 0.023170
0 0.939193 0.487684 0.019276 0.022421
0 0.270824 0.652986 0.024854 0.031548
0 0.895912 0.936629 0.017346 0.019993
0 0.571310 0.534252 0.019682 0.023760
0 0.326150 0.924078 0.015630 0.019689
0 0.442667 0.464597 0.015935 0.019559
0 0.291400 0.301399 0.017156 0.021101
0 0.090418 0.830258 0.017913 0.022280
0 0.578566 0.893180 0.015891 0.020310
0 0.884548 0.973167 0.018235 0.019445
0 0.398383 0.659941 0.017611 0.020481
0 0.908270 0.970446 0.014921 0.019568
0 0.573181 0.308829 0.016087 0.019477
0 0.719869 0.589804 0.015672 0.020196
0 0.404104 0.017741 0.014801 0.017150
0 0.070565 0.232153 0.018547 0.023125
0 0.149485 0.068521 0.016254 0.019621
0 0.789221 0.083819 0.019003 0.022520
0 0.678967 0.874689 0.016339 0.020228
0 0.312684 0.113563 0.016964 0.021321
0 0.303892 0.031452 0.016735 0.020726
0 0.429628 0.804214 0.020416 0.024255
0 0.795886 0.288754 0.016553 0.020147
0 0.397843 0.095180 0.017181 0.020830
0 0.376862 0.556818 0.015914 0.020120
0 0.054709 0.777139 0.019447 0.023338
0 0.824267 0.215913 0.019178 0.023894
0 0.197986 0.792413 0.015039 0.017714
0 0.776415 0.605336 0.018796 0.024363
0 0.900011 0.475688 0.019077 0.023343
0 0.692046 0.588055 0.015901 0.018941
0 0.024404 0.986391 0.016229 0.019116
0 0.948189 0.899485 0.018682 0.022124
0 0.276439 0.006820 0.015999 0.013640
0 0.666148 0.691817 0.018735 0.022318
0 0.506573 0.392490 0.018252 0.022929
0 0.397098 0.962968 0.015864 0.021064
0 0.083772 0.083995 0.013874 0.021896
0 0.500954 0.096130 0.016629 0.020790
0 0.830630 0.711152 0.014211 0.017749
0 0.293772 0.774138 0.018718 0.021770
0 0.214455 0.123043 0.018700 0.023305
0 0.159949 0.532012 0.017884 0.021152
0 0.644188 0.505421 0.017073 0.020272
0 0.231523 0.233584 0.017499 0.021800
0 0.602567 0.266173 0.017597 0.021243
0 0.803732 0.582280 0.017005 0.020897
0 0.130583 0.494765 0.017301 0.022568
0 0.694939 0.928039 0.019165 0.021062
0 0.638741 0.132396 0.017255 0.022544
0 0.189717 0.540944 0.014933 0.018636
0 0.776250 0.779252 0.016468 0.021020
0 0.963474 0.443596 0.017169 0.021732
0 0.042259 0.177904 0.018624 0.023107
0 0.475087 0.830582 0.018851 0.023296
0 0.114321 0.736611 0.016553 0.020951
0 0.958886 0.364902 0.019225 0.023138
0 0.165614 0.799371 0.017461 0.021307
0 0.533304 0.272850 0.014862 0.018098
0 0.727198 0.567392 0.017402 0.019249
0 0.749954 0.592211 0.014864 0.017904
0 0.476112 0.147204 0.017052 0.021405
0 0.653854 0.413962 0.020530 0.023193
0 0.961986 0.588095 0.018020 0.021818
0 0.535125 0.351940 0.013451 0.016594
0 0.182181 0.160657 0.019703 0.022239
0 0.315260 0.436910 0.015312 0.021066
0 0.428509 0.018614 0.015406 0.019057
0 0.375161 0.978465 0.014557 0.016792
0 0.476201 0.856778 0.015715 0.017369
0 0.485894 0.006439 0.016574 0.012878
0 0.592602 0.878697 0.015182 0.019214
0 0.566589 0.329174 0.012488 0.016620
0 0.610699 0.409828 0.014263 0.016650
0 0.020545 0.056435 0.012193 0.014935
0 0.651054 0.376243 0.013277 0.015042
0 0.247929 0.758170 0.012852 0.017196
0 0.521812 0.436660 0.013998 0.019327
0 0.230875 0.011655 0.012731 0.017550