0 0.924897 0.889717 0.014928 0.025931
0 0.098959 0.873755 0.021771 0.025675
0 0.273369 0.742541 0.016873 0.024425
0 0.905869 0.611457 0.019227 0.023387
0 0.938823 0.588737 0.021218 0.026684
0 0.140375 0.742686 0.017913 0.023010
0 0.281473 0.322977 0.021004 0.025831
0 0.658610 0.190438 0.022268 0.027715
0 0.947878 0.857586 0.022130 0.027697
0 0.905304 0.452377 0.020376 0.025008
0 0.573893 0.674400 0.019974 0.024047
0 0.494476 0.216653 0.021621 0.024559
0 0.226035 0.017971 0.018703 0.022190
0 0.400867 0.911055 0.021875 0.025275
0 0.051345 0.950472 0.020144 0.024238
0 0.491166 0.151426 0.020418 0.026249
0 0.398643 0.407445 0.016693 0.021277
0 0.787369 0.241944 0.018824 0.023162
0 0.891595 0.946198 0.021066 0.023723
0 0.530754 0.098915 0.018619 0.023800
0 0.878834 0.640665 0.020371 0.025108
0 0.343852 0.723187 0.019099 0.022829
0 0.929362 0.840446 0.018314 0.021497
0 0.248821 0.559006 0.020133 0.025857
0 0.137530 0.281849 0.019998 0.024690
0 0.780427 0.383819 0.021579 0.023362
0 0.099440 0.507510 0.018975 0.023620
0 0.112468 0.900896 0.019423 0.023627
0 0.500926 0.931516 0.022233 0.024769
0 0.215217 0.109414 0.022151 0.025780
0 0.985101 0.088080 0.018157 0.023140
0 0.575666 0.464369 0.024192 0.027341
0 0.083194 0.935476 0.018544 0.023005
0 0.086374 0.308408 0.020990 0.025655
0 0.553440 0.658802 0.017273 0.021412
0 0.740902 0.514522 0.022667 0.026351
0 0.947992 0.494862 0.021240 0.024692
0 0.232844 0.889436 0.017725 0.023203
0 0.535710 0.700764 0.020075 0.023870
0 0.582029 0.030705 0.020876 0.026283
0 0.605123 0.673836 0.020995 0.025823
0 0.167643 0.898093 0.021199 0.025767
0 0.528257 0.413553 0.020985 0.024020
0 0.895850 0.289541 0.023223 0.026059
0 0.250251 0.746369 0.016705 0.021810
0 0.894935 0.424189 0.020893 0.024069
0 0.375511 0.324216 0.019566 0.023374
0 0.702645 0.736880 0.020449 0.027836
0 0.882290 0.879459 0.020939 0.023197
0 0.989509 0.293374 0.018881 0.023224
0 0.812868 0.092829 0.020125 0.025844
0 0.827449 0.127744 0.018344 0.021255
0 0.628095 0.763617 0.021141 0.025923
0 0.484608 0.483293 0.018006 0.021709
0 0.331887 0.245306 0.020712 0.023413
0 0.711745 0.989891 0.018700 0.017019
0 0.782926 0.213373 0.018272 0.021883
0 0.443315 0.550849 0.018140 0.023782
0 0.453042 0.318428 0.018171 0.024445
0 0.757923 0.606845 0.021086 0.025458
0 0.039775 0.186887 0.020477 0.024167
0 0.807757 0.878618 0.023823 0.027098
0 0.910184 0.117301 0.020854 0.027651
0 0.218277 0.739817 0.016935 0.021364
0 0.117494 0.137742 0.018459 0.022032
0 0.317180 0.268941 0.018601 0.022683
0 0.315819 0.158066 0.018057 0.023142
0 0.007725 0.832658 0.014833 0.019709
0 0.043420 0.120030 0.018089 0.026257
0 0.206565 0.634773 0.019125 0.023782
0 0.279244 0.580900 0.015963 0.019490
0 0.346201 0.301149 0.017125 0.022776
0 0.810658 0.321223 0.017774 0.021691
0 0.055093 0.422981 0.017460 0.021505
0 0.325267 0.857192 0.023727 0.024296
0 0.296297 0.477889 0.019074 0.021960
0 0.378634 0.858965 0.019403 0.023189
0 0.369054 0.661455 0.018948 0.023054
0 0.617999 0.156415 0.017344 0.021697
0 0.407971 0.733270 0.018269 0.021869
0 0.972265 0.787936 0.019489 0.022378
0 0.950037 0.687109 0.016692 0.021686
0 0.506489 0.241627 0.018038 0.023451
0 0.774265 0.269190 0.018091 0.021468
0 0.647035 0.423194 0.018575 0.022552
0 0.253779 0.010897 0.016919 0.020113
0 0.566601 0.309520 0.018677 0.023058
0 0.712516 0.650692 0.019663 0.022124
0 0.549494 0.533574 0.016313 0.020326
0 0.439446 0.671855 0.017891 0.023352
0 0.718605 0.331533 0.017320 0.022298
0 0.823967 0.217939 0.019328 0.023333
0 0.560139 0.160328 0.016334 0.020428
0 0.409216 0.363587 0.019105 0.022830
0 0.159695 0.526853 0.018423 0.025789
0 0.703741 0.018527 0.018156 0.023599
0 0.488472 0.258540 0.015380 0.019652
0 0.943409 0.895558 0.018078 0.019208