0 0.560222 0.526685 0.022786 0.030598
0 0.214104 0.321320 0.020261 0.025598
0 0.307947 0.576454 0.015206 0.021301
0 0.518304 0.029643 0.019583 0.022362
0 0.705546 0.270343 0.015256 0.020403
0 0.491108 0.975478 0.016644 0.017979
0 0.984274 0.647688 0.017959 0.021775
0 0.577898 0.484996 0.016977 0.021448
0 0.421452 0.545196 0.019527 0.023552
0 0.250694 0.386858 0.015790 0.019550
0 0.974782 0.704658 0.016465 0.020047
0 0.980663 0.849358 0.019238 0.023237
0 0.946107 0.330869 0.017064 0.020355
0 0.404640 0.231792 0.016828 0.022872
0 0.756487 0.766776 0.016887 0.022816
0 0.609330 0.181501 0.016446 0.020250
0 0.271474 0.665186 0.018910 0.024079
0 0.032635 0.536563 0.015413 0.018424
0 0.389782 0.787943 0.016434 0.021544
0 0.163420 0.018533 0.021506 0.023655
0 0.426547 0.488939 0.019337 0.022377
0 0.679074 0.958832 0.017380 0.020567
0 0.869852 0.586705 0.014446 0.018074
0 0.562207 0.312545 0.019828 0.023315
0 0.962161 0.310899 0.016747 0.021399
0 0.144565 0.361865 0.018139 0.023178
0 0.385426 0.086555 0.018795 0.023201
0 0.439628 0.619719 0.015642 0.020649
0 0.601468 0.861945 0.019016 0.022049
0 0.914742 0.170159 0.016852 0.025724
0 0.074908 0.400997 0.018740 0.023812
0 0.781272 0.451974 0.019302 0.022887
0 0.855188 0.569675 0.017079 0.020999
0 0.186217 0.415576 0.017286 0.020774
0 0.795223 0.821141 0.021464 0.023916
0 0.947670 0.453532 0.016723 0.021091
0 0.582476 0.053243 0.014379 0.017535
0 0.628582 0.064407 0.017906 0.022013
0 0.217974 0.451071 0.017447 0.020614
0 0.290934 0.570182 0.013778 0.017802
0 0.457898 0.818744 0.019193 0.020743
0 0.514102 0.462255 0.014927 0.017918
0 0.701312 0.763148 0.016552 0.021192
0 0.051922 0.382024 0.016499 0.019973
0 0.160872 0.298253 0.015299 0.017414
0 0.019038 0.554936 0.012088 0.016495
0 0.440807 0.750657 0.016609 0.020490
0 0.254477 0.527642 0.018540 0.022116
0 0.484416 0.306788 0.016646 0.020540
0 0.117051 0.211560 0.017669 0.020980
0 0.382043 0.828857 0.019361 0.029166
0 0.799477 0.768926 0.015751 0.018574
0 0.232340 0.366039 0.017145 0.023169
0 0.779747 0.561830 0.020253 0.021714
0 0.506319 0.483038 0.015980 0.019440
0 0.301407 0.793423 0.016511 0.021207
0 0.324841 0.558780 0.016150 0.021608
0 0.350586 0.806034 0.016844 0.020421
0 0.381850 0.661992 0.015938 0.018937
0 0.902409 0.775080 0.020084 0.024099
0 0.139871 0.319704 0.018404 0.020429
0 0.237658 0.317192 0.016920 0.025077
0 0.757065 0.644224 0.017562 0.023264
0 0.975324 0.801843 0.016885 0.022225
0 0.876292 0.683665 0.018076 0.022801
0 0.685478 0.283001 0.015738 0.019977
0 0.278046 0.605206 0.013707 0.016798
0 0.145525 0.111684 0.017715 0.020575
0 0.961862 0.963264 0.017646 0.025264
0 0.299455 0.287845 0.016146 0.022441
0 0.423638 0.149983 0.018398 0.023158
0 0.325378 0.112276 0.018091 0.022829
0 0.535757 0.531351 0.015891 0.021262
0 0.684248 0.120299 0.017115 0.021107
0 0.415436 0.091120 0.018479 0.021365
0 0.492465 0.458146 0.014982 0.020621
0 0.440799 0.399373 0.018800 0.021921
0 0.370697 0.542121 0.017100 0.020041
0 0.549689 0.441235 0.014515 0.016834
0 0.410035 0.838565 0.017236 0.021791
0 0.340316 0.285844 0.015519 0.019819
0 0.690368 0.712130 0.018417 0.022856
0 0.862348 0.832080 0.020009 0.022961
0 0.558923 0.979918 0.015969 0.019412
0 0.429066 0.462109 0.017018 0.017119
0 0.300653 0.133169 0.018250 0.022649
0 0.366940 0.475451 0.017612 0.020412
0 0.217928 0.766090 0.016724 0.017682
0 0.519190 0.739568 0.015602 0.019816
0 0.265664 0.116055 0.018033 0.021771
0 0.293920 0.077303 0.013965 0.016534
0 0.151450 0.442864 0.015612 0.020215
0 0.815340 0.898175 0.017211 0.020905
0 0.903244 0.729435 0.018485 0.021295
0 0.180723 0.168103 0.013950 0.018208
0 0.059000 0.422767 0.015171 0.018954
0 0.725414 0.252940 0.017255 0.022738
0 0.435226 0.244567 0.016324 0.019324
0 0.535917 0.058149 0.015257 0.018710
0 0.142877 0.563686 0.017773 0.020236
0 0.705105 0.057518 0.018064 0.021946
0 0.590807 0.412329 0.015451 0.018812
0 0.370944 0.008403 0.014061 0.016806
0 0.436225 0.983193 0.016069 0.024010