0 0.912412 0.882415 0.016886 0.021306
0 0.150335 0.144019 0.015625 0.021862
0 0.566472 0.157006 0.014230 0.019048
0 0.451984 0.087757 0.017529 0.023105
0 0.050059 0.415008 0.016356 0.020509
0 0.967148 0.941766 0.017224 0.021925
0 0.331092 0.512896 0.014736 0.018856
0 0.158765 0.890983 0.019565 0.024628
0 0.224959 0.764142 0.018690 0.020991
0 0.086718 0.500096 0.018584 0.022838
0 0.124045 0.908063 0.017121 0.020939
0 0.653875 0.221260 0.017412 0.022618
0 0.344583 0.307350 0.015056 0.018581
0 0.238030 0.739915 0.014534 0.019144
0 0.354032 0.088415 0.017160 0.021803
0 0.788747 0.178097 0.016483 0.021247
0 0.875305 0.872158 0.016718 0.020837
0 0.310200 0.419253 0.014339 0.017213
0 0.231431 0.551600 0.017299 0.022143
0 0.954312 0.766261 0.016181 0.019657
0 0.373907 0.763152 0.017208 0.022157
0 0.792417 0.833330 0.020661 0.025864
0 0.310290 0.397942 0.015493 0.016972
0 0.213212 0.731392 0.016217 0.022192
0 0.166285 0.580374 0.021143 0.024353
0 0.076755 0.091967 0.017245 0.021921
0 0.050125 0.585526 0.015485 0.019466
0 0.010653 0.149916 0.017352 0.022898
0 0.180418 0.954336 0.020058 0.024314
0 0.551878 0.143959 0.013537 0.017379
0 0.349545 0.861432 0.018533 0.021254
0 0.779136 0.112589 0.018132 0.022948
0 0.832120 0.092285 0.016996 0.020136
0 0.631708 0.228869 0.015542 0.021148
0 0.788923 0.865530 0.018394 0.021625
0 0.308788 0.500568 0.015384 0.019640
0 0.020760 0.420543 0.014409 0.018986
0 0.187773 0.874565 0.017328 0.021332
0 0.284236 0.298535 0.016054 0.021198
0 0.451346 0.332468 0.015632 0.020001
0 0.170670 0.291598 0.016896 0.021920
0 0.052026 0.678953 0.017265 0.018666
0 0.267805 0.378400 0.013448 0.018711
0 0.504179 0.367131 0.016490 0.018521
0 0.775620 0.202235 0.015783 0.020744
0 0.419498 0.034457 0.015311 0.019215
0 0.091308 0.030955 0.016352 0.019835
0 0.285338 0.555961 0.014353 0.020030
0 0.795297 0.384222 0.017506 0.021221
0 0.791149 0.063483 0.017782 0.022694
0 0.552292 0.591234 0.017039 0.021905
0 0.108037 0.094675 0.018409 0.022576
0 0.434057 0.665183 0.015577 0.018641
0 0.066731 0.736461 0.016198 0.021064
0 0.520462 0.408071 0.017472 0.020432
0 0.623980 0.039315 0.016014 0.019159
0 0.188149 0.537601 0.015533 0.019856
0 0.980946 0.290611 0.018347 0.023097
0 0.126771 0.795000 0.016731 0.021095
0 0.056635 0.818424 0.017168 0.022184
0 0.494880 0.753809 0.017247 0.021602
0 0.877123 0.210684 0.014061 0.018007
0 0.874613 0.276110 0.013056 0.019208
0 0.378979 0.196879 0.014061 0.019208
0 0.297629 0.153061 0.016069 0.018007
0 0.164054 0.166867 0.016069 0.016807
0 0.328261 0.364946 0.017073 0.016807
0 0.337802 0.346339 0.016069 0.015606
0 0.287586 0.409364 0.014061 0.019208
0 0.240382 0.581032 0.014061 0.014406
0 0.261473 0.566627 0.014061 0.014406
0 0.309681 0.290516 0.014061 0.012005
0 0.775185 0.231693 0.011048 0.014406
0 0.675757 0.144658 0.019082 0.015606
0 0.678770 0.092437 0.013056 0.014406
0 0.603947 0.151261 0.012052 0.016807
0 0.643618 0.299520 0.013056 0.013205
0 0.654666 0.331933 0.015065 0.020408
0 0.905244 0.106843 0.014061 0.019208
0 0.931859 0.095438 0.015065 0.018007
0 0.866076 0.626651 0.016069 0.014406
0 0.086219 0.943577 0.017073 0.019208
0 0.161041 0.976591 0.018078 0.020408
0 0.091240 0.876351 0.017073 0.019208
0 0.065630 0.859544 0.014061 0.019208
0 0.031483 0.822329 0.014061 0.014406
0 0.022444 0.181873 0.018078 0.018007
0 0.265491 0.327731 0.018078 0.026411
0 0.733003 0.843938 0.015065 0.019208
0 0.832431 0.980192 0.019082 0.022809