0 0.625514 0.173821 0.025092 0.026831
0 0.664536 0.013283 0.016975 0.020567
0 0.255156 0.467762 0.019281 0.024804
0 0.117844 0.163040 0.019857 0.026091
0 0.520804 0.968472 0.022194 0.027667
0 0.640031 0.960484 0.020537 0.024555
0 0.279136 0.459660 0.019065 0.024327
0 0.401069 0.010329 0.014648 0.016938
0 0.869117 0.581811 0.019608 0.022447
0 0.294333 0.025821 0.016599 0.021271
0 0.813947 0.642965 0.016907 0.022559
0 0.487486 0.128857 0.018848 0.023971
0 0.793547 0.654712 0.016667 0.021744
0 0.992296 0.333152 0.015131 0.020474
0 0.786660 0.081773 0.019433 0.025984
0 0.315184 0.039635 0.016251 0.019670
0 0.627337 0.732495 0.017573 0.021655
0 0.496866 0.697006 0.017230 0.020767
0 0.678795 0.707086 0.017050 0.021047
0 0.793819 0.951908 0.015961 0.019128
0 0.045372 0.904835 0.015591 0.016859
0 0.287425 0.387781 0.018622 0.022034
0 0.123660 0.493708 0.017026 0.022786
0 0.762341 0.954299 0.018118 0.024802
0 0.681648 0.992346 0.018650 0.014650
0 0.723830 0.567808 0.017779 0.020639
0 0.740381 0.221922 0.017848 0.021058
0 0.654100 0.704143 0.015706 0.018206
0 0.819691 0.991509 0.017369 0.015893
0 0.887416 0.959740 0.016226 0.020300
0 0.304412 0.103217 0.017134 0.020440
0 0.555967 0.419840 0.017959 0.022859
0 0.350111 0.040589 0.015521 0.020430
0 0.941112 0.895522 0.015236 0.019852
0 0.423813 0.151515 0.019259 0.021883
0 0.871407 0.010212 0.016238 0.018389
0 0.435973 0.681159 0.016463 0.021413
0 0.009826 0.503919 0.016452 0.020840
0 0.070284 0.050964 0.017990 0.020435
0 0.137750 0.235643 0.016177 0.021103
0 0.331137 0.102420 0.017767 0.022014
0 0.493628 0.095252 0.016873 0.019777
0 0.668210 0.894825 0.015682 0.019302
0 0.249807 0.947366 0.017597 0.020455
0 0.340010 0.927110 0.018761 0.023311
0 0.830230 0.282010 0.021687 0.021986
0 0.506543 0.764004 0.020991 0.025371
0 0.393979 0.084672 0.016733 0.019868
0 0.714262 0.591513 0.016959 0.020669
0 0.372812 0.643557 0.014767 0.017806
0 0.763713 0.056412 0.018353 0.024427
0 0.895133 0.987802 0.016845 0.019083
0 0.465273 0.675998 0.017292 0.020323
0 0.315669 0.014636 0.015698 0.019642
0 0.077730 0.857454 0.018124 0.024088
0 0.063825 0.397551 0.017336 0.021289
0 0.183399 0.532008 0.018421 0.021372
0 0.323972 0.743397 0.016235 0.020751
0 0.855180 0.785695 0.017617 0.020694
0 0.754324 0.570169 0.018669 0.023044
0 0.821699 0.881346 0.018219 0.022041
0 0.411700 0.028476 0.014915 0.017325
0 0.501004 0.360370 0.017694 0.021340
0 0.913728 0.149078 0.018164 0.022417
0 0.221877 0.232630 0.017680 0.022409
0 0.091755 0.166607 0.017510 0.021718
0 0.539178 0.439368 0.017729 0.022259
0 0.314213 0.834905 0.017300 0.021349
0 0.384812 0.658346 0.015334 0.018383
0 0.042997 0.936666 0.016708 0.022643
0 0.511644 0.301215 0.020210 0.022942
0 0.539433 0.062897 0.014992 0.019325
0 0.835125 0.585992 0.015779 0.018637
0 0.233159 0.810284 0.019548 0.026894
0 0.692891 0.015695 0.015958 0.021307
0 0.800635 0.050303 0.014224 0.025558
0 0.006017 0.579473 0.012033 0.015245
0 0.683659 0.614928 0.017564 0.019740
0 0.796581 0.448422 0.019587 0.022171
0 0.027846 0.077244 0.017891 0.019153
0 0.619891 0.898874 0.018372 0.024448
0 0.857717 0.675715 0.017729 0.021954
0 0.791089 0.287221 0.014942 0.018750
0 0.670065 0.867314 0.014759 0.016953
0 0.861523 0.040827 0.015623 0.021383
0 0.793684 0.788829 0.017771 0.021622
0 0.662009 0.598537 0.019459 0.025375
0 0.870846 0.554266 0.018617 0.021189
0 0.823502 0.965941 0.017249 0.020046
0 0.683750 0.270510 0.016840 0.022163
0 0.217244 0.331855 0.017065 0.020678
0 0.856233 0.975982 0.017127 0.020598
0 0.176903 0.577135 0.018437 0.021472
0 0.617836 0.439954 0.018068 0.022540
0 0.910271 0.078041 0.017464 0.023893
0 0.962207 0.551746 0.018114 0.021786
0 0.430994 0.042206 0.023358 0.022856
0 0.459616 0.261388 0.018883 0.022805
0 0.991870 0.793973 0.015903 0.022430
0 0.277992 0.914992 0.015480 0.019238
0 0.664372 0.683169 0.017206 0.020825
0 0.047938 0.119954 0.019221 0.025595
0 0.224956 0.649404 0.017136 0.020701
0 0.424997 0.730007 0.018347 0.021949
0 0.197783 0.664799 0.016564 0.020758
0 0.333807 0.565731 0.015666 0.019544
0 0.457251 0.592337 0.016987 0.021198
0 0.616259 0.114470 0.020459 0.025576
0 0.880482 0.741740 0.018160 0.022470
0 0.077388 0.116176 0.017134 0.020670
0 0.423576 0.008786 0.016472 0.015480
0 0.112040 0.737996 0.016287 0.022578
0 0.553355 0.809896 0.017470 0.021494
0 0.022508 0.895282 0.017300 0.020656
0 0.080409 0.571841 0.019106 0.023213
0 0.659516 0.057423 0.017528 0.021502
0 0.481533 0.006610 0.017684 0.013219
0 0.467128 0.142345 0.017457 0.021273
0 0.744909 0.592968 0.014774 0.020034
0 0.435345 0.376947 0.015215 0.017709
0 0.390700 0.972986 0.014631 0.019259
0 0.047372 0.879778 0.013633 0.018354
0 0.034141 0.599411 0.016760 0.021451
0 0.370442 0.980192 0.013056 0.015606
0 0.367429 0.957983 0.015065 0.016807
0 0.500502 0.394958 0.016069 0.019208
0 0.332278 0.052821 0.013056 0.016807
0 0.338806 0.019808 0.016069 0.018007
0 0.056591 0.085234 0.014061 0.016807