0 0.631220 0.947595 0.018946 0.023769
0 0.514174 0.967750 0.020384 0.027476
0 0.124499 0.165072 0.020078 0.026002
0 0.281686 0.385423 0.019690 0.023549
0 0.252399 0.470651 0.020825 0.023944
0 0.801588 0.984197 0.014538 0.019264
0 0.749181 0.846613 0.020182 0.023684
0 0.309184 0.011420 0.013439 0.019075
0 0.142279 0.137075 0.017583 0.021073
0 0.807451 0.263329 0.016080 0.021883
0 0.037352 0.934558 0.017698 0.023710
0 0.118146 0.489678 0.017948 0.022296
0 0.387063 0.088046 0.014666 0.020973
0 0.480470 0.907016 0.016679 0.020662
0 0.536976 0.589872 0.017296 0.020368
0 0.613328 0.654104 0.015147 0.020781
0 0.255647 0.957058 0.017007 0.023027
0 0.192817 0.248268 0.015348 0.019339
0 0.130800 0.233662 0.017483 0.023412
0 0.086688 0.693844 0.019077 0.021786
0 0.067915 0.073541 0.016206 0.024214
0 0.818980 0.893632 0.014812 0.018364
0 0.816242 0.867403 0.017841 0.022468
0 0.656691 0.678651 0.017844 0.023244
0 0.817117 0.011524 0.015844 0.019161
0 0.079712 0.922733 0.016734 0.021382
0 0.482410 0.131646 0.018581 0.024638
0 0.980855 0.704923 0.017625 0.022173
0 0.729389 0.964508 0.017685 0.022549
0 0.521053 0.293468 0.018796 0.024697
0 0.752793 0.935267 0.015958 0.020382
0 0.801351 0.624566 0.017797 0.020512
0 0.573679 0.051968 0.015738 0.018104
0 0.310097 0.035445 0.016797 0.024050
0 0.329339 0.809664 0.014627 0.018753
0 0.186086 0.966341 0.017077 0.021635
0 0.753187 0.049855 0.016562 0.019707
0 0.749893 0.185728 0.019357 0.023047
0 0.553495 0.076763 0.016862 0.020762
0 0.019805 0.059963 0.017007 0.018135
0 0.046038 0.070792 0.017594 0.021672
0 0.974151 0.240410 0.020524 0.026702
0 0.217591 0.227782 0.016805 0.021078
0 0.307388 0.826591 0.016757 0.023146
0 0.558976 0.335117 0.016798 0.021150
0 0.841655 0.941301 0.015246 0.019158
0 0.325406 0.110177 0.017707 0.022455
0 0.209273 0.968286 0.015727 0.019935
0 0.612292 0.347856 0.017954 0.022668
0 0.816434 0.966184 0.016826 0.021134
0 0.649525 0.357935 0.017536 0.021121
0 0.213914 0.928518 0.017486 0.021917
0 0.753152 0.971543 0.016056 0.019553
0 0.379425 0.793553 0.018608 0.022937
0 0.448162 0.023083 0.018303 0.021657
0 0.806165 0.406441 0.017710 0.020952
0 0.829159 0.569779 0.015904 0.019482
0 0.686971 0.684887 0.018007 0.020977
0 0.961920 0.872999 0.020751 0.022219
0 0.266150 0.505256 0.016403 0.020463
0 0.053789 0.496806 0.016610 0.019719
0 0.236423 0.502362 0.018931 0.021987
0 0.064445 0.425703 0.018957 0.022047
0 0.492499 0.861078 0.020060 0.022357
0 0.832451 0.531372 0.017148 0.022457
0 0.010303 0.657358 0.018808 0.020785
0 0.040832 0.903337 0.013724 0.016618
0 0.849410 0.511687 0.018244 0.023212
0 0.371135 0.043865 0.014171 0.017649
0 0.533044 0.436035 0.015720 0.021549
0 0.419517 0.655502 0.015095 0.020168
0 0.751097 0.565309 0.019386 0.023078
0 0.807863 0.754498 0.016572 0.019833
0 0.435535 0.114106 0.015807 0.019802
0 0.368627 0.845867 0.020442 0.022811
0 0.466046 0.675981 0.016272 0.022165
0 0.109797 0.542824 0.017371 0.021607
0 0.934990 0.892844 0.014709 0.019517
0 0.462392 0.132912 0.016210 0.022188
0 0.786861 0.655065 0.015949 0.020993
0 0.567070 0.657693 0.014982 0.019316
0 0.644996 0.059428 0.016439 0.021020
0 0.400988 0.671515 0.014848 0.018734
0 0.853644 0.671051 0.018101 0.023363
0 0.424972 0.010332 0.014719 0.019301
0 0.589167 0.663418 0.016005 0.021726
0 0.076828 0.662180 0.016957 0.019412
0 0.718112 0.531986 0.019166 0.023760
0 0.223716 0.640517 0.016434 0.021886
0 0.272560 0.448943 0.017336 0.019813
0 0.882663 0.103796 0.017228 0.022040
0 0.541259 0.969442 0.015560 0.018895
0 0.631121 0.087164 0.014558 0.016865
0 0.727408 0.932907 0.018728 0.020757
0 0.943851 0.510016 0.017135 0.021494
0 0.906211 0.138741 0.016231 0.018847
0 0.212293 0.898953 0.017700 0.020368
0 0.681450 0.145862 0.018246 0.022506
0 0.848573 0.891418 0.016321 0.020304
0 0.781265 0.787513 0.016662 0.018777
0 0.823831 0.081147 0.017217 0.018943
0 0.011338 0.087598 0.014905 0.019604
0 0.703089 0.583680 0.016982 0.019706
0 0.397455 0.012447 0.014868 0.019865
0 0.513072 0.584297 0.015560 0.021318
0 0.032677 0.129623 0.016908 0.020978
0 0.089938 0.846905 0.018043 0.020491
0 0.068692 0.040382 0.017675 0.021324
0 0.049658 0.107728 0.015879 0.019592
0 0.141477 0.748704 0.017451 0.022375
0 0.660309 0.605304 0.015913 0.025107
0 0.465811 0.338203 0.013551 0.017238
0 0.814448 0.048450 0.016306 0.018740
0 0.455308 0.261705 0.018078 0.016807
0 0.291603 0.104442 0.016069 0.016807
0 0.332780 0.013806 0.018078 0.022809
0 0.419152 0.039616 0.020086 0.021609
0 0.158028 0.084034 0.018078 0.021609
0 0.607463 0.112845 0.017073 0.021609
0 0.039518 0.874550 0.014061 0.013205
0 0.186149 0.882953 0.018078 0.015606
0 0.014912 0.899160 0.019082 0.019208
0 0.385005 0.648259 0.014061 0.014406
0 0.369940 0.642257 0.016069 0.016807
0 0.282564 0.025810 0.016069 0.018007
0 0.325750 0.053421 0.014061 0.018007
0 0.344330 0.045018 0.017073 0.020408