0 0.558903 0.520970 0.022355 0.029521
0 0.702136 0.265916 0.017785 0.022611
0 0.213379 0.315947 0.020280 0.024614
0 0.140704 0.359268 0.017590 0.021137
0 0.410814 0.103118 0.019186 0.024470
0 0.550207 0.474989 0.016918 0.020377
0 0.498814 0.042473 0.015998 0.020781
0 0.522561 0.050679 0.015280 0.020035
0 0.905159 0.771020 0.020689 0.024023
0 0.421077 0.147369 0.018346 0.023371
0 0.165701 0.013100 0.018468 0.021163
0 0.252041 0.515548 0.019142 0.023817
0 0.850487 0.564314 0.021249 0.025711
0 0.437876 0.743713 0.016916 0.020517
0 0.433937 0.116445 0.019122 0.022544
0 0.424493 0.845185 0.017495 0.021484
0 0.249668 0.379668 0.016243 0.020539
0 0.686617 0.706893 0.019008 0.024882
0 0.409330 0.228739 0.017815 0.021117
0 0.433234 0.242804 0.017755 0.019019
0 0.041133 0.700896 0.017901 0.021693
0 0.428859 0.922628 0.019031 0.023633
0 0.825924 0.881816 0.019105 0.023654
0 0.478491 0.471994 0.017225 0.021370
0 0.901922 0.720958 0.020517 0.024047
0 0.474652 0.534094 0.019516 0.023325
0 0.942356 0.920157 0.019384 0.025303
0 0.681572 0.116406 0.016465 0.021352
0 0.307680 0.119268 0.015316 0.018650
0 0.986225 0.645964 0.018157 0.023594
0 0.321375 0.099377 0.016492 0.020907
0 0.320573 0.149588 0.018507 0.022425
0 0.422914 0.544835 0.018273 0.022942
0 0.945139 0.447788 0.020817 0.023909
0 0.272837 0.661948 0.019252 0.022384
0 0.360860 0.474253 0.015499 0.019668
0 0.297682 0.283738 0.016061 0.020898
0 0.958915 0.958864 0.019064 0.025039
0 0.609710 0.114722 0.015959 0.020783
0 0.793464 0.822009 0.022735 0.026303
0 0.475665 0.886394 0.019294 0.023395
0 0.214542 0.446962 0.018021 0.020192
0 0.417193 0.585656 0.016557 0.021188
0 0.105700 0.476113 0.017992 0.022017
0 0.336070 0.281957 0.016541 0.019883
0 0.942353 0.324586 0.018698 0.022631
0 0.911158 0.168190 0.017325 0.022032
0 0.318991 0.840322 0.018204 0.022810
0 0.179844 0.326508 0.013628 0.018603
0 0.513310 0.903596 0.018327 0.025343
0 0.607673 0.175225 0.018091 0.023667
0 0.606972 0.852393 0.018512 0.023231
0 0.701861 0.053668 0.017818 0.023089
0 0.701511 0.238993 0.015243 0.017587
0 0.688548 0.285493 0.016115 0.019428
0 0.980462 0.856282 0.018814 0.021862
0 0.778595 0.449739 0.018512 0.025574
0 0.438316 0.398672 0.018045 0.023258
0 0.729468 0.251042 0.018904 0.025814
0 0.532395 0.525029 0.015572 0.020418
0 0.347609 0.809063 0.017557 0.020913
0 0.697061 0.758502 0.019545 0.023199
0 0.801693 0.764052 0.018813 0.020820
0 0.147622 0.438425 0.015708 0.020101
0 0.493705 0.300188 0.017296 0.021009
0 0.447575 0.609950 0.017402 0.021925
0 0.036981 0.532327 0.016953 0.022329
0 0.128730 0.229302 0.017564 0.021877
0 0.891650 0.683321 0.019887 0.024882
0 0.626628 0.061445 0.017150 0.021521
0 0.142880 0.105753 0.017103 0.022147
0 0.549716 0.306582 0.019083 0.023802
0 0.238744 0.865657 0.016860 0.021532
0 0.385587 0.016526 0.015874 0.019755
0 0.377561 0.656973 0.016372 0.020443
0 0.323836 0.734497 0.014929 0.018260
0 0.685344 0.952753 0.020612 0.024118
0 0.230486 0.365300 0.015755 0.020352
0 0.059204 0.418381 0.015692 0.020213
0 0.049383 0.380604 0.017521 0.021291
0 0.230319 0.421427 0.017535 0.020755
0 0.820320 0.666708 0.017902 0.019669
0 0.324929 0.557472 0.018711 0.022721
0 0.423281 0.451735 0.015748 0.019682
0 0.892698 0.620091 0.017650 0.021126
0 0.514709 0.735800 0.016799 0.020605
0 0.546201 0.438205 0.016584 0.019967
0 0.238215 0.336580 0.018362 0.020871
0 0.759890 0.641473 0.019748 0.020615
0 0.309362 0.616556 0.019770 0.026026
0 0.559661 0.102893 0.015557 0.020283
0 0.488164 0.968870 0.018181 0.019922
0 0.815503 0.046129 0.016640 0.022253
0 0.247226 0.691697 0.014810 0.018822
0 0.161041 0.399160 0.012052 0.015606
0 0.027466 0.606843 0.018078 0.022809
0 0.563272 0.490396 0.017073 0.018007
0 0.580848 0.474790 0.020086 0.022809