0 0.123204 0.165624 0.019735 0.025268
0 0.537588 0.603907 0.016670 0.020018
0 0.815295 0.266508 0.017153 0.021077
0 0.817307 0.043139 0.015498 0.019950
0 0.286921 0.020168 0.016729 0.022436
0 0.733203 0.984127 0.016520 0.020771
0 0.627631 0.946551 0.018630 0.024233
0 0.282269 0.386035 0.018695 0.023866
0 0.310240 0.012807 0.015332 0.021066
0 0.472368 0.922067 0.016393 0.020973
0 0.514818 0.966835 0.019588 0.026165
0 0.217911 0.228745 0.017406 0.023179
0 0.481949 0.131932 0.020094 0.025945
0 0.273864 0.453119 0.018888 0.023118
0 0.836754 0.538363 0.018329 0.023765
0 0.131870 0.233443 0.018162 0.021080
0 0.037208 0.934910 0.017382 0.023334
0 0.753992 0.051294 0.016766 0.020819
0 0.119529 0.490160 0.016680 0.022030
0 0.208058 0.989842 0.014586 0.016924
0 0.591491 0.666193 0.016364 0.022646
0 0.253578 0.472023 0.019922 0.024456
0 0.206704 0.909131 0.014529 0.019450
0 0.210421 0.942586 0.018745 0.021173
0 0.976564 0.714728 0.018167 0.021131
0 0.648010 0.058514 0.017685 0.023492
0 0.071028 0.038550 0.018977 0.022723
0 0.763081 0.948700 0.017728 0.021389
0 0.010982 0.660398 0.017038 0.022135
0 0.736073 0.950480 0.015503 0.019438
0 0.808496 0.638782 0.017950 0.021214
0 0.541277 0.075041 0.017613 0.021676
0 0.254298 0.956504 0.016450 0.021530
0 0.305500 0.826051 0.017659 0.020403
0 0.816184 0.868402 0.018034 0.022159
0 0.418260 0.663474 0.015264 0.020733
0 0.008568 0.215785 0.014398 0.016862
0 0.742198 0.184413 0.018389 0.022574
0 0.356934 0.863254 0.020080 0.022580
0 0.015695 0.062552 0.016297 0.018862
0 0.310744 0.038231 0.015945 0.021534
0 0.329721 0.046626 0.015103 0.019460
0 0.504891 0.554999 0.015743 0.020687
0 0.388379 0.087865 0.016555 0.021842
0 0.515925 0.291060 0.018563 0.024833
0 0.383803 0.649096 0.015373 0.018918
0 0.188739 0.250890 0.014835 0.019159
0 0.130080 0.132711 0.017834 0.019864
0 0.812079 0.759810 0.018742 0.023383
0 0.656172 0.681891 0.017590 0.021523
0 0.449329 0.016211 0.014662 0.019626
0 0.429633 0.115645 0.017444 0.020092
0 0.026658 0.503251 0.015722 0.018508
0 0.562496 0.044505 0.015063 0.018197
0 0.374945 0.811293 0.019427 0.024130
0 0.786793 0.655733 0.015629 0.020687
0 0.236601 0.502802 0.016289 0.023600
0 0.504654 0.597339 0.016494 0.020773
0 0.622011 0.658501 0.015849 0.020808
0 0.486579 0.881970 0.017503 0.021112
0 0.815713 0.082318 0.013941 0.017779
0 0.907463 0.138507 0.015103 0.020951
0 0.853988 0.668888 0.017639 0.022572
0 0.654823 0.826148 0.016695 0.021292
0 0.627103 0.082864 0.014608 0.016359
0 0.714167 0.546339 0.018441 0.021973
0 0.644640 0.369384 0.015500 0.019878
0 0.077560 0.920034 0.017748 0.022281
0 0.750053 0.858395 0.018418 0.022688
0 0.368904 0.642609 0.012746 0.019132
0 0.175340 0.905601 0.017205 0.021662
0 0.805406 0.988343 0.014895 0.018230
0 0.949162 0.510588 0.016844 0.020268
0 0.194612 0.345448 0.017699 0.021830
0 0.630624 0.768287 0.017515 0.022793
0 0.704864 0.586888 0.015415 0.021262
0 0.466590 0.676989 0.017093 0.021791
0 0.186892 0.975131 0.017374 0.019607
0 0.030647 0.444623 0.017825 0.022926
0 0.098715 0.015934 0.011965 0.018421
0 0.328407 0.098969 0.017895 0.023108
0 0.859733 0.900137 0.016477 0.020076
0 0.550887 0.332983 0.015273 0.020774
0 0.296833 0.097763 0.017401 0.021513
0 0.207694 0.656731 0.015984 0.021118
0 0.827258 0.579231 0.015383 0.019312
0 0.808737 0.405368 0.017507 0.022492
0 0.262864 0.514633 0.015814 0.020435
0 0.935627 0.889933 0.014963 0.019795
0 0.887053 0.099999 0.017137 0.022786
0 0.682799 0.694562 0.016281 0.020778
0 0.966069 0.251569 0.019515 0.024357
0 0.117921 0.767234 0.019082 0.022031
0 0.807554 0.711080 0.016127 0.019276
0 0.100309 0.477168 0.016685 0.023183
0 0.206116 0.323237 0.014932 0.019058
0 0.847822 0.955790 0.014648 0.020653
0 0.849232 0.513386 0.017862 0.021930
0 0.569048 0.676133 0.015316 0.020277
0 0.604156 0.353103 0.018039 0.023869
0 0.462309 0.869260 0.014521 0.018931
0 0.071397 0.075791 0.016872 0.021004
0 0.011519 0.093826 0.016315 0.018541
0 0.823649 0.898536 0.017419 0.020535
0 0.327623 0.814250 0.015630 0.019969
0 0.089386 0.848348 0.017105 0.021911
0 0.112487 0.541493 0.017587 0.021588
0 0.046319 0.072404 0.017908 0.022385
0 0.781698 0.818858 0.014580 0.018735
0 0.397706 0.013836 0.014424 0.021206
0 0.656342 0.611486 0.016076 0.024042
0 0.674742 0.136998 0.017586 0.024706
0 0.138935 0.077817 0.016883 0.018767
0 0.751884 0.567368 0.017830 0.022406
0 0.017622 0.893478 0.015017 0.020013
0 0.969711 0.871468 0.019475 0.023112
0 0.028589 0.479842 0.016039 0.019528
0 0.452775 0.261846 0.018585 0.022723
0 0.840216 0.047396 0.013602 0.017535
0 0.817704 0.966802 0.015551 0.019991
0 0.044986 0.898474 0.014232 0.017992
0 0.374464 0.044257 0.014603 0.017617
0 0.257430 0.596911 0.017815 0.019610
0 0.736841 0.457664 0.012585 0.014645
0 0.398254 0.668667 0.014372 0.017546
0 0.863390 0.623456 0.016929 0.022072
0 0.890090 0.984817 0.015820 0.019103
0 0.029804 0.307730 0.014092 0.015442
0 0.033492 0.136255 0.016069 0.018007
0 0.460831 0.138055 0.017073 0.019208
0 0.612484 0.117047 0.017073 0.020408
0 0.781713 0.080432 0.018078 0.019208
0 0.331776 0.025210 0.016069 0.019208
0 0.533645 0.436375 0.016069 0.020408
0 0.419152 0.042617 0.016069 0.015606