0 0.325039 0.268685 0.015187 0.018807
0 0.443551 0.314641 0.017309 0.019934
0 0.237380 0.554247 0.018845 0.024368
0 0.591526 0.776736 0.026948 0.027366
0 0.771917 0.209858 0.017793 0.018839
0 0.208586 0.747969 0.015417 0.019824
0 0.772878 0.380141 0.021447 0.024269
0 0.582717 0.048656 0.017598 0.022689
0 0.239034 0.742071 0.015744 0.019885
0 0.313804 0.957802 0.017683 0.020718
0 0.951296 0.787639 0.019358 0.023970
0 0.130688 0.911482 0.018149 0.022074
0 0.074343 0.305421 0.019841 0.024951
0 0.796767 0.872986 0.019449 0.024158
0 0.113908 0.380405 0.018103 0.021809
0 0.432012 0.351549 0.020767 0.023242
0 0.866887 0.882127 0.018032 0.021088
0 0.915366 0.884566 0.017421 0.021999
0 0.470506 0.478685 0.016390 0.019564
0 0.042580 0.419546 0.015789 0.019190
0 0.103119 0.312294 0.016849 0.021502
0 0.442802 0.228687 0.018087 0.022614
0 0.357681 0.403788 0.017200 0.021277
0 0.780173 0.347201 0.016914 0.021877
0 0.126194 0.281161 0.021862 0.025175
0 0.756777 0.453932 0.018596 0.023114
0 0.471150 0.451160 0.019808 0.021836
0 0.009086 0.261672 0.017525 0.021333
0 0.441627 0.112620 0.019486 0.022679
0 0.638196 0.306597 0.018177 0.022192
0 0.317784 0.241872 0.017841 0.019063
0 0.642613 0.277461 0.018020 0.020595
0 0.062040 0.919624 0.018144 0.022393
0 0.563892 0.105168 0.017780 0.023268
0 0.092211 0.503341 0.019812 0.023919
0 0.613231 0.822543 0.018551 0.022030
0 0.454343 0.696124 0.017603 0.022584
0 0.156771 0.889267 0.019855 0.024921
0 0.900480 0.148464 0.022034 0.025296
0 0.643127 0.634254 0.018198 0.022827
0 0.263360 0.738977 0.016054 0.021616
0 0.933137 0.678129 0.016764 0.020920
0 0.044805 0.461016 0.016297 0.020966
0 0.481031 0.147936 0.018072 0.022690
0 0.879649 0.918481 0.016673 0.020014
0 0.433055 0.988505 0.016527 0.016719
0 0.903364 0.542193 0.017257 0.021126
0 0.866652 0.634166 0.019151 0.024081
0 0.836836 0.377618 0.018010 0.020177
0 0.978061 0.295046 0.019092 0.024745
0 0.320115 0.214221 0.018923 0.023846
0 0.311726 0.854938 0.018577 0.025862
0 0.017216 0.406991 0.016014 0.018112
0 0.886954 0.418183 0.019176 0.023855
0 0.525833 0.696601 0.017134 0.023388
0 0.334433 0.296894 0.017254 0.021292
0 0.606813 0.154226 0.016251 0.020111
0 0.304519 0.154975 0.018575 0.021364
0 0.009786 0.431355 0.015877 0.017582
0 0.776600 0.236012 0.017708 0.022243
0 0.333406 0.543154 0.018474 0.021976
0 0.296523 0.428109 0.021623 0.028313
0 0.888189 0.286964 0.022589 0.021815
0 0.541506 0.654917 0.017838 0.020855
0 0.073021 0.274273 0.017605 0.020672
0 0.369661 0.267170 0.015211 0.019743
0 0.434340 0.563025 0.016061 0.019731
0 0.196574 0.913769 0.017769 0.021029
0 0.029048 0.181334 0.017848 0.021072
0 0.022417 0.453126 0.017769 0.019659
0 0.302033 0.265164 0.017856 0.022718
0 0.932450 0.217702 0.018332 0.022122
0 0.238752 0.936589 0.018149 0.022349
0 0.337076 0.066037 0.020528 0.025029
0 0.184131 0.256110 0.017472 0.022104
0 0.098893 0.207258 0.014507 0.018445
0 0.802742 0.083044 0.016850 0.021502
0 0.519628 0.410061 0.019329 0.022008
0 0.823220 0.113881 0.020494 0.022633
0 0.993463 0.717535 0.013074 0.025522
0 0.288768 0.973877 0.016094 0.020833
0 0.117830 0.225988 0.021161 0.021744
0 0.266697 0.571172 0.014923 0.020711
0 0.743050 0.090215 0.018335 0.022732
0 0.553304 0.159421 0.015272 0.019726
0 0.430790 0.671775 0.017799 0.022522
0 0.267218 0.186053 0.015307 0.020584
0 0.074644 0.239003 0.018882 0.021724
0 0.089876 0.871542 0.019702 0.021791
0 0.478777 0.258812 0.013487 0.016658
0 0.641500 0.508077 0.019410 0.022921