0 0.896817 0.882737 0.018241 0.020807
0 0.095757 0.309749 0.019401 0.023812
0 0.983585 0.128686 0.019634 0.023960
0 0.276404 0.892221 0.016010 0.021326
0 0.502490 0.216529 0.020902 0.027740
0 0.177070 0.901766 0.018927 0.025385
0 0.583419 0.072725 0.023217 0.028628
0 0.168096 0.488237 0.024050 0.028714
0 0.235448 0.828077 0.021908 0.026964
0 0.108417 0.878851 0.023244 0.027840
0 0.984431 0.086398 0.018673 0.022908
0 0.340494 0.249773 0.018790 0.020347
0 0.310984 0.090661 0.018663 0.021596
0 0.874087 0.893957 0.019996 0.023831
0 0.941538 0.894368 0.020826 0.023612
0 0.660614 0.233347 0.017793 0.022404
0 0.892422 0.646188 0.020376 0.025138
0 0.263377 0.564635 0.019436 0.028506
0 0.356098 0.189603 0.020743 0.022974
0 0.152408 0.291066 0.019586 0.024315
0 0.327299 0.271518 0.018366 0.021399
0 0.327278 0.166486 0.019211 0.022136
0 0.299902 0.875486 0.018889 0.022724
0 0.084275 0.489073 0.020562 0.025204
0 0.154933 0.543093 0.018440 0.022635
0 0.799425 0.246383 0.020829 0.025733
0 0.544181 0.447293 0.023059 0.022583
0 0.320539 0.115950 0.018399 0.021323
0 0.947210 0.748421 0.021981 0.023962
0 0.835258 0.040886 0.020646 0.026172
0 0.249101 0.899313 0.018172 0.022021
0 0.362412 0.276021 0.015208 0.019557
0 0.582778 0.549724 0.021699 0.027076
0 0.822502 0.880340 0.021873 0.024842
0 0.314254 0.496381 0.018004 0.022437
0 0.421549 0.742510 0.019107 0.023275
0 0.940511 0.931752 0.017720 0.023089
0 0.171569 0.936849 0.023247 0.027210
0 0.908170 0.432132 0.021035 0.026151
0 0.371356 0.489314 0.019198 0.021959
0 0.426562 0.420745 0.019014 0.024356
0 0.178484 0.614429 0.019132 0.022582
0 0.926467 0.126020 0.020203 0.023617
0 0.334598 0.862860 0.021033 0.022985
0 0.867519 0.468681 0.017604 0.019992
0 0.341114 0.292861 0.017614 0.020607
0 0.362789 0.114518 0.017886 0.022636
0 0.172696 0.983735 0.018437 0.019747
0 0.287376 0.744749 0.020262 0.030422
0 0.572040 0.765121 0.020853 0.023840
0 0.052679 0.194229 0.022479 0.025448
0 0.063391 0.754274 0.019790 0.024143
0 0.690188 0.219068 0.018240 0.021719
0 0.964346 0.935710 0.020962 0.025673
0 0.201135 0.895401 0.015987 0.019416
0 0.105417 0.973371 0.019518 0.023891
0 0.345354 0.222393 0.018066 0.022529
0 0.264756 0.643590 0.018825 0.024171
0 0.090178 0.725285 0.016728 0.019686
0 0.961505 0.704734 0.019971 0.022340
0 0.021037 0.275951 0.016342 0.021648
0 0.177480 0.579938 0.019802 0.022165
0 0.721095 0.200275 0.016598 0.021483
0 0.686638 0.316938 0.020519 0.024611
0 0.463905 0.636181 0.020865 0.024527
0 0.277510 0.470761 0.018097 0.022220
0 0.509759 0.663087 0.018053 0.025022
0 0.039391 0.727207 0.018727 0.024400
0 0.794771 0.218315 0.016955 0.019404
0 0.574153 0.160035 0.019536 0.023771
0 0.293806 0.535418 0.018715 0.022096
0 0.376303 0.353855 0.016626 0.021453
0 0.840042 0.508193 0.020070 0.022323
0 0.632550 0.524621 0.020280 0.022568
0 0.492633 0.102413 0.020045 0.023896
0 0.554860 0.707267 0.019031 0.021381
0 0.826603 0.095540 0.019821 0.024543
0 0.479003 0.512799 0.016050 0.021556
0 0.050866 0.279166 0.019054 0.025232
0 0.863403 0.431533 0.017229 0.022788
0 0.492315 0.276065 0.018620 0.023789
0 0.954123 0.411876 0.020419 0.022960
0 0.389914 0.906715 0.018557 0.022736
0 0.815565 0.966606 0.019939 0.024618
0 0.696252 0.920358 0.020519 0.026232
0 0.291856 0.582580 0.016946 0.018782
0 0.315381 0.785317 0.018745 0.023324
0 0.986939 0.649335 0.019343 0.022095
0 0.036583 0.381444 0.018557 0.021288
0 0.124724 0.297863 0.017489 0.022830
0 0.927757 0.913784 0.014601 0.018958
0 0.098558 0.754005 0.016757 0.021654
0 0.397201 0.251835 0.019807 0.024994
0 0.910094 0.907895 0.016626 0.022530
0 0.385271 0.509902 0.016891 0.021024
0 0.494512 0.489246 0.017929 0.021490
0 0.452630 0.681577 0.019249 0.025801
0 0.942731 0.102027 0.017496 0.021998
0 0.504556 0.158582 0.019612 0.024538
0 0.598971 0.736606 0.020818 0.025320
0 0.148517 0.680667 0.016650 0.022345
0 0.541324 0.363953 0.019187 0.022118
0 0.792623 0.388523 0.019416 0.020937
0 0.682347 0.344342 0.021363 0.023635
0 0.631332 0.159353 0.018843 0.024272
0 0.694850 0.608568 0.018151 0.022959
0 0.336478 0.027722 0.019965 0.029915
0 0.598378 0.194515 0.017947 0.022908
0 0.126219 0.167709 0.016784 0.022038
0 0.454394 0.533574 0.017573 0.021767
0 0.117587 0.439392 0.019004 0.022692
0 0.964373 0.781844 0.018517 0.021560
0 0.170156 0.319190 0.017578 0.021147
0 0.417582 0.344659 0.014066 0.017789
0 0.528225 0.191687 0.014591 0.018037
0 0.544636 0.421330 0.019454 0.022671
0 0.878864 0.448686 0.015533 0.019980
0 0.074268 0.010871 0.015720 0.018365
0 0.176608 0.531813 0.023099 0.024010