0 0.030135 0.987760 0.017961 0.018948
0 0.491201 0.008279 0.016212 0.016558
0 0.388751 0.652694 0.013545 0.018111
0 0.398148 0.013065 0.018968 0.018606
0 0.528942 0.704919 0.016193 0.020141
0 0.846457 0.295844 0.018051 0.022644
0 0.526280 0.536988 0.017600 0.023133
0 0.828579 0.893723 0.019018 0.023666
0 0.328280 0.992097 0.016692 0.015804
0 0.534630 0.975876 0.021250 0.027580
0 0.931238 0.991491 0.014455 0.015179
0 0.951868 0.759154 0.018072 0.020477
0 0.119008 0.834955 0.014942 0.020291
0 0.481563 0.749654 0.019186 0.025143
0 0.484780 0.154834 0.018053 0.020727
0 0.512350 0.100345 0.016319 0.020044
0 0.835952 0.675245 0.016564 0.020277
0 0.096471 0.833278 0.018741 0.023796
0 0.405274 0.101264 0.017549 0.021584
0 0.137589 0.499134 0.016806 0.021771
0 0.272610 0.475035 0.018761 0.023739
0 0.499105 0.515518 0.017991 0.021855
0 0.549452 0.442803 0.016324 0.020430
0 0.225943 0.331047 0.016962 0.019944
0 0.359113 0.148419 0.019422 0.023955
0 0.220320 0.509497 0.015084 0.019702
0 0.820093 0.310440 0.017007 0.021213
0 0.622587 0.048917 0.018203 0.022291
0 0.287561 0.455584 0.016747 0.020773
0 0.271772 0.855445 0.018120 0.022352
0 0.732902 0.291243 0.017677 0.022000
0 0.956546 0.612511 0.016851 0.019987
0 0.938076 0.971076 0.017827 0.020569
0 0.251682 0.814079 0.019621 0.025235
0 0.434254 0.989457 0.018134 0.017597
0 0.951742 0.642702 0.018095 0.023071
0 0.778266 0.060998 0.018545 0.023321
0 0.467203 0.346314 0.016916 0.022529
0 0.613140 0.552459 0.020216 0.024883
0 0.834833 0.186083 0.019262 0.024202
0 0.463694 0.389464 0.017989 0.023673
0 0.179943 0.667066 0.018543 0.021011
0 0.808996 0.695700 0.018345 0.021199
0 0.142927 0.220698 0.016642 0.019643
0 0.348588 0.117002 0.017820 0.019908
0 0.763020 0.526520 0.018612 0.022063
0 0.059627 0.621975 0.017341 0.021707
0 0.832350 0.947636 0.017671 0.020400
0 0.663424 0.594402 0.017293 0.020121
0 0.803948 0.663924 0.019334 0.021959
0 0.902568 0.961563 0.019714 0.023039
0 0.861944 0.478477 0.018282 0.023391
0 0.509470 0.713911 0.016564 0.020998
0 0.094703 0.159632 0.017250 0.021487
0 0.303598 0.392365 0.019552 0.023485
0 0.631080 0.270144 0.019966 0.024607
0 0.770702 0.752980 0.016599 0.020242
0 0.037391 0.361613 0.017270 0.021765
0 0.572510 0.745750 0.016540 0.020775
0 0.287487 0.824799 0.016123 0.019128
0 0.377126 0.979934 0.013961 0.017482
0 0.327594 0.215853 0.018028 0.021924
0 0.629569 0.082189 0.020239 0.024558
0 0.932949 0.433917 0.017588 0.020667
0 0.906197 0.485334 0.018510 0.022740
0 0.974649 0.583766 0.017371 0.021157
0 0.022962 0.624350 0.016129 0.019011
0 0.555458 0.867521 0.019531 0.023878
0 0.513013 0.397430 0.018118 0.024052
0 0.689775 0.876818 0.015518 0.020557
0 0.794843 0.089893 0.019607 0.024348
0 0.471041 0.019577 0.015202 0.019774
0 0.344940 0.054258 0.014414 0.018626
0 0.710513 0.987145 0.015289 0.018740
0 0.110444 0.382560 0.020442 0.024264
0 0.947811 0.156410 0.019186 0.022684
0 0.503687 0.648961 0.017907 0.021794
0 0.703124 0.896692 0.017106 0.020349
0 0.187278 0.970381 0.018091 0.022419
0 0.305410 0.037968 0.018136 0.022074
0 0.551588 0.100065 0.018206 0.023488
0 0.369558 0.647649 0.015367 0.019429
0 0.041372 0.651345 0.017048 0.021090
0 0.511161 0.073100 0.020242 0.023168
0 0.735342 0.550640 0.016548 0.020300
0 0.463177 0.899664 0.014789 0.017816
0 0.742562 0.581702 0.015940 0.020807
0 0.840877 0.974428 0.017499 0.019378
0 0.872290 0.150846 0.019134 0.024583
0 0.154392 0.242053 0.017087 0.020785
0 0.604868 0.174450 0.014964 0.017722
0 0.357837 0.811818 0.017387 0.021830
0 0.363349 0.057460 0.012300 0.019926
0 0.359608 0.949960 0.015698 0.018364
0 0.918354 0.602511 0.018050 0.021424
0 0.141313 0.626559 0.017611 0.021917
0 0.383046 0.106554 0.015270 0.018924
0 0.870842 0.681168 0.019211 0.022561
0 0.755213 0.335971 0.017038 0.020370
0 0.132648 0.858792 0.018849 0.022868
0 0.679315 0.268797 0.019030 0.022252
0 0.457509 0.036112 0.015844 0.021145
0 0.183285 0.694681 0.020673 0.022423
0 0.241169 0.238373 0.017487 0.021152
0 0.723779 0.595730 0.016478 0.019679
0 0.863070 0.803144 0.016696 0.020020
0 0.153184 0.540962 0.018597 0.024384
0 0.159938 0.073733 0.016744 0.020775
0 0.326115 0.841055 0.017631 0.021437
0 0.462947 0.113909 0.014876 0.018924
0 0.182347 0.577390 0.016186 0.020018
0 0.759945 0.595987 0.016643 0.019596
0 0.521780 0.190596 0.016389 0.019932
0 0.629099 0.336225 0.018485 0.022865
0 0.291478 0.496101 0.015554 0.020449
0 0.380771 0.957625 0.014622 0.018506
0 0.056048 0.943458 0.018551 0.023524
0 0.783826 0.580794 0.015325 0.018866
0 0.803128 0.291334 0.015403 0.018446
0 0.835834 0.345844 0.017963 0.023301
0 0.244187 0.114222 0.017300 0.020640
0 0.418620 0.644582 0.015797 0.020927
0 0.355723 0.073823 0.015807 0.017896
0 0.405332 0.663435 0.015026 0.019022
0 0.353362 0.969818 0.014336 0.017906
0 0.543316 0.563487 0.017946 0.021364
0 0.540942 0.768612 0.017296 0.021191
0 0.254658 0.762334 0.012785 0.016296
0 0.835776 0.159960 0.016049 0.018858
0 0.427049 0.757849 0.014235 0.017253
0 0.386568 0.759155 0.017364 0.017944
0 0.465358 0.922467 0.012332 0.015397
0 0.581432 0.973254 0.013916 0.017060
0 0.300908 0.755839 0.013635 0.018554
0 0.562989 0.933169 0.012542 0.014493
0 0.677263 0.555822 0.014061 0.019208
0 0.683289 0.581032 0.012052 0.024010