0 0.241189 0.743058 0.016478 0.020572
0 0.751407 0.874594 0.027231 0.028237
0 0.097812 0.310050 0.017894 0.022013
0 0.342459 0.246589 0.017535 0.023012
0 0.266292 0.742075 0.016084 0.021979
0 0.773633 0.212189 0.017957 0.018701
0 0.417756 0.475928 0.024923 0.027416
0 0.239385 0.555659 0.019016 0.023890
0 0.453337 0.614355 0.018871 0.022705
0 0.481288 0.149223 0.016643 0.022874
0 0.030642 0.137113 0.015514 0.020338
0 0.772088 0.381234 0.020928 0.021965
0 0.072965 0.307285 0.018607 0.026180
0 0.086904 0.275087 0.018029 0.019196
0 0.908170 0.908618 0.015733 0.019847
0 0.045546 0.418537 0.016164 0.020466
0 0.076124 0.387459 0.017368 0.021446
0 0.779819 0.725783 0.018042 0.022953
0 0.854082 0.142120 0.020415 0.023499
0 0.501609 0.245658 0.017622 0.023554
0 0.465737 0.324129 0.013965 0.019473
0 0.641927 0.307642 0.018599 0.022162
0 0.196960 0.422509 0.016655 0.021164
0 0.170205 0.335187 0.017996 0.022972
0 0.327440 0.268197 0.013667 0.018372
0 0.454641 0.446681 0.018108 0.022739
0 0.092762 0.505117 0.019085 0.023159
0 0.569642 0.777793 0.019717 0.024757
0 0.211674 0.745338 0.017258 0.018743
0 0.199173 0.950457 0.020220 0.023449
0 0.502146 0.147949 0.016149 0.024408
0 0.935185 0.228047 0.017991 0.022181
0 0.315952 0.852445 0.019495 0.027200
0 0.909184 0.418648 0.016560 0.021045
0 0.885209 0.422139 0.018351 0.023638
0 0.160885 0.894043 0.020544 0.025210
0 0.571370 0.532387 0.019133 0.024386
0 0.445066 0.316900 0.017772 0.022416
0 0.547565 0.658198 0.017243 0.021540
0 0.803058 0.088891 0.019183 0.019639
0 0.686345 0.323536 0.018319 0.022469
0 0.639054 0.112828 0.018187 0.023608
0 0.977394 0.293551 0.019022 0.023639
0 0.706358 0.110616 0.017390 0.021858
0 0.128092 0.282852 0.017755 0.022326
0 0.863478 0.516454 0.019798 0.023961
0 0.236847 0.291057 0.017872 0.023580
0 0.912502 0.391932 0.017593 0.020345
0 0.149132 0.263344 0.019513 0.023555
0 0.536002 0.392166 0.019596 0.023018
0 0.798247 0.876216 0.019083 0.024233
0 0.180246 0.241253 0.016063 0.018618
0 0.336007 0.295241 0.016917 0.020549
0 0.934660 0.679400 0.019174 0.023517
0 0.472201 0.480424 0.016477 0.021051
0 0.888741 0.287881 0.019902 0.024581
0 0.870442 0.882510 0.018063 0.022101
0 0.083014 0.461492 0.016301 0.020058
0 0.918759 0.885755 0.017789 0.021217
0 0.741670 0.923015 0.018957 0.022859
0 0.207228 0.257647 0.020811 0.021587
0 0.110057 0.476998 0.014972 0.023712
0 0.778555 0.236294 0.018196 0.022326
0 0.491232 0.596946 0.016303 0.020557
0 0.869444 0.631845 0.020867 0.024385
0 0.432083 0.673181 0.018205 0.020105
0 0.339036 0.195470 0.016477 0.020576
0 0.019640 0.708224 0.018750 0.023886
0 0.030610 0.179574 0.018363 0.021899
0 0.020877 0.108261 0.014151 0.017572
0 0.533266 0.697707 0.017607 0.020929
0 0.017786 0.409419 0.017199 0.019552
0 0.319398 0.241342 0.017340 0.020399
0 0.184486 0.982722 0.016482 0.020050
0 0.127639 0.521917 0.017086 0.020502
0 0.267950 0.571417 0.016691 0.022343
0 0.440297 0.100037 0.019446 0.024434
0 0.308043 0.156528 0.017917 0.023529
0 0.521823 0.415148 0.017299 0.021484
0 0.555079 0.160121 0.016537 0.020022
0 0.606809 0.153333 0.016151 0.020455
0 0.409120 0.028026 0.016335 0.022571
0 0.305446 0.263098 0.017911 0.022871
0 0.086985 0.868946 0.021739 0.024215
0 0.643207 0.508716 0.018614 0.022459
0 0.897698 0.114546 0.021140 0.024785
0 0.855324 0.113527 0.018960 0.021680
0 0.287486 0.985253 0.016049 0.018962
0 0.481036 0.259177 0.014183 0.018937
0 0.344330 0.012005 0.017073 0.021609