0 0.286776 0.052204 0.016081 0.019728
0 0.203409 0.298347 0.021682 0.026306
0 0.889368 0.738250 0.019274 0.024258
0 0.717634 0.243413 0.019441 0.024371
0 0.236368 0.495858 0.018950 0.024729
0 0.686707 0.250826 0.022645 0.025402
0 0.543857 0.505522 0.022557 0.029325
0 0.535299 0.444084 0.017432 0.022165
0 0.216681 0.350315 0.017343 0.020747
0 0.263598 0.038307 0.017935 0.023673
0 0.873391 0.773123 0.022008 0.021921
0 0.424705 0.738056 0.015194 0.020902
0 0.983894 0.219330 0.018609 0.021676
0 0.238419 0.366001 0.016913 0.021283
0 0.984076 0.756871 0.020629 0.025691
0 0.514149 0.400915 0.019100 0.023973
0 0.117270 0.926710 0.019846 0.026355
0 0.866851 0.685821 0.020518 0.023166
0 0.694117 0.223681 0.016975 0.021201
0 0.138534 0.261198 0.021571 0.025924
0 0.567311 0.464236 0.018228 0.022751
0 0.239977 0.658078 0.019207 0.022306
0 0.754908 0.574206 0.018597 0.021895
0 0.944398 0.075523 0.020079 0.023329
0 0.896815 0.011649 0.018701 0.020480
0 0.680501 0.037987 0.019561 0.023338
0 0.593472 0.845057 0.022015 0.026173
0 0.366437 0.556026 0.017756 0.021928
0 0.539215 0.298112 0.020104 0.025103
0 0.854419 0.455678 0.020266 0.022830
0 0.824315 0.813708 0.022638 0.025385
0 0.317099 0.235778 0.018010 0.024441
0 0.399478 0.480152 0.018565 0.023294
0 0.295371 0.078049 0.017077 0.021920
0 0.155604 0.925506 0.019928 0.027483
0 0.410186 0.444439 0.017365 0.020618
0 0.123564 0.818213 0.018553 0.023125
0 0.443051 0.873178 0.018494 0.022258
0 0.029185 0.199597 0.018252 0.022867
0 0.282842 0.266832 0.016583 0.021593
0 0.742442 0.619898 0.020169 0.023242
0 0.503384 0.719574 0.018683 0.023928
0 0.346318 0.458585 0.016829 0.022364
0 0.840636 0.360268 0.018471 0.023154
0 0.282589 0.806919 0.018981 0.025347
0 0.614486 0.042325 0.019076 0.023748
0 0.651816 0.693519 0.019054 0.025479
0 0.375162 0.434872 0.017728 0.022672
0 0.201906 0.430331 0.017524 0.022145
0 0.529727 0.477214 0.017004 0.022429
0 0.344926 0.664645 0.015770 0.019652
0 0.705246 0.608568 0.018536 0.024028
0 0.837018 0.425813 0.020265 0.026810
0 0.972619 0.628469 0.020551 0.024004
0 0.333961 0.788127 0.018076 0.021815
0 0.119182 0.212971 0.018854 0.023287
0 0.323212 0.266826 0.016410 0.020720
0 0.625141 0.794424 0.018974 0.025852
0 0.272457 0.502815 0.017964 0.022743
0 0.676411 0.694235 0.018466 0.025420
0 0.581507 0.193202 0.020122 0.025567
0 0.044709 0.396176 0.016971 0.020453
0 0.425593 0.598164 0.018542 0.022924
0 0.276171 0.394028 0.018069 0.023306
0 0.056848 0.368515 0.018933 0.023095
0 0.933850 0.318504 0.025038 0.026918
0 0.887862 0.947803 0.017997 0.020829
0 0.681848 0.519696 0.019807 0.025122
0 0.409626 0.126736 0.017902 0.022016
0 0.946476 0.157611 0.017986 0.021549
0 0.128100 0.342265 0.018834 0.023238
0 0.946117 0.943351 0.021272 0.025515
0 0.404682 0.749581 0.017162 0.022576
0 0.570370 0.893079 0.021434 0.025366
0 0.753654 0.149865 0.019828 0.025091
0 0.755579 0.957006 0.019136 0.022838
0 0.089861 0.456323 0.018029 0.023121
0 0.966618 0.719340 0.019489 0.021842
0 0.416745 0.225534 0.018736 0.023201
0 0.827452 0.512685 0.021311 0.024751
0 0.131610 0.091732 0.016389 0.023886
0 0.286823 0.476511 0.016797 0.021314
0 0.900272 0.462890 0.017316 0.018784
0 0.391478 0.805359 0.018039 0.023059
0 0.342381 0.047548 0.017397 0.023697
0 0.958414 0.404620 0.021532 0.024056
0 0.480799 0.026094 0.017721 0.022593
0 0.893033 0.486439 0.016733 0.020293
0 0.503115 0.631736 0.016346 0.018986
0 0.746117 0.811400 0.020235 0.022842
0 0.234508 0.268265 0.018603 0.021276
0 0.260943 0.642829 0.015850 0.019383
0 0.138098 0.425307 0.016464 0.020007
0 0.480591 0.304526 0.018462 0.023045
0 0.186475 0.404405 0.016467 0.018502
0 0.935480 0.990935 0.019768 0.016420
0 0.931750 0.430492 0.019408 0.022678
0 0.683353 0.743002 0.018371 0.023538
0 0.010874 0.515236 0.018517 0.023998
0 0.836826 0.967839 0.017579 0.020627
0 0.834244 0.012377 0.018728 0.020113
0 0.858246 0.121588 0.019541 0.023432
0 0.491262 0.978626 0.016081 0.021285
0 0.697255 0.990730 0.025493 0.017058
0 0.571307 0.067227 0.013056 0.019208