0 0.313370 0.317087 0.021807 0.024197
0 0.204387 0.014437 0.020720 0.022927
0 0.243741 0.744079 0.014840 0.018579
0 0.158579 0.292125 0.019326 0.025706
0 0.241444 0.556104 0.017917 0.022104
0 0.008390 0.477155 0.016780 0.024634
0 0.780199 0.238382 0.017785 0.021108
0 0.780708 0.941840 0.020337 0.024481
0 0.094741 0.506941 0.018113 0.022461
0 0.774915 0.380156 0.021263 0.022723
0 0.208292 0.376743 0.018180 0.020809
0 0.133981 0.741734 0.016612 0.021012
0 0.019542 0.426493 0.014891 0.020126
0 0.436546 0.337869 0.018885 0.023040
0 0.131632 0.287807 0.020386 0.025206
0 0.909997 0.959202 0.022529 0.034033
0 0.877860 0.234934 0.018877 0.023245
0 0.187633 0.356741 0.017071 0.022470
0 0.553792 0.564972 0.023163 0.029900
0 0.047196 0.420254 0.016468 0.021108
0 0.132746 0.812618 0.018430 0.025755
0 0.920722 0.885589 0.017741 0.021304
0 0.545257 0.182119 0.018202 0.021217
0 0.641966 0.306248 0.020421 0.022459
0 0.063423 0.714880 0.018260 0.021902
0 0.484336 0.150130 0.018395 0.025151
0 0.568105 0.310089 0.018007 0.025177
0 0.599288 0.221117 0.019358 0.024533
0 0.310267 0.156416 0.018016 0.022575
0 0.091435 0.871601 0.022109 0.026840
0 0.214216 0.745287 0.014760 0.017826
0 0.599935 0.724800 0.019098 0.024296
0 0.341847 0.338908 0.016628 0.020383
0 0.707176 0.544387 0.019745 0.025281
0 0.479079 0.055955 0.021707 0.026131
0 0.161364 0.894321 0.020339 0.026238
0 0.533226 0.699496 0.018525 0.021157
0 0.889349 0.287435 0.024228 0.025562
0 0.270109 0.741916 0.016397 0.020786
0 0.781151 0.689925 0.019674 0.022957
0 0.318940 0.428455 0.019293 0.023354
0 0.306253 0.510966 0.019148 0.023792
0 0.881892 0.131850 0.019508 0.022695
0 0.074393 0.303823 0.020272 0.024712
0 0.265150 0.543576 0.016496 0.022427
0 0.248932 0.588499 0.018217 0.019803
0 0.476882 0.481343 0.017544 0.020827
0 0.107243 0.190672 0.016779 0.021940
0 0.981691 0.292158 0.017694 0.021315
0 0.874044 0.879975 0.018266 0.022726
0 0.311650 0.267007 0.018230 0.021975
0 0.310494 0.660020 0.018087 0.024182
0 0.871860 0.635356 0.020272 0.024515
0 0.270706 0.578010 0.014813 0.018774
0 0.804079 0.090195 0.018855 0.020301
0 0.253944 0.063823 0.018467 0.022914
0 0.416926 0.244791 0.018108 0.021090
0 0.548348 0.659777 0.016143 0.020058
0 0.609021 0.155715 0.016883 0.021176
0 0.825640 0.212112 0.016963 0.021784
0 0.581781 0.675215 0.016787 0.021518
0 0.622921 0.466685 0.017292 0.020533
0 0.911540 0.906129 0.015213 0.018922
0 0.557644 0.530710 0.020815 0.022292
0 0.775941 0.212977 0.015418 0.018192
0 0.137580 0.625182 0.018539 0.022742
0 0.522911 0.410459 0.020808 0.025580
0 0.319550 0.859861 0.022468 0.025954
0 0.838110 0.427591 0.019856 0.022062
0 0.800537 0.875603 0.019523 0.023712
0 0.634676 0.508231 0.019175 0.022517
0 0.204555 0.579129 0.017048 0.019914
0 0.449369 0.314348 0.017263 0.020109
0 0.889742 0.421235 0.018854 0.024710
0 0.900908 0.108624 0.020303 0.024778
0 0.937955 0.680885 0.018547 0.023232
0 0.558685 0.114056 0.017539 0.020593
0 0.111333 0.805147 0.017183 0.025393
0 0.322642 0.243549 0.017646 0.021683
0 0.037243 0.182937 0.019075 0.024573
0 0.348917 0.276194 0.015639 0.018149
0 0.104928 0.942228 0.020230 0.023821
0 0.296250 0.121952 0.017720 0.022069
0 0.338099 0.296191 0.015062 0.020549
0 0.317174 0.097309 0.017972 0.021253
0 0.499043 0.084617 0.016704 0.022662
0 0.432812 0.671909 0.020874 0.023222
0 0.125861 0.207947 0.014400 0.018330
0 0.291262 0.339198 0.014858 0.018377
0 0.555793 0.160496 0.014946 0.017698
0 0.481922 0.256903 0.017073 0.021609