0 0.912961 0.881682 0.016782 0.020702
0 0.061988 0.134741 0.017721 0.022395
0 0.088272 0.501752 0.018683 0.022584
0 0.873932 0.872114 0.016119 0.019340
0 0.036691 0.818462 0.018863 0.021150
0 0.346236 0.857081 0.016980 0.020499
0 0.982312 0.294127 0.017134 0.022444
0 0.134655 0.153817 0.016800 0.020313
0 0.073271 0.160861 0.017724 0.022952
0 0.959536 0.814406 0.017711 0.020922
0 0.528563 0.677895 0.017700 0.021509
0 0.327607 0.135408 0.018086 0.022885
0 0.212649 0.734265 0.016545 0.020499
0 0.775397 0.167521 0.019344 0.024642
0 0.319500 0.957492 0.018434 0.022668
0 0.794239 0.217392 0.015486 0.019730
0 0.770964 0.203142 0.016121 0.020565
0 0.125637 0.907142 0.017738 0.023377
0 0.182906 0.820666 0.018804 0.020896
0 0.156041 0.608189 0.016884 0.021782
0 0.422658 0.146757 0.017812 0.022762
0 0.416468 0.429371 0.016318 0.020173
0 0.274510 0.304968 0.017719 0.021410
0 0.291577 0.630066 0.017556 0.021687
0 0.234526 0.552684 0.019328 0.023750
0 0.342181 0.303404 0.016565 0.022288
0 0.155414 0.895561 0.019064 0.024150
0 0.845553 0.185574 0.016837 0.022445
0 0.731343 0.937086 0.017570 0.021731
0 0.284459 0.576182 0.014827 0.017753
0 0.129760 0.190928 0.018836 0.023169
0 0.634871 0.420139 0.016585 0.019596
0 0.698876 0.786910 0.015305 0.023098
0 0.888031 0.350589 0.015093 0.018868
0 0.523751 0.405458 0.017531 0.022121
0 0.237987 0.738543 0.015902 0.022519
0 0.047603 0.411580 0.017473 0.021253
0 0.782963 0.839133 0.021289 0.025653
0 0.299899 0.287236 0.013291 0.016987
0 0.121249 0.672506 0.020478 0.024330
0 0.268964 0.401538 0.016038 0.018394
0 0.240820 0.393829 0.016526 0.019948
0 0.314427 0.014559 0.016577 0.022273
0 0.790555 0.141363 0.018415 0.023863
0 0.624034 0.259376 0.016703 0.024209
0 0.650841 0.254763 0.017620 0.020696
0 0.661469 0.170366 0.015962 0.020249
0 0.090178 0.868544 0.015388 0.018651
0 0.058540 0.065524 0.015122 0.018925
0 0.556289 0.166487 0.015062 0.017282
0 0.482775 0.778192 0.017096 0.023346
0 0.419469 0.034819 0.016320 0.018953
0 0.618497 0.085562 0.016015 0.019276
0 0.013663 0.817846 0.013914 0.020459
0 0.050220 0.680487 0.016352 0.020458
0 0.113943 0.016962 0.013684 0.019031
0 0.301828 0.148278 0.016282 0.020916
0 0.541996 0.651188 0.014125 0.017371
0 0.264442 0.607965 0.017542 0.021536
0 0.166510 0.015718 0.017156 0.020069
0 0.790975 0.870008 0.017940 0.023780
0 0.775512 0.231277 0.015858 0.018281
0 0.358592 0.237613 0.017124 0.021132
0 0.129523 0.366272 0.015324 0.019464
0 0.156538 0.931399 0.017620 0.021280
0 0.805517 0.418244 0.017218 0.021054
0 0.675732 0.196014 0.016079 0.022772
0 0.308174 0.393758 0.013056 0.014406
0 0.306668 0.418367 0.012052 0.013205
0 0.287586 0.418367 0.016069 0.020408
0 0.332278 0.398559 0.015065 0.016807
0 0.340815 0.373349 0.016069 0.019208
0 0.336295 0.268908 0.019082 0.019208
0 0.317213 0.232893 0.017073 0.019208
0 0.298633 0.256303 0.016069 0.018007
0 0.488952 0.073830 0.015065 0.015606
0 0.548710 0.144058 0.016069 0.014406
0 0.639099 0.300120 0.016069 0.016807
0 0.608467 0.149460 0.015065 0.015606
0 0.480416 0.447779 0.016069 0.016807
0 0.432208 0.661465 0.016069 0.021609
0 0.260469 0.574430 0.016069 0.020408
0 0.238876 0.581633 0.017073 0.018007
0 0.126894 0.789316 0.016069 0.015606
0 0.928344 0.181273 0.016069 0.016807
0 0.856033 0.034814 0.014061 0.016807
0 0.882145 0.300120 0.014061 0.019208
0 0.882145 0.424970 0.016069 0.021609
0 0.869591 0.628451 0.017073 0.018007
0 0.830925 0.973589 0.022095 0.026411
0 0.791756 0.589436 0.018078 0.019208
0 0.083206 0.944778 0.017073 0.016807
0 0.048557 0.907563 0.016069 0.019208
0 0.099275 0.829532 0.017073 0.016807
0 0.023449 0.641056 0.020086 0.019208