0 0.705682 0.272792 0.015230 0.020831
0 0.216528 0.322206 0.019960 0.026316
0 0.232350 0.368506 0.017799 0.023424
0 0.945497 0.333085 0.017986 0.021152
0 0.240062 0.314036 0.018961 0.023269
0 0.463453 0.475218 0.015713 0.019156
0 0.723264 0.254522 0.015820 0.020983
0 0.433046 0.753982 0.016698 0.020347
0 0.412343 0.891363 0.017910 0.024054
0 0.067619 0.384189 0.019984 0.025360
0 0.379907 0.459379 0.017532 0.023260
0 0.349206 0.739069 0.019358 0.022617
0 0.456502 0.014894 0.014279 0.018665
0 0.511718 0.464397 0.016410 0.021104
0 0.390458 0.845295 0.017954 0.021503
0 0.982617 0.647415 0.017424 0.021347
0 0.676185 0.966140 0.016160 0.020495
0 0.133429 0.391267 0.018764 0.018985
0 0.622690 0.060012 0.017424 0.020966
0 0.250385 0.388882 0.016858 0.020070
0 0.150795 0.445133 0.016383 0.021473
0 0.703296 0.738749 0.015851 0.021565
0 0.318704 0.557271 0.017690 0.023369
0 0.217576 0.450774 0.017320 0.020190
0 0.403780 0.237861 0.017357 0.022208
0 0.599274 0.186310 0.017690 0.020710
0 0.683484 0.124594 0.016099 0.020697
0 0.255011 0.527486 0.017364 0.021462
0 0.292042 0.731514 0.016037 0.019259
0 0.326934 0.109782 0.017732 0.021383
0 0.771663 0.612211 0.019937 0.024219
0 0.434894 0.245762 0.015512 0.019552
0 0.684872 0.287485 0.015307 0.020730
0 0.107048 0.266296 0.015348 0.019737
0 0.700031 0.765809 0.014480 0.018870
0 0.950104 0.289566 0.017180 0.019610
0 0.440763 0.400042 0.018699 0.022184
0 0.338495 0.289782 0.017020 0.020758
0 0.221014 0.720394 0.017242 0.022015
0 0.091084 0.274023 0.012811 0.016686
0 0.091874 0.190644 0.016515 0.021380
0 0.962864 0.315974 0.015680 0.019640
0 0.146442 0.114333 0.016837 0.020508
0 0.960971 0.691126 0.016398 0.020650
0 0.439111 0.623142 0.016314 0.021876
0 0.689732 0.714137 0.017296 0.020293
0 0.549843 0.444624 0.014797 0.018537
0 0.415183 0.986143 0.017572 0.020769
0 0.669276 0.803776 0.015707 0.021356
0 0.903225 0.775206 0.017342 0.021461
0 0.856555 0.573359 0.018379 0.022130
0 0.720412 0.766335 0.014956 0.021583
0 0.413321 0.091500 0.021826 0.026712
0 0.299144 0.286888 0.017359 0.023100
0 0.556428 0.321902 0.019563 0.024072
0 0.490866 0.461450 0.014730 0.019620
0 0.303626 0.052307 0.018864 0.021626
0 0.416411 0.554586 0.018237 0.022862
0 0.425944 0.469638 0.014306 0.019182
0 0.135914 0.363418 0.019521 0.022895
0 0.405663 0.052683 0.014581 0.016643
0 0.714991 0.716282 0.016708 0.019290
0 0.261447 0.665429 0.017515 0.022725
0 0.472587 0.306185 0.016650 0.021220
0 0.425897 0.151346 0.017550 0.021498
0 0.781342 0.455615 0.018848 0.025202
0 0.307983 0.579321 0.016505 0.019261
0 0.793444 0.559107 0.016229 0.019412
0 0.926366 0.772652 0.015740 0.019399
0 0.863399 0.802749 0.019075 0.023210
0 0.906039 0.734081 0.015877 0.020320
0 0.900035 0.545133 0.016556 0.020039
0 0.603175 0.861518 0.018236 0.022374
0 0.694942 0.055766 0.017961 0.020743
0 0.149981 0.144228 0.013348 0.017194
0 0.984832 0.820608 0.015098 0.020418
0 0.754663 0.651206 0.016242 0.021878
0 0.796154 0.822396 0.021434 0.024055
0 0.361820 0.469448 0.015148 0.019124
0 0.669649 0.115620 0.013486 0.016626
0 0.154764 0.703945 0.016641 0.022837
0 0.904768 0.168799 0.016298 0.020868
0 0.969011 0.826797 0.014004 0.019936
0 0.427962 0.336223 0.014454 0.017846
0 0.520339 0.743513 0.016209 0.020061
0 0.983582 0.906363 0.010043 0.016807
0 0.358893 0.831333 0.014061 0.015606
0 0.381992 0.666267 0.016069 0.016807
0 0.164556 0.021008 0.017073 0.020408
0 0.938889 0.490396 0.017073 0.020408
0 0.559757 0.984394 0.016069 0.019208
0 0.351360 0.811525 0.017073 0.014406
0 0.045544 0.386555 0.018078 0.019208
0 0.253439 0.049820 0.016069 0.015606
0 0.534147 0.566627 0.001004 0.000000
0 0.562268 0.527611 0.021091 0.030012
0 0.654666 0.433974 0.013056 0.022809
0 0.946422 0.458583 0.016069 0.021609