0 0.009396 0.064151 0.017863 0.019916
0 0.515757 0.966260 0.021343 0.027285
0 0.045276 0.904190 0.014728 0.017376
0 0.787201 0.654040 0.017140 0.023138
0 0.810542 0.647256 0.017535 0.024229
0 0.630032 0.947904 0.018936 0.024119
0 0.124108 0.165972 0.020685 0.025221
0 0.785930 0.849270 0.015558 0.020536
0 0.045154 0.071627 0.017269 0.023118
0 0.664330 0.144194 0.022443 0.024644
0 0.303725 0.829298 0.016644 0.020950
0 0.484504 0.132906 0.019877 0.028087
0 0.665803 0.676202 0.016702 0.020428
0 0.252316 0.468348 0.019772 0.024634
0 0.391584 0.088387 0.016410 0.020463
0 0.327844 0.100881 0.018698 0.023036
0 0.858642 0.519933 0.018543 0.022745
0 0.842788 0.032699 0.015703 0.018384
0 0.721497 0.543259 0.016262 0.021184
0 0.816815 0.268551 0.017221 0.023725
0 0.283573 0.388267 0.018290 0.021361
0 0.218786 0.962048 0.016481 0.022048
0 0.758385 0.052646 0.018839 0.023306
0 0.749535 0.566903 0.018652 0.023678
0 0.761101 0.888366 0.020939 0.023563
0 0.653601 0.052894 0.018900 0.023520
0 0.817843 0.871477 0.017953 0.021969
0 0.434911 0.126844 0.017471 0.023031
0 0.843692 0.061791 0.015264 0.019868
0 0.793842 0.779340 0.018569 0.023183
0 0.457976 0.957844 0.017824 0.021099
0 0.012414 0.502819 0.015720 0.020039
0 0.379994 0.041415 0.015921 0.019400
0 0.192297 0.954841 0.016817 0.021670
0 0.635777 0.676915 0.014854 0.018649
0 0.912369 0.137486 0.016503 0.021251
0 0.370547 0.642174 0.015053 0.021912
0 0.742600 0.207488 0.018751 0.022426
0 0.523301 0.637425 0.016197 0.020164
0 0.857746 0.549977 0.017828 0.023252
0 0.610470 0.688396 0.017988 0.022380
0 0.134545 0.235941 0.017456 0.021714
0 0.938057 0.891269 0.015646 0.019354
0 0.657774 0.853827 0.016592 0.020697
0 0.244333 0.528901 0.015545 0.021542
0 0.521440 0.072940 0.016430 0.019631
0 0.464284 0.909119 0.016804 0.021084
0 0.536928 0.435087 0.016548 0.021416
0 0.466277 0.676661 0.017260 0.021666
0 0.324161 0.887571 0.018631 0.022940
0 0.854541 0.674647 0.019154 0.021902
0 0.873796 0.928906 0.016310 0.021535
0 0.392170 0.680793 0.015833 0.018799
0 0.291961 0.022898 0.016928 0.022221
0 0.172529 0.254124 0.015644 0.019446
0 0.120013 0.491064 0.016650 0.022366
0 0.511897 0.289814 0.018954 0.023331
0 0.664527 0.594872 0.018581 0.027018
0 0.129326 0.132949 0.017475 0.020061
0 0.467410 0.871075 0.015966 0.019213
0 0.842556 0.972759 0.014674 0.019833
0 0.533584 0.341062 0.016742 0.021315
0 0.811196 0.414173 0.018254 0.021931
0 0.462100 0.133425 0.016204 0.022857
0 0.825111 0.574107 0.015134 0.018412
0 0.278466 0.450957 0.017855 0.022444
0 0.788854 0.268853 0.016176 0.019884
0 0.820736 0.968533 0.017841 0.022146
0 0.313829 0.041411 0.015079 0.020209
0 0.633129 0.386825 0.016105 0.019888
0 0.026082 0.483273 0.016055 0.018779
0 0.425506 0.040959 0.017532 0.024290
0 0.830694 0.905553 0.015010 0.020450
0 0.548963 0.058026 0.015012 0.018090
0 0.070907 0.041145 0.018967 0.023184
0 0.520610 0.697055 0.016385 0.025476
0 0.579662 0.706194 0.016689 0.019962
0 0.743448 0.517515 0.014373 0.017610
0 0.365162 0.976478 0.013512 0.017413
0 0.682657 0.695928 0.018441 0.021688
0 0.474310 0.619943 0.015988 0.020731
0 0.456384 0.262177 0.017305 0.021105
0 0.892321 0.098490 0.017145 0.022647
0 0.384969 0.650992 0.014239 0.018519
0 0.709121 0.589652 0.016972 0.020661
0 0.070994 0.805015 0.018393 0.023402
0 0.827544 0.727761 0.016852 0.021018
0 0.753283 0.974411 0.016276 0.020154
0 0.805059 0.985747 0.015465 0.019013
0 0.956494 0.524186 0.017071 0.021131
0 0.010459 0.656976 0.019855 0.023382
0 0.351490 0.042646 0.017513 0.020003
0 0.711389 0.260789 0.016947 0.019455
0 0.085027 0.506913 0.017900 0.021369
0 0.583163 0.363157 0.017965 0.023239
0 0.371543 0.845834 0.020466 0.025146
0 0.775512 0.986018 0.014694 0.020273
0 0.322579 0.847336 0.015725 0.019836
0 0.070273 0.076719 0.017330 0.024029
0 0.220268 0.231964 0.017135 0.021729
0 0.427257 0.659049 0.016326 0.021417
0 0.104854 0.070809 0.016540 0.020123
0 0.025642 0.764149 0.016948 0.019413
0 0.881888 0.662814 0.019681 0.022849
0 0.052035 0.107331 0.015102 0.019591
0 0.177764 0.666687 0.017483 0.022368
0 0.687449 0.031587 0.015944 0.019988
0 0.021659 0.895184 0.016010 0.020287
0 0.489379 0.558442 0.017203 0.020437
0 0.497585 0.387436 0.016845 0.021710
0 0.872552 0.057652 0.013410 0.016037
0 0.666758 0.828654 0.014351 0.016671
0 0.812507 0.059131 0.013583 0.022021
0 0.015875 0.698364 0.016531 0.019648
0 0.140708 0.945287 0.017172 0.022151
0 0.667130 0.542562 0.018908 0.021435
0 0.110085 0.540028 0.019206 0.023006
0 0.181287 0.336608 0.015859 0.017947
0 0.296514 0.099657 0.016338 0.019794
0 0.364688 0.952173 0.014976 0.016952
0 0.612796 0.112212 0.016896 0.022640
0 0.247042 0.979791 0.015356 0.015218
0 0.090512 0.851103 0.019310 0.024417
0 0.213567 0.321498 0.016729 0.021317
0 0.633389 0.076878 0.016480 0.020706
0 0.165767 0.126762 0.012915 0.016488
0 0.037538 0.875554 0.014582 0.017896
0 0.330997 0.049322 0.015216 0.021552
0 0.222807 0.509604 0.019082 0.022809
0 0.313698 0.018607 0.016069 0.015606
0 0.336295 0.021008 0.015065 0.015606
0 0.068643 0.933974 0.012052 0.012005
0 0.037509 0.937575 0.016069 0.016807
0 0.395550 0.522809 0.015065 0.018007
0 0.992795 0.734694 0.014410 0.024010
0 0.020938 0.015006 0.021091 0.025210