0 0.624185 0.012024 0.017504 0.019787
0 0.550575 0.510852 0.021549 0.027743
0 0.411991 0.535317 0.017598 0.021881
0 0.264698 0.649441 0.016569 0.020086
0 0.242335 0.505361 0.020081 0.023982
0 0.719995 0.251663 0.016967 0.023110
0 0.975284 0.860669 0.020369 0.024356
0 0.362947 0.529879 0.018219 0.023387
0 0.194018 0.342351 0.017970 0.023870
0 0.535984 0.470183 0.019165 0.023741
0 0.206257 0.305402 0.021684 0.025542
0 0.244619 0.663606 0.020434 0.022893
0 0.160252 0.007078 0.017061 0.014156
0 0.691617 0.255493 0.021927 0.026284
0 0.286298 0.271513 0.016995 0.022906
0 0.705550 0.365315 0.021074 0.026319
0 0.469445 0.963657 0.018035 0.022146
0 0.974514 0.636710 0.019860 0.022855
0 0.747304 0.263930 0.017568 0.022530
0 0.436353 0.603070 0.018671 0.023199
0 0.678634 0.697160 0.020116 0.024346
0 0.133422 0.346399 0.019740 0.022861
0 0.983474 0.557979 0.020522 0.022481
0 0.319030 0.241722 0.019501 0.022260
0 0.951317 0.947233 0.019615 0.024692
0 0.851201 0.237427 0.018865 0.024102
0 0.391296 0.527696 0.015667 0.020347
0 0.882601 0.074493 0.019084 0.021464
0 0.831148 0.812464 0.021721 0.028080
0 0.976533 0.074994 0.020108 0.023231
0 0.571782 0.469771 0.016667 0.022252
0 0.312095 0.089483 0.018472 0.019838
0 0.616645 0.051586 0.018323 0.022457
0 0.096728 0.467055 0.018177 0.021548
0 0.326355 0.271991 0.017017 0.021069
0 0.243893 0.369525 0.015392 0.020096
0 0.377765 0.011852 0.014736 0.018482
0 0.601523 0.853158 0.020105 0.023459
0 0.687539 0.749113 0.018754 0.023714
0 0.414741 0.135530 0.018144 0.022565
0 0.654893 0.813119 0.021448 0.025304
0 0.546415 0.298436 0.019488 0.023081
0 0.112462 0.012821 0.018517 0.021061
0 0.258854 0.076862 0.020119 0.021511
0 0.306005 0.869549 0.020380 0.025114
0 0.416627 0.841098 0.018012 0.022796
0 0.530707 0.527341 0.017640 0.021730
0 0.783022 0.809995 0.021804 0.027367
0 0.415107 0.448180 0.019033 0.023141
0 0.340619 0.792764 0.019045 0.022487
0 0.140977 0.431838 0.016207 0.019819
0 0.754579 0.638230 0.019228 0.026070
0 0.205568 0.436033 0.018883 0.022933
0 0.987958 0.761848 0.019389 0.023025
0 0.285509 0.362631 0.019141 0.023591
0 0.367447 0.152923 0.017444 0.020539
0 0.134159 0.096550 0.017912 0.022053
0 0.352448 0.465341 0.015169 0.019497
0 0.316923 0.549688 0.018227 0.022675
0 0.786525 0.715379 0.020141 0.021400
0 0.936040 0.436673 0.020938 0.024823
0 0.594784 0.168095 0.022900 0.024543
0 0.422594 0.231935 0.017789 0.024126
0 0.036964 0.372401 0.017452 0.021267
0 0.552546 0.896150 0.021036 0.023954
0 0.430710 0.741578 0.017323 0.021812
0 0.506550 0.726834 0.017001 0.021139
0 0.840436 0.556682 0.023019 0.028369
0 0.693484 0.044717 0.020027 0.025429
0 0.902650 0.159733 0.017953 0.022586
0 0.051770 0.403177 0.017244 0.020761
0 0.930532 0.753647 0.020009 0.022397
0 0.396698 0.586088 0.017739 0.021005
0 0.117557 0.307494 0.019050 0.022817
0 0.255007 0.909791 0.021455 0.027198
0 0.477786 0.199843 0.017650 0.021643
0 0.093706 0.859754 0.018979 0.023771
0 0.540222 0.427654 0.016905 0.020221
0 0.221022 0.356637 0.016146 0.020889
0 0.901464 0.719718 0.019099 0.022426
0 0.020689 0.518511 0.018130 0.023078
0 0.370247 0.646283 0.018318 0.021728
0 0.650744 0.738206 0.019189 0.021447
0 0.797361 0.617888 0.021649 0.023441
0 0.121271 0.221118 0.017164 0.022983
0 0.575951 0.073187 0.014507 0.017444
0 0.950339 0.163483 0.016484 0.020185
0 0.148449 0.024736 0.013232 0.016044
0 0.262749 0.536033 0.016809 0.019576