0 0.102969 0.873810 0.023964 0.028250
0 0.763556 0.881944 0.018220 0.023118
0 0.936850 0.889301 0.027051 0.025928
0 0.784780 0.896417 0.019206 0.026124
0 0.888277 0.880655 0.020492 0.024678
0 0.604863 0.053849 0.021021 0.025597
0 0.611048 0.511776 0.022292 0.025638
0 0.031510 0.153789 0.017599 0.020500
0 0.739760 0.891366 0.018386 0.023551
0 0.561901 0.946006 0.020433 0.025165
0 0.171134 0.901956 0.020587 0.026157
0 0.880923 0.637854 0.018919 0.022298
0 0.782908 0.385060 0.024438 0.025067
0 0.763757 0.324010 0.024359 0.028407
0 0.143121 0.285374 0.020389 0.024560
0 0.810036 0.880164 0.019808 0.024999
0 0.251550 0.560149 0.019277 0.024179
0 0.315532 0.718828 0.018664 0.022387
0 0.373682 0.239978 0.020977 0.026648
0 0.742216 0.077402 0.020357 0.024113
0 0.327898 0.860994 0.020819 0.022133
0 0.041990 0.187768 0.020674 0.024500
0 0.060898 0.792179 0.017208 0.023756
0 0.475970 0.593188 0.019072 0.022775
0 0.102886 0.508981 0.019405 0.023971
0 0.341404 0.096883 0.017725 0.022636
0 0.351396 0.297414 0.018045 0.021897
0 0.789263 0.242739 0.020679 0.023311
0 0.495517 0.218222 0.022718 0.026380
0 0.604858 0.186843 0.019639 0.023771
0 0.084829 0.784828 0.015684 0.020736
0 0.568980 0.128730 0.016818 0.020391
0 0.531170 0.414730 0.019324 0.023355
0 0.235136 0.890489 0.019362 0.024732
0 0.087969 0.309971 0.020276 0.025262
0 0.788039 0.808647 0.019790 0.023320
0 0.912795 0.120342 0.020744 0.027921
0 0.329159 0.116858 0.015516 0.019857
0 0.443552 0.675809 0.018460 0.023791
0 0.493971 0.152046 0.019973 0.026419
0 0.464247 0.402607 0.020336 0.023306
0 0.191368 0.219076 0.017164 0.020408
0 0.898010 0.294165 0.023934 0.022479
0 0.087269 0.031760 0.016594 0.021080
0 0.147648 0.072769 0.020015 0.021806
0 0.848558 0.643337 0.020877 0.025061
0 0.516309 0.072582 0.017701 0.022775
0 0.625510 0.370284 0.020225 0.024345
0 0.058698 0.126801 0.017948 0.022532
0 0.911630 0.790900 0.020411 0.024331
0 0.332297 0.246285 0.020842 0.024680
0 0.319543 0.159199 0.020212 0.024152
0 0.125829 0.684807 0.016671 0.020030
0 0.457231 0.321337 0.018372 0.023798
0 0.897397 0.423879 0.021041 0.025918
0 0.143592 0.744374 0.017368 0.022514
0 0.409941 0.734318 0.018690 0.022800
0 0.489560 0.964219 0.020135 0.026309
0 0.252779 0.747150 0.015321 0.021588
0 0.564932 0.155621 0.015626 0.019277
0 0.010222 0.219752 0.016848 0.021040
0 0.746841 0.013726 0.018392 0.021637
0 0.886189 0.378660 0.019283 0.022876
0 0.275951 0.744547 0.016731 0.024927
0 0.011437 0.191323 0.018357 0.022225
0 0.867346 0.830708 0.019460 0.022875
0 0.135376 0.133355 0.018492 0.022220
0 0.550816 0.706625 0.020305 0.020999
0 0.789043 0.608226 0.020219 0.023453
0 0.890681 0.318994 0.017165 0.021231
0 0.816400 0.324199 0.018108 0.022199
0 0.173707 0.244878 0.017821 0.023865
0 0.551146 0.533087 0.017137 0.021277
0 0.485288 0.485560 0.017947 0.022591
0 0.556804 0.660325 0.018537 0.022477
0 0.531688 0.571977 0.020138 0.023084
0 0.229632 0.104680 0.018581 0.022057
0 0.949614 0.686729 0.018505 0.022095
0 0.356406 0.407216 0.018705 0.022812
0 0.471110 0.783073 0.017556 0.022335
0 0.379161 0.325479 0.021152 0.026289
0 0.336869 0.832352 0.019695 0.022194
0 0.854506 0.204932 0.018496 0.022938
0 0.057794 0.424015 0.017561 0.021741
0 0.786011 0.214507 0.017504 0.020543
0 0.620178 0.159228 0.018025 0.021465
0 0.319856 0.269559 0.019933 0.025290
0 0.279687 0.580757 0.015913 0.019935
0 0.162432 0.528359 0.022254 0.024577
0 0.456641 0.642295 0.018988 0.023478
0 0.381509 0.092815 0.016392 0.020226
0 0.818867 0.092591 0.017640 0.024270
0 0.810210 0.415709 0.016226 0.019417
0 0.633431 0.067262 0.016717 0.020733
0 0.078051 0.900538 0.016157 0.019534
0 0.700479 0.461170 0.018190 0.021880
0 0.575742 0.076845 0.023858 0.023996
0 0.408950 0.342763 0.013870 0.018735
0 0.487372 0.261382 0.017653 0.020747
0 0.989608 0.297119 0.014061 0.020408
0 0.986595 0.361345 0.016069 0.019208