0 0.491510 0.009400 0.016833 0.017580
0 0.281102 0.827559 0.018129 0.023586
0 0.454914 0.008688 0.016230 0.015038
0 0.860646 0.106720 0.020045 0.024249
0 0.828010 0.891703 0.018456 0.022923
0 0.343357 0.970882 0.015851 0.021187
0 0.407379 0.103380 0.016479 0.020741
0 0.483301 0.333356 0.017089 0.023162
0 0.399907 0.012309 0.019119 0.018773
0 0.190799 0.668593 0.018197 0.020435
0 0.907663 0.025079 0.020190 0.024770
0 0.783617 0.666151 0.015225 0.019339
0 0.536868 0.974514 0.021547 0.028370
0 0.379378 0.106285 0.016902 0.020881
0 0.288668 0.458644 0.016869 0.021305
0 0.516672 0.689789 0.019266 0.022505
0 0.983110 0.519784 0.017177 0.019605
0 0.846855 0.878835 0.015762 0.019945
0 0.779003 0.060098 0.018399 0.023273
0 0.796631 0.091272 0.019444 0.023820
0 0.655466 0.460143 0.018295 0.022430
0 0.881488 0.175481 0.019794 0.025974
0 0.272340 0.475594 0.019904 0.025351
0 0.407252 0.656952 0.015029 0.019015
0 0.546630 0.534977 0.018188 0.022457
0 0.845356 0.237493 0.017735 0.022380
0 0.692961 0.950853 0.016895 0.021159
0 0.351054 0.111805 0.018596 0.022400
0 0.700080 0.529643 0.017231 0.020983
0 0.668396 0.202424 0.019696 0.023654
0 0.304122 0.040517 0.019647 0.021551
0 0.543373 0.652193 0.015823 0.019715
0 0.389794 0.066770 0.019039 0.022052
0 0.768326 0.178291 0.018670 0.023283
0 0.234474 0.884269 0.019168 0.025022
0 0.813370 0.691010 0.016772 0.021728
0 0.666150 0.245357 0.018874 0.024976
0 0.936396 0.431459 0.017618 0.021351
0 0.726471 0.597034 0.017514 0.020640
0 0.942458 0.500698 0.018331 0.022027
0 0.327488 0.987485 0.018043 0.019169
0 0.984238 0.029758 0.019283 0.024416
0 0.160588 0.073692 0.016961 0.020945
0 0.371092 0.915002 0.018071 0.021798
0 0.421858 0.006664 0.017590 0.013328
0 0.470074 0.022699 0.015583 0.019268
0 0.195402 0.137054 0.020416 0.022235
0 0.139092 0.499696 0.016674 0.021861
0 0.685582 0.516002 0.015222 0.018983
0 0.143539 0.331964 0.019530 0.024179
0 0.372657 0.940953 0.013718 0.016772
0 0.242736 0.238233 0.018512 0.022352
0 0.509353 0.099689 0.017633 0.021873
0 0.176743 0.548424 0.017379 0.022890
0 0.560264 0.464652 0.018048 0.022550
0 0.098558 0.832503 0.019292 0.024951
0 0.308557 0.444998 0.015448 0.020631
0 0.808369 0.666141 0.016852 0.020210
0 0.399666 0.632130 0.015661 0.018009
0 0.606178 0.620332 0.017199 0.021525
0 0.801364 0.415508 0.020060 0.023122
0 0.613831 0.147522 0.012423 0.017324
0 0.549491 0.442440 0.015907 0.018144
0 0.942447 0.939052 0.016548 0.019996
0 0.930007 0.979023 0.015938 0.018763
0 0.897906 0.373570 0.019696 0.023351
0 0.364121 0.799254 0.018026 0.022446
0 0.961072 0.970949 0.017957 0.022708
0 0.580870 0.790316 0.018200 0.022387
0 0.899647 0.688931 0.015214 0.019551
0 0.221076 0.511412 0.014915 0.021604
0 0.761094 0.595144 0.016832 0.019695
0 0.086508 0.276046 0.016123 0.020255
0 0.630367 0.076548 0.019459 0.025179
0 0.847143 0.649787 0.016119 0.019778
0 0.030767 0.942358 0.016747 0.020680
0 0.505404 0.026112 0.015232 0.017402
0 0.279622 0.028167 0.017174 0.021433
0 0.409388 0.078846 0.014216 0.016769
0 0.329580 0.837418 0.016307 0.020588
0 0.983563 0.551507 0.018136 0.021381
0 0.057187 0.943880 0.017921 0.021877
0 0.511340 0.715804 0.017330 0.020914
0 0.136830 0.074754 0.016784 0.022148
0 0.154251 0.241714 0.017075 0.020519
0 0.468752 0.348502 0.015993 0.019464
0 0.582968 0.465654 0.016249 0.020919
0 0.322019 0.739612 0.017314 0.020174
0 0.160621 0.782968 0.017537 0.021542
0 0.766682 0.464856 0.016730 0.021112
0 0.306088 0.391809 0.021574 0.024100
0 0.253534 0.812368 0.020168 0.025471
0 0.864475 0.076743 0.017736 0.019606
0 0.463163 0.901838 0.019000 0.024393
0 0.131547 0.788999 0.016807 0.022397
0 0.934416 0.404423 0.017875 0.020670
0 0.391367 0.937200 0.014813 0.018381
0 0.348539 0.053646 0.014634 0.018009
0 0.030416 0.338564 0.017990 0.022017
0 0.694075 0.993702 0.019226 0.012596
0 0.708348 0.507013 0.016910 0.019649
0 0.775759 0.258306 0.016355 0.020979
0 0.871393 0.680274 0.017467 0.022759
0 0.180539 0.693127 0.018406 0.022909
0 0.621639 0.045930 0.019278 0.022437
0 0.518359 0.466382 0.018196 0.022995
0 0.543178 0.764807 0.015356 0.021024
0 0.204955 0.495933 0.015457 0.019695
0 0.039199 0.597680 0.016618 0.020359
0 0.367462 0.963570 0.013943 0.018038
0 0.559406 0.105192 0.015725 0.018955
0 0.103978 0.521490 0.017867 0.024076
0 0.432858 0.601763 0.017625 0.020761
0 0.041056 0.652405 0.017003 0.020403
0 0.017461 0.037130 0.018745 0.023243
0 0.512787 0.395848 0.018865 0.023854
0 0.789503 0.536095 0.014830 0.017372
0 0.867114 0.254748 0.016169 0.025379
0 0.728337 0.817400 0.017047 0.020353
0 0.701558 0.215960 0.017345 0.024745
0 0.151835 0.550887 0.021123 0.025566
0 0.413987 0.687232 0.014837 0.020977
0 0.388410 0.652353 0.013742 0.018331
0 0.035338 0.699805 0.019535 0.023470
0 0.487218 0.156803 0.017404 0.021508
0 0.904101 0.962178 0.018062 0.022247
0 0.804305 0.291373 0.015470 0.019326
0 0.230587 0.334243 0.016540 0.020944
0 0.311980 0.420225 0.012323 0.019162
0 0.384958 0.958632 0.013803 0.018166
0 0.974987 0.681153 0.017434 0.022243
0 0.790537 0.906534 0.016828 0.020965
0 0.027492 0.988008 0.019304 0.018826
0 0.740866 0.579711 0.019595 0.026656
0 0.837666 0.975239 0.018383 0.020469
0 0.695095 0.876628 0.016765 0.019747
0 0.583581 0.889111 0.013299 0.016651
0 0.489981 0.829083 0.014852 0.018237
0 0.602766 0.908364 0.014666 0.018249
0 0.433525 0.560792 0.014983 0.018918
0 0.927126 0.847577 0.013812 0.018163
0 0.558603 0.277556 0.013210 0.017380
0 0.439712 0.670261 0.011578 0.014356
0 0.436444 0.626484 0.013109 0.017239
0 0.713668 0.967496 0.015639 0.017708
0 0.454209 0.688460 0.014003 0.017306
0 0.241679 0.025864 0.014177 0.014006
0 0.479341 0.821661 0.010037 0.015258