0 0.545361 0.571200 0.015119 0.020092
0 0.385864 0.086608 0.014054 0.021631
0 0.281048 0.384980 0.019538 0.023988
0 0.225071 0.899445 0.017649 0.020515
0 0.035876 0.933056 0.016798 0.021703
0 0.124027 0.166176 0.020352 0.025616
0 0.746967 0.053321 0.018309 0.024299
0 0.478960 0.886728 0.017455 0.021340
0 0.770105 0.742406 0.015372 0.020357
0 0.839141 0.864731 0.013915 0.019328
0 0.218629 0.948999 0.015764 0.019247
0 0.447781 0.026952 0.017524 0.020336
0 0.564934 0.087660 0.015973 0.020736
0 0.627835 0.944442 0.019099 0.024914
0 0.154758 0.152640 0.017652 0.020539
0 0.515893 0.292736 0.019152 0.023367
0 0.806025 0.264511 0.016244 0.022490
0 0.117512 0.489270 0.017642 0.022518
0 0.510983 0.965736 0.022865 0.027042
0 0.816967 0.894492 0.015222 0.020483
0 0.008626 0.654357 0.016706 0.021458
0 0.251523 0.470008 0.021424 0.025670
0 0.492214 0.850733 0.019807 0.023467
0 0.805340 0.405485 0.016813 0.018868
0 0.043482 0.071225 0.016435 0.021051
0 0.934369 0.890307 0.014369 0.018220
0 0.817840 0.017147 0.017465 0.022483
0 0.130057 0.232638 0.017956 0.022258
0 0.622127 0.633665 0.015909 0.020222
0 0.795397 0.605005 0.018345 0.021236
0 0.749522 0.828138 0.018046 0.023355
0 0.325884 0.811482 0.016047 0.018391
0 0.661576 0.336951 0.015367 0.018972
0 0.114814 0.543274 0.016821 0.021897
0 0.981020 0.670656 0.018363 0.022384
0 0.764188 0.960746 0.016104 0.019231
0 0.710803 0.941202 0.017313 0.021064
0 0.814996 0.867623 0.018135 0.022542
0 0.650095 0.675226 0.016722 0.022125
0 0.631623 0.332855 0.015382 0.020556
0 0.768389 0.188849 0.017770 0.022230
0 0.215374 0.260933 0.015700 0.018562
0 0.451876 0.259663 0.017553 0.020722
0 0.691371 0.131245 0.018386 0.021682
0 0.831145 0.560700 0.015827 0.019333
0 0.237356 0.497232 0.019435 0.020284
0 0.307413 0.027905 0.015178 0.018207
0 0.462330 0.866093 0.014915 0.019102
0 0.394125 0.824937 0.018774 0.022194
0 0.066946 0.039257 0.016432 0.021431
0 0.260758 0.615589 0.015685 0.018138
0 0.304543 0.824766 0.017710 0.020327
0 0.466246 0.675758 0.017410 0.022102
0 0.646155 0.067643 0.015832 0.023565
0 0.653393 0.781024 0.015995 0.020433
0 0.785324 0.654772 0.016118 0.020497
0 0.590835 0.049433 0.014893 0.018818
0 0.387857 0.771733 0.019046 0.025727
0 0.797184 0.051759 0.015105 0.020271
0 0.840915 0.502413 0.017216 0.022153
0 0.087309 0.850504 0.014945 0.021295
0 0.584003 0.649557 0.015555 0.020872
0 0.643818 0.100294 0.013803 0.017233
0 0.196806 0.943180 0.016549 0.024528
0 0.016603 0.070380 0.016174 0.017954
0 0.197826 0.090077 0.015326 0.017400
0 0.706442 0.578066 0.015425 0.019221
0 0.966840 0.232735 0.019111 0.025655
0 0.736890 0.914074 0.015711 0.021240
0 0.533129 0.437905 0.016262 0.021671
0 0.720054 0.521667 0.018023 0.023774
0 0.521841 0.570337 0.017457 0.021973
0 0.216512 0.226599 0.017496 0.021809
0 0.317761 0.095363 0.016696 0.021397
0 0.443204 0.501286 0.014030 0.017190
0 0.080787 0.490536 0.014444 0.019882
0 0.081785 0.464279 0.012223 0.016230
0 0.537486 0.944971 0.014902 0.018743
0 0.190028 0.870231 0.016506 0.021086
0 0.790936 0.728824 0.015849 0.021313
0 0.685087 0.660200 0.015901 0.020004
0 0.049659 0.106752 0.014278 0.021356
0 0.514036 0.542710 0.015597 0.019869
0 0.864919 0.109985 0.014901 0.018392
0 0.566289 0.623026 0.016373 0.020445
0 0.828702 0.524947 0.017582 0.022409
0 0.023719 0.706815 0.016029 0.017534
0 0.456778 0.401536 0.012584 0.017416
0 0.665192 0.599360 0.015936 0.019865
0 0.945942 0.506584 0.016955 0.020542
0 0.114875 0.674514 0.016668 0.021019
0 0.833430 0.075778 0.014547 0.016575
0 0.111097 0.420527 0.020034 0.023992
0 0.252260 0.958498 0.015244 0.019592
0 0.030207 0.129308 0.017563 0.020008
0 0.173995 0.714006 0.017518 0.021089
0 0.078892 0.922489 0.016742 0.021346
0 0.042837 0.898927 0.013969 0.020167
0 0.288733 0.020809 0.015658 0.018562
0 0.114682 0.638700 0.014350 0.019525
0 0.831781 0.929748 0.015488 0.019829
0 0.209515 0.976820 0.016718 0.020041
0 0.016187 0.578506 0.017733 0.021773
0 0.436032 0.125473 0.015381 0.020189
0 0.964522 0.990807 0.016200 0.015465
0 0.817346 0.969827 0.016590 0.022526
0 0.747689 0.564246 0.016856 0.021810
0 0.485263 0.136783 0.020524 0.024098
0 0.939423 0.840515 0.018980 0.022668
0 0.067952 0.071563 0.012727 0.017994
0 0.231946 0.867287 0.017053 0.021285
0 0.712312 0.905266 0.016984 0.021228
0 0.057686 0.466020 0.015545 0.021122
0 0.181989 0.963441 0.014882 0.017289
0 0.313196 0.053421 0.015065 0.015606
0 0.331274 0.049220 0.015065 0.016807
0 0.398563 0.012605 0.013056 0.013205
0 0.332278 0.022209 0.013056 0.015606
0 0.352364 0.045618 0.013056 0.016807
0 0.374962 0.045618 0.016069 0.016807
0 0.382996 0.654262 0.014061 0.014406
0 0.369940 0.641056 0.014061 0.016807
0 0.295620 0.103241 0.014061 0.016807