0 0.556148 0.515550 0.022322 0.028845
0 0.209896 0.311074 0.020902 0.025144
0 0.249064 0.668133 0.019519 0.023276
0 0.725861 0.255537 0.018755 0.023041
0 0.696987 0.262003 0.021306 0.024738
0 0.421302 0.847091 0.018251 0.023631
0 0.435398 0.908114 0.019097 0.024233
0 0.420586 0.541199 0.016845 0.022021
0 0.675943 0.113863 0.018035 0.023248
0 0.199569 0.345728 0.018681 0.022582
0 0.100904 0.475108 0.019170 0.024842
0 0.905057 0.722482 0.016979 0.020931
0 0.357359 0.471554 0.016634 0.020279
0 0.604090 0.860857 0.021755 0.023952
0 0.114440 0.331801 0.015578 0.017979
0 0.540964 0.487491 0.017604 0.022864
0 0.982113 0.861212 0.020537 0.025434
0 0.227059 0.361692 0.016615 0.020589
0 0.088614 0.431439 0.022019 0.019978
0 0.546976 0.304197 0.018578 0.021883
0 0.696611 0.051800 0.017897 0.021288
0 0.381309 0.130381 0.017737 0.022149
0 0.246882 0.167231 0.019765 0.022484
0 0.137333 0.355539 0.017421 0.021020
0 0.791180 0.818443 0.021972 0.025220
0 0.209820 0.442445 0.018419 0.020932
0 0.684340 0.701685 0.022105 0.026370
0 0.458274 0.048347 0.018818 0.022420
0 0.248511 0.512118 0.020007 0.023622
0 0.940554 0.441634 0.019799 0.024289
0 0.373155 0.654254 0.016765 0.019922
0 0.124828 0.226526 0.018283 0.025402
0 0.685888 0.955419 0.019753 0.025693
0 0.980235 0.642996 0.020800 0.024096
0 0.864726 0.378813 0.020085 0.023089
0 0.464094 0.112668 0.016193 0.020390
0 0.435653 0.746822 0.018192 0.023825
0 0.338895 0.080770 0.015298 0.019847
0 0.398464 0.535129 0.016541 0.021496
0 0.886144 0.819299 0.025645 0.028131
0 0.270396 0.656811 0.016893 0.021621
0 0.332139 0.279801 0.016847 0.019692
0 0.443648 0.606068 0.017290 0.022275
0 0.524521 0.113621 0.017410 0.021511
0 0.322343 0.559898 0.020787 0.024211
0 0.416470 0.588590 0.019324 0.024685
0 0.419614 0.454828 0.017382 0.020350
0 0.144334 0.435614 0.017585 0.021935
0 0.038853 0.374896 0.016917 0.020983
0 0.204743 0.409044 0.017053 0.021429
0 0.774637 0.445257 0.021483 0.027169
0 0.766334 0.842435 0.018936 0.024488
0 0.624102 0.054591 0.019612 0.024052
0 0.162881 0.009845 0.018630 0.018819
0 0.484268 0.300998 0.017934 0.021909
0 0.693081 0.754303 0.019937 0.024471
0 0.991382 0.767780 0.017235 0.026414
0 0.139981 0.102087 0.017115 0.023108
0 0.315919 0.129790 0.018533 0.021570
0 0.329539 0.250268 0.017323 0.023574
0 0.382450 0.017020 0.016145 0.020026
0 0.367934 0.443885 0.018088 0.023273
0 0.826947 0.721045 0.018649 0.021476
0 0.534162 0.529564 0.015866 0.020722
0 0.846471 0.559354 0.022371 0.028308
0 0.512052 0.730972 0.017400 0.021507
0 0.346545 0.800486 0.017619 0.021254
0 0.313139 0.096295 0.016361 0.020164
0 0.954947 0.954277 0.021044 0.026696
0 0.546054 0.430825 0.016690 0.020547
0 0.977255 0.408612 0.018656 0.023740
0 0.757628 0.637830 0.020908 0.024622
0 0.600244 0.173947 0.019181 0.024130
0 0.247339 0.374957 0.017092 0.022622
0 0.273051 0.916826 0.020441 0.023629
0 0.024723 0.526729 0.018865 0.021488
0 0.489861 0.967885 0.017916 0.022612
0 0.700834 0.098797 0.016244 0.020597
0 0.055612 0.413859 0.016898 0.019254
0 0.176195 0.736271 0.017074 0.020703
0 0.434042 0.971563 0.019537 0.025669
0 0.374339 0.627891 0.016306 0.019494
0 0.209757 0.863536 0.016815 0.020602
0 0.667247 0.246304 0.015995 0.020640
0 0.605996 0.317323 0.016135 0.020975
0 0.242235 0.120334 0.015378 0.021453
0 0.293741 0.278895 0.017888 0.023895
0 0.883624 0.715255 0.017779 0.020634
0 0.743192 0.778565 0.018372 0.020741
0 0.426918 0.238637 0.018750 0.022408
0 0.419616 0.142377 0.016429 0.022440
0 0.151949 0.944031 0.017944 0.021533
0 0.534202 0.670846 0.017810 0.020793
0 0.559255 0.483794 0.013056 0.016807
0 0.578337 0.474190 0.017073 0.016807
0 0.903236 0.163265 0.018078 0.021609