0 0.235072 0.553768 0.020013 0.025030
0 0.913536 0.883759 0.016951 0.021229
0 0.499767 0.493127 0.018756 0.023441
0 0.795926 0.873315 0.019603 0.023407
0 0.636876 0.298069 0.018011 0.021627
0 0.442031 0.314087 0.016154 0.021070
0 0.099408 0.925874 0.016510 0.020071
0 0.860463 0.565686 0.019066 0.023917
0 0.144133 0.921574 0.016999 0.020879
0 0.263678 0.738157 0.015911 0.020510
0 0.122621 0.909836 0.016915 0.023054
0 0.008399 0.223875 0.016680 0.022332
0 0.155200 0.889669 0.019329 0.025133
0 0.851657 0.346830 0.020496 0.023054
0 0.315707 0.270499 0.015387 0.018810
0 0.959366 0.432890 0.017398 0.021135
0 0.471684 0.010830 0.015905 0.018483
0 0.439178 0.107637 0.017438 0.022926
0 0.757595 0.578852 0.019824 0.023650
0 0.770324 0.208711 0.017631 0.018975
0 0.236935 0.739721 0.015902 0.022217
0 0.042584 0.331279 0.018018 0.022665
0 0.380656 0.366076 0.019356 0.023606
0 0.874104 0.871514 0.016988 0.019483
0 0.522504 0.721076 0.017752 0.020051
0 0.702247 0.327317 0.019704 0.030814
0 0.206509 0.739044 0.017113 0.020196
0 0.381344 0.911250 0.017187 0.020715
0 0.335536 0.784683 0.018271 0.022689
0 0.726650 0.083732 0.019053 0.024100
0 0.351687 0.847623 0.018952 0.023517
0 0.775667 0.231938 0.017538 0.022289
0 0.515907 0.202047 0.018228 0.022403
0 0.976737 0.296111 0.021475 0.023402
0 0.455196 0.463769 0.016359 0.020574
0 0.370676 0.274752 0.018873 0.024422
0 0.653699 0.273622 0.016485 0.020518
0 0.088096 0.504186 0.020309 0.023805
0 0.379115 0.183543 0.020212 0.022098
0 0.353124 0.068904 0.019077 0.022864
0 0.072286 0.304754 0.018438 0.026706
0 0.745512 0.406508 0.017343 0.021307
0 0.013518 0.746870 0.017472 0.023256
0 0.657722 0.378381 0.017066 0.021664
0 0.713601 0.288003 0.015900 0.020304
0 0.320888 0.392020 0.019551 0.021510
0 0.555905 0.147726 0.014828 0.018090
0 0.871214 0.630576 0.019047 0.023970
0 0.771474 0.786269 0.017295 0.020157
0 0.243107 0.153323 0.018710 0.021895
0 0.191341 0.339889 0.019282 0.024766
0 0.798687 0.086162 0.019597 0.019478
0 0.602599 0.152402 0.016216 0.018783
0 0.316516 0.239744 0.016678 0.019390
0 0.238304 0.804978 0.018923 0.021093
0 0.510035 0.085445 0.018653 0.021752
0 0.235509 0.019980 0.020103 0.024554
0 0.395685 0.642760 0.017893 0.022792
0 0.700576 0.086983 0.017460 0.023392
0 0.084833 0.280198 0.017661 0.021323
0 0.303778 0.841697 0.019539 0.023213
0 0.043494 0.413928 0.017435 0.020825
0 0.144919 0.772081 0.016917 0.021344
0 0.432268 0.679010 0.015556 0.020164
0 0.246420 0.457419 0.019155 0.022596
0 0.522105 0.407930 0.018267 0.022975
0 0.930189 0.223435 0.018939 0.020581
0 0.542883 0.656393 0.016038 0.019154
0 0.377658 0.468984 0.014528 0.018486
0 0.123650 0.800241 0.017809 0.021315
0 0.291097 0.172007 0.014817 0.017586
0 0.092842 0.167045 0.017001 0.021472
0 0.523450 0.692475 0.017980 0.023203
0 0.826286 0.989075 0.019648 0.017759
0 0.042756 0.981788 0.015711 0.018069
0 0.268657 0.572142 0.014924 0.019502
0 0.584962 0.011646 0.019478 0.021968
0 0.303648 0.150384 0.017627 0.023111
0 0.124848 0.280441 0.019010 0.025729
0 0.879966 0.264842 0.020948 0.020441
0 0.330721 0.295082 0.014991 0.019388
0 0.640312 0.506587 0.017985 0.022164
0 0.183352 0.131813 0.015203 0.018161
0 0.297745 0.258148 0.016316 0.023297
0 0.935303 0.678007 0.017661 0.019623
0 0.086629 0.868405 0.017730 0.022499
0 0.474722 0.687391 0.021361 0.036221
0 0.030506 0.178732 0.018175 0.022516
0 0.886347 0.417542 0.018530 0.021002
0 0.052397 0.195945 0.016889 0.023564
0 0.029605 0.146624 0.014313 0.017904
0 0.469870 0.253902 0.015065 0.022809
0 0.171084 0.795318 0.014061 0.013205