0 0.704014 0.272767 0.015818 0.020552
0 0.720104 0.255765 0.015684 0.020879
0 0.027973 0.343685 0.018702 0.022384
0 0.900337 0.777154 0.019858 0.020094
0 0.945690 0.328982 0.019890 0.023238
0 0.559487 0.522275 0.027398 0.032823
0 0.332690 0.291277 0.018003 0.022882
0 0.203294 0.316161 0.020768 0.027210
0 0.876747 0.950236 0.015120 0.019183
0 0.434040 0.754080 0.015782 0.020249
0 0.977644 0.190576 0.014228 0.018764
0 0.436491 0.433297 0.016445 0.020782
0 0.398080 0.378923 0.017491 0.021728
0 0.304682 0.579253 0.018564 0.021409
0 0.805457 0.960165 0.015248 0.018081
0 0.166167 0.022533 0.018013 0.022152
0 0.830660 0.906256 0.016002 0.021986
0 0.729842 0.465679 0.014381 0.016634
0 0.979208 0.809660 0.014670 0.018674
0 0.149809 0.445501 0.017471 0.023326
0 0.718610 0.702515 0.016883 0.021173
0 0.675826 0.962033 0.016616 0.020651
0 0.387424 0.841263 0.015062 0.018504
0 0.416768 0.854325 0.014713 0.016703
0 0.312278 0.867330 0.018488 0.024347
0 0.365235 0.310791 0.016159 0.021530
0 0.196681 0.873646 0.017223 0.020582
0 0.938192 0.810520 0.016155 0.020258
0 0.700022 0.659609 0.017791 0.021565
0 0.814308 0.908276 0.015422 0.021319
0 0.876166 0.638886 0.015712 0.018507
0 0.687628 0.714518 0.018816 0.021290
0 0.052124 0.257621 0.013631 0.017632
0 0.699352 0.765590 0.015422 0.020073
0 0.311944 0.101443 0.017009 0.019297
0 0.503038 0.314677 0.013524 0.016889
0 0.433055 0.245389 0.015890 0.019474
0 0.597804 0.183694 0.018132 0.021283
0 0.489583 0.459394 0.016951 0.022527
0 0.947298 0.294045 0.018560 0.020343
0 0.249352 0.386927 0.016913 0.019598
0 0.135489 0.361155 0.017705 0.022040
0 0.217876 0.453215 0.016571 0.019070
0 0.359040 0.828205 0.015283 0.019065
0 0.773117 0.299879 0.017986 0.021222
0 0.626202 0.112190 0.016256 0.021123
0 0.859524 0.258235 0.016589 0.019857
0 0.191031 0.584411 0.017339 0.020313
0 0.316252 0.552837 0.017309 0.021585
0 0.603128 0.860627 0.018539 0.022751
0 0.301941 0.052661 0.015902 0.019049
0 0.244581 0.517499 0.017423 0.021735
0 0.491381 0.634106 0.017212 0.021274
0 0.704262 0.737715 0.016117 0.020472
0 0.556613 0.317652 0.017834 0.022007
0 0.896609 0.469868 0.015561 0.019073
0 0.963429 0.462559 0.014198 0.021167
0 0.066549 0.168384 0.015877 0.018710
0 0.394597 0.230468 0.014147 0.017981
0 0.423517 0.875381 0.015915 0.020116
0 0.416083 0.550848 0.017496 0.021113
0 0.051508 0.943083 0.015474 0.019220
0 0.833650 0.659266 0.015194 0.020167
0 0.348450 0.544082 0.015425 0.020324
0 0.931974 0.878634 0.015599 0.019100
0 0.348101 0.810397 0.014733 0.018624
0 0.051173 0.850749 0.016706 0.022226
0 0.874288 0.427164 0.015454 0.022368
0 0.896675 0.935338 0.013939 0.018514
0 0.229918 0.367549 0.016351 0.023793
0 0.961330 0.181013 0.013480 0.016838
0 0.234585 0.316635 0.018328 0.024993
0 0.853541 0.570093 0.017476 0.020500
0 0.621632 0.060528 0.017784 0.020428
0 0.080303 0.251954 0.015595 0.020042
0 0.294437 0.130269 0.015996 0.019955
0 0.349553 0.734897 0.019148 0.022970
0 0.814928 0.736118 0.014601 0.018336
0 0.360531 0.469215 0.016617 0.019795
0 0.818729 0.369223 0.015800 0.022300
0 0.424611 0.154455 0.015845 0.019519
0 0.685473 0.288851 0.015041 0.019539
0 0.413924 0.091928 0.018682 0.023297
0 0.943936 0.456775 0.016069 0.018956
0 0.564837 0.608922 0.015888 0.021699
0 0.518394 0.742091 0.014269 0.017132
0 0.024825 0.296186 0.015302 0.017911
0 0.734349 0.980202 0.016256 0.019717
0 0.167396 0.721361 0.015650 0.017424
0 0.239722 0.666394 0.017008 0.021744
0 0.476985 0.306836 0.014740 0.017955
0 0.421757 0.468679 0.015515 0.019807
0 0.144703 0.114942 0.015769 0.020297
0 0.696326 0.057175 0.016662 0.020890
0 0.891865 0.314669 0.015400 0.019092
0 0.964790 0.970239 0.017638 0.021090
0 0.808364 0.942761 0.017465 0.017768
0 0.796194 0.822089 0.017305 0.022093
0 0.703932 0.472046 0.017799 0.020800
0 0.826626 0.113910 0.015603 0.019359
0 0.304308 0.402791 0.019433 0.022442
0 0.751715 0.653973 0.014782 0.019747
0 0.437703 0.619005 0.018287 0.022307
0 0.327408 0.598505 0.014329 0.020053
0 0.519814 0.406072 0.018053 0.020265
0 0.593471 0.477869 0.019507 0.025342
0 0.552727 0.984994 0.022095 0.022809
0 0.919305 0.740096 0.014061 0.018007
0 0.923322 0.769508 0.016069 0.019208
0 0.047552 0.386555 0.016069 0.019208
0 0.158028 0.612845 0.014061 0.018007
0 0.745055 0.905162 0.015065 0.014406
0 0.730492 0.885954 0.016069 0.019208