0 0.553333 0.513666 0.021801 0.027706
0 0.406938 0.007389 0.014214 0.014778
0 0.207840 0.308686 0.021649 0.026012
0 0.975044 0.871700 0.021039 0.024954
0 0.990084 0.818978 0.018436 0.021070
0 0.990584 0.765342 0.018747 0.025294
0 0.693660 0.258517 0.022772 0.026658
0 0.722049 0.255338 0.019333 0.024037
0 0.267206 0.652543 0.015724 0.020709
0 0.187824 0.127890 0.018887 0.022276
0 0.977044 0.640961 0.019685 0.022691
0 0.134859 0.352336 0.016929 0.021181
0 0.536322 0.486462 0.017977 0.023152
0 0.246637 0.508892 0.020450 0.023669
0 0.391245 0.535878 0.016269 0.021436
0 0.440311 0.607219 0.018274 0.024261
0 0.415659 0.537591 0.016713 0.021811
0 0.224283 0.359817 0.015840 0.020381
0 0.689220 0.051132 0.017796 0.024250
0 0.199510 0.348367 0.017673 0.021817
0 0.098444 0.473650 0.018471 0.024031
0 0.546961 0.306532 0.020664 0.023711
0 0.379951 0.014470 0.015921 0.019226
0 0.343796 0.796646 0.017538 0.022074
0 0.828539 0.820500 0.022846 0.025916
0 0.444067 0.645249 0.017853 0.020989
0 0.319819 0.243295 0.020644 0.022926
0 0.787611 0.814288 0.022529 0.025666
0 0.603173 0.859499 0.023661 0.024779
0 0.415618 0.261602 0.018028 0.022069
0 0.329967 0.274419 0.016085 0.020649
0 0.431726 0.747161 0.020122 0.024011
0 0.681382 0.699881 0.022295 0.027193
0 0.845060 0.558025 0.023163 0.029938
0 0.311143 0.094974 0.016773 0.020410
0 0.617958 0.056131 0.018221 0.022447
0 0.208264 0.438160 0.019121 0.023391
0 0.416939 0.139660 0.017498 0.022807
0 0.711669 0.841934 0.020989 0.025269
0 0.887386 0.355202 0.019683 0.023116
0 0.649144 0.097615 0.018952 0.022955
0 0.043482 0.372530 0.018573 0.020768
0 0.689922 0.751477 0.019282 0.023182
0 0.326530 0.420720 0.018435 0.023731
0 0.904158 0.163389 0.018021 0.023707
0 0.186619 0.894451 0.020033 0.023993
0 0.246926 0.667533 0.019113 0.022757
0 0.222562 0.037619 0.015854 0.019869
0 0.350940 0.944546 0.021341 0.025381
0 0.417935 0.847197 0.019085 0.023843
0 0.021746 0.524078 0.020302 0.022856
0 0.782629 0.337784 0.019949 0.024243
0 0.322656 0.596894 0.018169 0.021890
0 0.246030 0.371843 0.016091 0.021424
0 0.575013 0.472978 0.018816 0.023682
0 0.123934 0.222879 0.018079 0.024123
0 0.701264 0.781803 0.017812 0.021306
0 0.441161 0.045891 0.016489 0.020878
0 0.389394 0.049022 0.015650 0.020611
0 0.404510 0.579031 0.018287 0.023539
0 0.141889 0.432943 0.017447 0.020830
0 0.544213 0.278143 0.016545 0.019849
0 0.352560 0.898744 0.020009 0.023928
0 0.322666 0.059243 0.018264 0.026620
0 0.901622 0.730924 0.019339 0.023447
0 0.952804 0.951947 0.022026 0.027246
0 0.417140 0.450482 0.017826 0.021917
0 0.597939 0.172410 0.018664 0.023238
0 0.355189 0.468420 0.016140 0.020814
0 0.319055 0.559111 0.019892 0.025653
0 0.643527 0.939088 0.020138 0.025048
0 0.755060 0.642010 0.019071 0.024999
0 0.554307 0.482395 0.013285 0.021196
0 0.926754 0.151026 0.015670 0.020885
0 0.937932 0.440088 0.020411 0.025959
0 0.137446 0.099195 0.016999 0.021529
0 0.509089 0.729079 0.018426 0.022113
0 0.097314 0.715366 0.015185 0.019221
0 0.744699 0.419546 0.021535 0.026302
0 0.043389 0.286662 0.016246 0.020618
0 0.370510 0.650180 0.017027 0.020725
0 0.261469 0.080033 0.018137 0.020487
0 0.621503 0.225248 0.018208 0.021619
0 0.052934 0.410481 0.015179 0.019677
0 0.065575 0.828005 0.015566 0.019360
0 0.785727 0.723492 0.018247 0.021283
0 0.532675 0.529772 0.017146 0.022334
0 0.291771 0.274816 0.018636 0.024499
0 0.487604 0.965125 0.019787 0.026783
0 0.075530 0.931312 0.017501 0.021375
0 0.424732 0.233584 0.018769 0.024566
0 0.542769 0.433203 0.018706 0.021991
0 0.863275 0.706309 0.019597 0.022477
0 0.953237 0.166705 0.015533 0.019862
0 0.205694 0.086198 0.014418 0.019406
0 0.158696 0.363416 0.015292 0.020014
0 0.635379 0.041504 0.015802 0.020264
0 0.577570 0.076067 0.013870 0.017098
0 0.006703 0.407563 0.013405 0.015606
0 0.161041 0.010204 0.016069 0.020408