0 0.242154 0.555693 0.018331 0.022889
0 0.500243 0.073213 0.020558 0.027154
0 0.160260 0.290710 0.020062 0.026163
0 0.587097 0.554503 0.020101 0.021551
0 0.244265 0.742933 0.015350 0.020299
0 0.131170 0.287700 0.020825 0.025826
0 0.779942 0.238721 0.018148 0.021389
0 0.624735 0.237825 0.019662 0.023863
0 0.921435 0.885405 0.018262 0.022793
0 0.872916 0.453821 0.018443 0.022892
0 0.890383 0.287624 0.022291 0.023801
0 0.345500 0.438751 0.019885 0.025708
0 0.162741 0.895609 0.020891 0.025741
0 0.208223 0.373517 0.016861 0.022356
0 0.158744 0.826379 0.015748 0.021973
0 0.335304 0.533913 0.017781 0.022443
0 0.533384 0.700257 0.019217 0.022108
0 0.341416 0.324658 0.022165 0.022750
0 0.773760 0.381552 0.021254 0.022706
0 0.234600 0.392918 0.018264 0.022436
0 0.233165 0.034486 0.020399 0.021940
0 0.233899 0.603909 0.018054 0.021046
0 0.900605 0.108361 0.021934 0.026247
0 0.827376 0.726055 0.018921 0.024288
0 0.096424 0.507456 0.018993 0.023697
0 0.092458 0.870594 0.022042 0.026286
0 0.641906 0.307616 0.021653 0.025198
0 0.343733 0.688713 0.018219 0.023302
0 0.213579 0.745878 0.016338 0.018349
0 0.074921 0.303371 0.021365 0.025980
0 0.600203 0.581852 0.023133 0.029142
0 0.047396 0.418467 0.016834 0.019529
0 0.311720 0.266492 0.019222 0.022790
0 0.899034 0.246303 0.019335 0.023747
0 0.873223 0.881268 0.018524 0.023166
0 0.752640 0.578539 0.020467 0.023833
0 0.317899 0.854826 0.021910 0.024626
0 0.824842 0.967111 0.019646 0.023219
0 0.289489 0.569618 0.016945 0.022609
0 0.449198 0.314402 0.016949 0.020412
0 0.575104 0.200093 0.020378 0.024453
0 0.269865 0.741203 0.016848 0.021956
0 0.134609 0.739795 0.017634 0.021689
0 0.484783 0.148836 0.017876 0.024183
0 0.445935 0.263822 0.017708 0.023386
0 0.569780 0.314737 0.019327 0.023668
0 0.355262 0.285755 0.016575 0.021188
0 0.457556 0.339074 0.018428 0.021631
0 0.267967 0.574349 0.014154 0.016795
0 0.804329 0.089266 0.019343 0.022231
0 0.606603 0.694488 0.017857 0.022096
0 0.982546 0.289357 0.019193 0.024669
0 0.861488 0.248953 0.017631 0.022340
0 0.310112 0.158403 0.017841 0.023260
0 0.777134 0.211079 0.017320 0.020086
0 0.609896 0.154954 0.017602 0.020436
0 0.903012 0.013607 0.017887 0.022180
0 0.909744 0.137165 0.019693 0.024660
0 0.635996 0.513462 0.019879 0.023422
0 0.050010 0.445221 0.016516 0.020525
0 0.042635 0.499491 0.018919 0.024265
0 0.172646 0.643025 0.018172 0.023416
0 0.151958 0.226562 0.015105 0.018891
0 0.872508 0.634691 0.018590 0.025870
0 0.137952 0.823675 0.017509 0.024890
0 0.477405 0.480962 0.017680 0.020911
0 0.634665 0.755993 0.020920 0.026707
0 0.337441 0.294372 0.015254 0.020554
0 0.800868 0.874580 0.020459 0.024080
0 0.890899 0.421575 0.020229 0.024117
0 0.658038 0.491839 0.017414 0.020963
0 0.287093 0.088796 0.018105 0.021969
0 0.361417 0.358683 0.017323 0.022805
0 0.327149 0.139988 0.017007 0.022726
0 0.275579 0.597853 0.015554 0.022446
0 0.521707 0.410956 0.020520 0.025223
0 0.091162 0.737321 0.018273 0.023055
0 0.546099 0.656011 0.017629 0.022005
0 0.039021 0.181209 0.019621 0.025555
0 0.311551 0.340842 0.015157 0.018554
0 0.433949 0.672190 0.020053 0.022886
0 0.524706 0.097668 0.017816 0.022866
0 0.956716 0.988832 0.021136 0.019113
0 0.346775 0.119553 0.016290 0.019841
0 0.127886 0.203874 0.018840 0.024067
0 0.938349 0.679974 0.018165 0.022978
0 0.574982 0.113575 0.016395 0.021947
0 0.324305 0.242970 0.018538 0.022006
0 0.145380 0.967106 0.018421 0.021680
0 0.556682 0.159710 0.017349 0.020006
0 0.907712 0.899686 0.015226 0.019188
0 0.484910 0.262274 0.015457 0.021543