0 0.514830 0.967131 0.020278 0.026575
0 0.282034 0.386107 0.019313 0.023195
0 0.628069 0.945572 0.019282 0.025037
0 0.836016 0.540161 0.019530 0.022698
0 0.255016 0.472079 0.018103 0.023993
0 0.538095 0.598705 0.016924 0.020520
0 0.123620 0.163070 0.019001 0.023994
0 0.310037 0.010823 0.014693 0.018989
0 0.847647 0.515258 0.018717 0.023116
0 0.809676 0.268390 0.018203 0.020887
0 0.753075 0.050714 0.016352 0.021422
0 0.816699 0.867654 0.018125 0.021905
0 0.474692 0.916337 0.017968 0.021306
0 0.732472 0.945230 0.017173 0.018519
0 0.482474 0.131986 0.018842 0.025892
0 0.118449 0.490734 0.016688 0.021765
0 0.815511 0.043954 0.016148 0.019422
0 0.207284 0.984790 0.013797 0.017947
0 0.604507 0.349859 0.018224 0.023537
0 0.981508 0.713779 0.017846 0.021991
0 0.449035 0.018646 0.017587 0.020923
0 0.037616 0.933890 0.019007 0.025609
0 0.077509 0.920912 0.017356 0.023404
0 0.305379 0.825687 0.017993 0.022314
0 0.235113 0.499210 0.017411 0.023773
0 0.288137 0.018549 0.017944 0.023211
0 0.744604 0.182627 0.018372 0.021678
0 0.369845 0.640804 0.013136 0.019473
0 0.255285 0.958225 0.016075 0.021218
0 0.098998 0.478940 0.016014 0.023132
0 0.327058 0.097994 0.017553 0.021889
0 0.568729 0.046184 0.015762 0.017605
0 0.733596 0.976982 0.016659 0.020058
0 0.040536 0.504171 0.016701 0.019891
0 0.621941 0.659285 0.015890 0.020960
0 0.549431 0.074969 0.015664 0.019445
0 0.590610 0.662299 0.016999 0.021877
0 0.204582 0.908614 0.014886 0.019321
0 0.658221 0.676690 0.017009 0.021981
0 0.328416 0.810395 0.015205 0.019678
0 0.387878 0.087935 0.016197 0.021134
0 0.263980 0.511893 0.015839 0.020016
0 0.716488 0.545264 0.017470 0.023164
0 0.130896 0.233960 0.017854 0.021702
0 0.375335 0.807734 0.019981 0.023587
0 0.070753 0.039467 0.019232 0.022012
0 0.214614 0.652340 0.016045 0.019690
0 0.418800 0.661187 0.014886 0.018053
0 0.018507 0.064168 0.016242 0.019553
0 0.760410 0.951164 0.016038 0.019278
0 0.044261 0.438901 0.019554 0.025548
0 0.819684 0.897155 0.017053 0.021494
0 0.520127 0.294875 0.017644 0.023215
0 0.195975 0.249443 0.016233 0.019829
0 0.533929 0.436710 0.016143 0.020142
0 0.816263 0.083248 0.015060 0.017881
0 0.508809 0.592701 0.016218 0.019612
0 0.660431 0.611241 0.014068 0.023767
0 0.011425 0.660271 0.017519 0.022056
0 0.645349 0.366313 0.015225 0.019928
0 0.806377 0.406400 0.017891 0.021339
0 0.384188 0.648492 0.015126 0.020209
0 0.883194 0.105326 0.016801 0.020756
0 0.805292 0.762673 0.018552 0.022485
0 0.466303 0.677598 0.015949 0.020469
0 0.311525 0.036748 0.016301 0.021544
0 0.071126 0.074624 0.017807 0.021963
0 0.970572 0.875431 0.018200 0.023161
0 0.858188 0.899938 0.017121 0.019448
0 0.487081 0.879474 0.017108 0.022199
0 0.047813 0.071170 0.016497 0.021136
0 0.373287 0.044725 0.015359 0.017935
0 0.566572 0.674298 0.014863 0.019718
0 0.011983 0.093391 0.015858 0.019655
0 0.807522 0.708436 0.015917 0.020555
0 0.187192 0.970867 0.017810 0.021258
0 0.217810 0.229141 0.016954 0.020522
0 0.552829 0.331004 0.016341 0.021360
0 0.684394 0.695520 0.017068 0.022866
0 0.646090 0.536874 0.017383 0.021802
0 0.787274 0.655939 0.016479 0.021643
0 0.362166 0.855630 0.020163 0.021276
0 0.936045 0.888054 0.015021 0.018564
0 0.907823 0.137657 0.014971 0.018557
0 0.817079 0.967696 0.016497 0.019829
0 0.129202 0.131696 0.017386 0.020047
0 0.647867 0.057604 0.017501 0.022138
0 0.777042 0.812891 0.016419 0.020753
0 0.275253 0.454312 0.016993 0.020879
0 0.704632 0.586537 0.016552 0.022147
0 0.747720 0.856391 0.019506 0.024614
0 0.805477 0.636483 0.018021 0.021801
0 0.656797 0.826191 0.017619 0.021531
0 0.173338 0.899121 0.017280 0.022846
0 0.864231 0.625151 0.015990 0.020148
0 0.205915 0.323635 0.016031 0.018287
0 0.426685 0.113473 0.015622 0.019639
0 0.504475 0.557311 0.015987 0.020415
0 0.739701 0.498879 0.014236 0.019120
0 0.949190 0.509331 0.017456 0.021164
0 0.852473 0.670376 0.018371 0.022210
0 0.826266 0.579485 0.015441 0.019014
0 0.089903 0.848098 0.016870 0.024035
0 0.113155 0.539807 0.016377 0.021306
0 0.262507 0.593840 0.015024 0.018334
0 0.210303 0.936879 0.018176 0.023048
0 0.016523 0.894016 0.015724 0.018575
0 0.045336 0.896936 0.014801 0.017700
0 0.841226 0.949157 0.014794 0.019693
0 0.127732 0.761567 0.018291 0.023463
0 0.466167 0.337379 0.015025 0.018386
0 0.752089 0.566764 0.018182 0.022200
0 0.841352 0.049759 0.013818 0.017613
0 0.629491 0.089449 0.013900 0.017247
0 0.674605 0.139530 0.016338 0.019757
0 0.315731 0.550151 0.015679 0.019363
0 0.967389 0.242747 0.020094 0.023554
0 0.400948 0.013465 0.016322 0.021089
0 0.059880 0.129969 0.012371 0.015946
0 0.786750 0.272625 0.012915 0.018719
0 0.739304 0.587295 0.014999 0.018932
0 0.035485 0.875386 0.014603 0.017698
0 0.453057 0.261658 0.018673 0.021951
0 0.672528 0.792783 0.013534 0.018054
0 0.726876 0.043866 0.013532 0.015349
0 0.462091 0.133717 0.015267 0.022227
0 0.538331 0.982353 0.014040 0.019016
0 0.497816 0.718459 0.013502 0.014835
0 0.295990 0.097240 0.015303 0.018871
0 0.203843 0.348358 0.016883 0.021147
0 0.083956 0.699446 0.016809 0.021851
0 0.030981 0.135654 0.019082 0.019208
0 0.048557 0.106843 0.018078 0.019208
0 0.327759 0.051621 0.014061 0.016807
0 0.331776 0.020408 0.016069 0.019208
0 0.418650 0.042017 0.017073 0.026411
0 0.633575 0.760504 0.019082 0.022809
0 0.520086 0.678872 0.017073 0.020408
0 0.270010 0.761104 0.015065 0.019208
0 0.396053 0.669868 0.014061 0.016807
0 0.805314 0.989796 0.013056 0.018007
0 0.780206 0.078631 0.019082 0.020408
0 0.735514 0.256303 0.018078 0.015606
0 0.611982 0.116447 0.016069 0.016807
0 0.346841 0.042017 0.016069 0.019208