0 0.581047 0.470667 0.021088 0.027636
0 0.007977 0.417267 0.015381 0.019654
0 0.530042 0.420590 0.015940 0.022306
0 0.817791 0.649037 0.017487 0.022411
0 0.490876 0.127713 0.020009 0.024131
0 0.113227 0.219064 0.018344 0.022734
0 0.023015 0.898528 0.017770 0.021847
0 0.685420 0.950808 0.017644 0.021378
0 0.261664 0.469337 0.019560 0.025168
0 0.858457 0.675804 0.018435 0.021185
0 0.521566 0.103447 0.016927 0.022655
0 0.965437 0.299473 0.019095 0.026663
0 0.499202 0.095429 0.017363 0.023162
0 0.078549 0.855595 0.018992 0.025451
0 0.046075 0.938162 0.017277 0.023703
0 0.291325 0.389694 0.020001 0.023394
0 0.284311 0.460653 0.016967 0.023570
0 0.766241 0.056177 0.020624 0.024649
0 0.061855 0.090974 0.017778 0.024135
0 0.818457 0.886802 0.019532 0.023269
0 0.048078 0.901346 0.014209 0.018711
0 0.945095 0.310268 0.019141 0.025566
0 0.144156 0.236867 0.015858 0.020312
0 0.885907 0.689275 0.021269 0.023626
0 0.661436 0.705726 0.016716 0.021241
0 0.481453 0.859312 0.019189 0.024023
0 0.296030 0.760655 0.017665 0.020563
0 0.552984 0.466170 0.017208 0.021011
0 0.691832 0.594847 0.018652 0.023899
0 0.742554 0.224675 0.020706 0.025161
0 0.756836 0.566396 0.018242 0.021695
0 0.396484 0.654238 0.015884 0.022772
0 0.200443 0.509446 0.018808 0.022540
0 0.166904 0.050175 0.019021 0.025188
0 0.316804 0.013161 0.016276 0.019923
0 0.127865 0.494232 0.018205 0.024281
0 0.825230 0.709143 0.019277 0.023684
0 0.097980 0.286062 0.018330 0.022175
0 0.754459 0.472902 0.018755 0.023938
0 0.337421 0.107480 0.016609 0.022031
0 0.543624 0.440048 0.016025 0.019432
0 0.946712 0.897930 0.020351 0.023758
0 0.035546 0.989714 0.017371 0.017070
0 0.395191 0.090526 0.017546 0.021221
0 0.049021 0.744772 0.017843 0.021816
0 0.626696 0.207772 0.022492 0.026412
0 0.242743 0.809166 0.021745 0.026843
0 0.046642 0.122110 0.018155 0.023282
0 0.723020 0.131817 0.018102 0.023459
0 0.884956 0.623748 0.019813 0.023592
0 0.250022 0.428957 0.017443 0.022341
0 0.875164 0.759832 0.017635 0.022931
0 0.127268 0.344364 0.019099 0.022762
0 0.789068 0.085710 0.019646 0.027589
0 0.226812 0.919653 0.019387 0.022010
0 0.797680 0.662844 0.018596 0.022440
0 0.146386 0.063593 0.016739 0.021314
0 0.080005 0.017445 0.018147 0.020132
0 0.372939 0.876279 0.021344 0.025855
0 0.190922 0.969493 0.017348 0.021742
0 0.545801 0.375237 0.017428 0.022135
0 0.315118 0.102724 0.015819 0.021306
0 0.181130 0.267324 0.017266 0.021408
0 0.229499 0.235233 0.017897 0.022026
0 0.150023 0.933417 0.019652 0.023318
0 0.865835 0.512738 0.019564 0.023804
0 0.427240 0.011274 0.016043 0.020486
0 0.728392 0.694358 0.020492 0.025655
0 0.553406 0.817279 0.018552 0.020805
0 0.465051 0.264906 0.020534 0.022960
0 0.076599 0.799096 0.016715 0.019889
0 0.518719 0.943137 0.017649 0.021651
0 0.388412 0.008159 0.014586 0.015850
0 0.616430 0.116512 0.020768 0.025239
0 0.344535 0.695445 0.016910 0.020463
0 0.716462 0.593296 0.016166 0.021659
0 0.898351 0.988887 0.016119 0.017227
0 0.906894 0.554953 0.018791 0.023178
0 0.512452 0.473823 0.018981 0.023258
0 0.220106 0.327820 0.016873 0.020582
0 0.261435 0.896877 0.018037 0.022838
0 0.682770 0.700193 0.016190 0.022258
0 0.377844 0.648524 0.014346 0.018360
0 0.773489 0.452842 0.020100 0.022861
0 0.871160 0.946219 0.016822 0.019717
0 0.077612 0.966577 0.016533 0.021173
0 0.771313 0.961446 0.015984 0.021123
0 0.463627 0.823769 0.016424 0.019846
0 0.830800 0.971118 0.018142 0.020865
0 0.830986 0.917904 0.017229 0.019279
0 0.267097 0.983923 0.017066 0.019996
0 0.577040 0.900563 0.018333 0.021388
0 0.793036 0.289756 0.016275 0.020930
0 0.752630 0.727711 0.018914 0.023492
0 0.312832 0.840330 0.018569 0.022033
0 0.668156 0.680457 0.017313 0.019352
0 0.261203 0.406728 0.016848 0.020494
0 0.852064 0.961341 0.014203 0.018073
0 0.880056 0.970198 0.015318 0.018398
0 0.405369 0.555217 0.017630 0.022087
0 0.474694 0.146026 0.017438 0.022642
0 0.316389 0.039016 0.015991 0.019537
0 0.374925 0.978993 0.015062 0.017730
0 0.729374 0.574490 0.017071 0.022085
0 0.898089 0.956786 0.016446 0.020839
0 0.297521 0.027640 0.016633 0.022898
0 0.354207 0.041726 0.014733 0.018627
0 0.750375 0.590636 0.016071 0.022652
0 0.608516 0.506710 0.020564 0.026295
0 0.877950 0.897434 0.017165 0.021814
0 0.372860 0.956495 0.016017 0.019401
0 0.405037 0.015847 0.016092 0.020898
0 0.300756 0.431542 0.017798 0.022341
0 0.849505 0.990396 0.015065 0.014406
0 0.336295 0.056423 0.015065 0.016807
0 0.334789 0.026411 0.016069 0.019208
0 0.924327 0.986194 0.016069 0.015606
0 0.524104 0.975990 0.017073 0.021609