0 0.704030 0.273234 0.016147 0.020793
0 0.406268 0.386777 0.017979 0.022091
0 0.927531 0.772518 0.014929 0.017751
0 0.433751 0.753685 0.015256 0.020202
0 0.901890 0.775027 0.019071 0.022710
0 0.026936 0.347684 0.018382 0.022087
0 0.557957 0.523071 0.026902 0.036624
0 0.937501 0.809552 0.015626 0.019786
0 0.908441 0.950441 0.014132 0.017358
0 0.720134 0.255692 0.015978 0.021377
0 0.149616 0.445467 0.017351 0.023340
0 0.165326 0.022902 0.018032 0.021566
0 0.816424 0.917890 0.017326 0.024224
0 0.235729 0.315352 0.018709 0.027144
0 0.055742 0.267891 0.013519 0.017739
0 0.304390 0.580586 0.018636 0.021129
0 0.577595 0.620705 0.016434 0.021793
0 0.489577 0.459654 0.017155 0.023204
0 0.699588 0.765338 0.015636 0.019844
0 0.205859 0.320134 0.020529 0.025745
0 0.317671 0.881624 0.019318 0.024504
0 0.602196 0.860378 0.018854 0.022882
0 0.422418 0.879600 0.015229 0.019998
0 0.676030 0.962481 0.016565 0.021060
0 0.333658 0.291622 0.017667 0.022224
0 0.387701 0.843701 0.015141 0.017848
0 0.201372 0.888697 0.016269 0.021225
0 0.080232 0.251420 0.015499 0.019596
0 0.198528 0.596874 0.017762 0.021058
0 0.066946 0.168601 0.015504 0.018376
0 0.887265 0.954831 0.014785 0.019579
0 0.556898 0.317511 0.018712 0.023474
0 0.432586 0.244746 0.014658 0.017864
0 0.723161 0.714568 0.017337 0.020535
0 0.740395 0.473724 0.014337 0.018413
0 0.703815 0.737978 0.016672 0.021071
0 0.423853 0.153977 0.016132 0.020563
0 0.684625 0.287586 0.014510 0.019293
0 0.852571 0.569457 0.017956 0.021577
0 0.917719 0.748128 0.013740 0.016489
0 0.504837 0.320280 0.013698 0.017219
0 0.898901 0.467125 0.017130 0.020355
0 0.230894 0.367801 0.016113 0.022624
0 0.944977 0.333962 0.017819 0.023082
0 0.500001 0.646800 0.017261 0.021673
0 0.859277 0.256965 0.017984 0.022147
0 0.249445 0.387099 0.015869 0.018974
0 0.360949 0.469809 0.016568 0.019982
0 0.883934 0.645551 0.016627 0.019632
0 0.417054 0.854286 0.014939 0.017035
0 0.164571 0.626412 0.017862 0.020394
0 0.047233 0.384522 0.014602 0.019771
0 0.733270 0.981966 0.016024 0.017819
0 0.844283 0.671685 0.015293 0.017892
0 0.032811 0.310140 0.015031 0.018614
0 0.688608 0.712675 0.016857 0.020234
0 0.734236 0.888529 0.015490 0.019678
0 0.348155 0.544332 0.015904 0.019307
0 0.358742 0.828017 0.016109 0.020134
0 0.945475 0.457278 0.014296 0.019698
0 0.431665 0.429108 0.017252 0.020030
0 0.932640 0.878777 0.014732 0.017960
0 0.877864 0.432724 0.015010 0.022813
0 0.349522 0.735391 0.019102 0.021834
0 0.243749 0.518642 0.017825 0.022085
0 0.348235 0.808934 0.014983 0.018111
0 0.637057 0.114758 0.016152 0.019734
0 0.964670 0.149330 0.016322 0.018392
0 0.948318 0.293579 0.019107 0.023439
0 0.145374 0.114495 0.015304 0.019526
0 0.788807 0.308202 0.017726 0.022674
0 0.365968 0.317757 0.016609 0.021135
0 0.597025 0.184916 0.018148 0.021965
0 0.477204 0.306608 0.015678 0.019788
0 0.414596 0.552349 0.017450 0.021742
0 0.304399 0.407294 0.018541 0.023079
0 0.419520 0.467827 0.015358 0.018576
0 0.710130 0.484280 0.019668 0.019997
0 0.217980 0.451765 0.017329 0.019005
0 0.797117 0.822732 0.018351 0.022590
0 0.301984 0.051064 0.016557 0.021728
0 0.135266 0.361880 0.017199 0.023139
0 0.316250 0.553340 0.017359 0.020257
0 0.809560 0.972316 0.016634 0.018366
0 0.330846 0.603709 0.014222 0.019858
0 0.713780 0.674252 0.017045 0.021184
0 0.837649 0.121467 0.015395 0.019171
0 0.892559 0.310993 0.016668 0.021939
0 0.238672 0.666045 0.016842 0.021772
0 0.414918 0.092042 0.018318 0.022295
0 0.827928 0.756011 0.016031 0.020102
0 0.173794 0.735862 0.015124 0.018403
0 0.748081 0.904667 0.014438 0.016671
0 0.779381 0.457516 0.018029 0.023777
0 0.964243 0.463094 0.013953 0.019562
0 0.311655 0.100692 0.015933 0.019363
0 0.090397 0.617829 0.013527 0.016684
0 0.465633 0.381009 0.014775 0.018447
0 0.965283 0.971135 0.018083 0.020809
0 0.750664 0.654078 0.015021 0.020239
0 0.526205 0.417167 0.017682 0.018344
0 0.557023 0.981183 0.015903 0.018447
0 0.620011 0.060697 0.017743 0.021157
0 0.438863 0.618734 0.017874 0.021826
0 0.266574 0.117511 0.015444 0.018965
0 0.403406 0.237598 0.015913 0.020017
0 0.137941 0.479592 0.016069 0.015606
0 0.062115 0.870948 0.015065 0.015606
0 0.053578 0.957983 0.014061 0.019208