0 0.911822 0.882888 0.017092 0.021641
0 0.784317 0.895521 0.024104 0.030787
0 0.286676 0.017055 0.018030 0.024296
0 0.007341 0.733876 0.014681 0.020943
0 0.441549 0.308037 0.017654 0.021319
0 0.144406 0.915910 0.016981 0.021291
0 0.183697 0.753908 0.016471 0.020815
0 0.206844 0.741722 0.017485 0.019689
0 0.952988 0.440670 0.016759 0.021095
0 0.235770 0.739833 0.015966 0.023533
0 0.310517 0.341418 0.017701 0.023376
0 0.888469 0.293772 0.019280 0.024337
0 0.156171 0.888007 0.018722 0.023961
0 0.868445 0.872976 0.016918 0.019895
0 0.278251 0.753112 0.016631 0.021777
0 0.773464 0.232479 0.017265 0.022891
0 0.653572 0.034130 0.018366 0.022193
0 0.335478 0.228705 0.019104 0.023994
0 0.177455 0.865275 0.020775 0.025830
0 0.233002 0.552750 0.019206 0.024906
0 0.085598 0.504887 0.019777 0.022838
0 0.933753 0.756117 0.020451 0.023754
0 0.281118 0.603355 0.017362 0.020425
0 0.636966 0.296972 0.014794 0.018204
0 0.791020 0.251617 0.019013 0.025997
0 0.976365 0.288147 0.018856 0.023952
0 0.742188 0.374180 0.019680 0.023623
0 0.148161 0.280187 0.021426 0.022142
0 0.243280 0.453905 0.017743 0.022690
0 0.010426 0.270955 0.018175 0.021395
0 0.446833 0.595502 0.017511 0.020504
0 0.390491 0.366917 0.017445 0.022603
0 0.275056 0.673840 0.018775 0.021281
0 0.055226 0.216849 0.019921 0.022813
0 0.656590 0.361226 0.020317 0.025434
0 0.466970 0.033127 0.017960 0.022646
0 0.518966 0.681334 0.017251 0.022233
0 0.624494 0.020382 0.017945 0.025199
0 0.316453 0.744065 0.015605 0.020059
0 0.310654 0.279533 0.015421 0.018409
0 0.934400 0.678997 0.016292 0.019019
0 0.041239 0.413096 0.018340 0.021653
0 0.057245 0.863187 0.016030 0.020692
0 0.074509 0.302862 0.019650 0.024083
0 0.943966 0.503714 0.017213 0.020190
0 0.864896 0.625475 0.018038 0.023218
0 0.824776 0.985828 0.018534 0.019850
0 0.373190 0.047234 0.016917 0.023076
0 0.552985 0.146235 0.014624 0.017838
0 0.789311 0.864123 0.018617 0.021387
0 0.096282 0.604883 0.016318 0.019634
0 0.682708 0.196603 0.016523 0.020705
0 0.122263 0.279238 0.017284 0.021643
0 0.598720 0.288667 0.016620 0.020563
0 0.121143 0.908368 0.018023 0.023574
0 0.503219 0.882575 0.020941 0.023996
0 0.568581 0.177264 0.017217 0.021740
0 0.429305 0.363723 0.020462 0.023223
0 0.182663 0.082925 0.016278 0.020672
0 0.520122 0.405656 0.017356 0.023682
0 0.886129 0.348739 0.016648 0.020758
0 0.444112 0.113573 0.017875 0.021107
0 0.121812 0.797313 0.017122 0.020555
0 0.992121 0.039009 0.015758 0.023978
0 0.538565 0.656662 0.016077 0.020627
0 0.081217 0.946761 0.016733 0.021133
0 0.302733 0.946762 0.018036 0.022456
0 0.659904 0.278908 0.013641 0.018615
0 0.426706 0.663874 0.015970 0.020272
0 0.686878 0.613922 0.016735 0.019430
0 0.332384 0.131125 0.016882 0.022276
0 0.085088 0.871863 0.015795 0.021573
0 0.328846 0.293926 0.015395 0.019749
0 0.298412 0.151787 0.016639 0.020445
0 0.224358 0.069364 0.014577 0.018037
0 0.683957 0.295038 0.016285 0.020027
0 0.635103 0.505545 0.017247 0.021169
0 0.035700 0.988575 0.017212 0.018732
0 0.882049 0.418037 0.020007 0.025701
0 0.799208 0.082241 0.017612 0.019135
0 0.315725 0.388875 0.018073 0.020193
0 0.830323 0.232088 0.016592 0.018620
0 0.328417 0.407713 0.014920 0.019568
0 0.768032 0.207312 0.019149 0.020404
0 0.929628 0.217102 0.018330 0.022073
0 0.056069 0.173920 0.018856 0.023897
0 0.600937 0.151309 0.015608 0.020095
0 0.052188 0.134211 0.016649 0.019794
0 0.558273 0.904774 0.015229 0.018087
0 0.140272 0.096636 0.014793 0.017924
0 0.342660 0.505615 0.017452 0.019521
0 0.263686 0.574308 0.015327 0.018515
0 0.315272 0.240927 0.014233 0.017263
0 0.391031 0.500000 0.014061 0.015606
0 0.392537 0.524610 0.013056 0.014406
0 0.027968 0.181873 0.017073 0.015606
0 0.889175 0.896158 0.016069 0.018007