0 0.819094 0.652175 0.015526 0.021173
0 0.717891 0.550085 0.017885 0.023226
0 0.820289 0.885101 0.019321 0.024460
0 0.379954 0.648754 0.013960 0.017781
0 0.592980 0.413451 0.019698 0.021852
0 0.964591 0.240113 0.017230 0.022791
0 0.338570 0.107850 0.015966 0.020723
0 0.261564 0.472125 0.018230 0.022981
0 0.491285 0.128157 0.019034 0.023250
0 0.842777 0.882590 0.015967 0.022041
0 0.261929 0.985301 0.018848 0.021024
0 0.663725 0.421396 0.017353 0.021316
0 0.839697 0.665343 0.017122 0.022524
0 0.670155 0.683693 0.016836 0.021261
0 0.524562 0.428267 0.016986 0.021327
0 0.623442 0.201882 0.018617 0.024936
0 0.530659 0.946169 0.017167 0.019506
0 0.765732 0.058100 0.019623 0.023526
0 0.422145 0.020575 0.014899 0.018713
0 0.283093 0.461427 0.016894 0.022308
0 0.524149 0.971772 0.020497 0.027482
0 0.187412 0.007997 0.018631 0.015993
0 0.855972 0.962746 0.016103 0.019332
0 0.111973 0.258051 0.015740 0.020480
0 0.278607 0.369504 0.016087 0.018981
0 0.543597 0.441323 0.014948 0.018361
0 0.496952 0.791041 0.018002 0.022422
0 0.889962 0.638251 0.018667 0.022215
0 0.047084 0.938861 0.017038 0.021930
0 0.436887 0.985214 0.018119 0.021389
0 0.469168 0.267021 0.017398 0.021347
0 0.654823 0.699349 0.015861 0.018915
0 0.731016 0.572205 0.015517 0.020354
0 0.155215 0.285096 0.019864 0.024040
0 0.741925 0.225515 0.018268 0.022385
0 0.859148 0.680408 0.017609 0.023452
0 0.317383 0.038636 0.014103 0.018831
0 0.143916 0.237177 0.016648 0.020178
0 0.578633 0.890446 0.017571 0.021430
0 0.293344 0.389692 0.018508 0.022503
0 0.568360 0.322678 0.015989 0.019464
0 0.684627 0.992133 0.015793 0.015734
0 0.873248 0.496887 0.017354 0.020196
0 0.709515 0.896835 0.016050 0.020575
0 0.081619 0.018351 0.017941 0.019725
0 0.896229 0.965160 0.015754 0.018826
0 0.396271 0.093024 0.016710 0.020667
0 0.787982 0.085892 0.018283 0.023545
0 0.780011 0.411473 0.017630 0.021577
0 0.945487 0.898786 0.017489 0.020032
0 0.798408 0.660614 0.017406 0.020912
0 0.018280 0.601492 0.017270 0.020082
0 0.764241 0.679056 0.017791 0.020774
0 0.500266 0.096827 0.018008 0.021702
0 0.148433 0.170289 0.018469 0.022509
0 0.017778 0.403035 0.015570 0.019857
0 0.178861 0.877919 0.018789 0.022193
0 0.315530 0.013835 0.015232 0.019794
0 0.401891 0.017955 0.015031 0.017232
0 0.593337 0.972180 0.015161 0.019877
0 0.037600 0.117849 0.018926 0.022959
0 0.685051 0.709106 0.017358 0.022632
0 0.316225 0.385241 0.017689 0.022703
0 0.059653 0.873412 0.015268 0.019035
0 0.904343 0.571234 0.017506 0.022212
0 0.773740 0.950835 0.019076 0.024337
0 0.539834 0.048432 0.016818 0.020955
0 0.189061 0.227790 0.016945 0.020687
0 0.745789 0.646458 0.020233 0.023148
0 0.128911 0.495296 0.016539 0.022192
0 0.208494 0.929303 0.018672 0.022784
0 0.737042 0.088327 0.015584 0.020104
0 0.564862 0.956944 0.015786 0.020527
0 0.878009 0.714260 0.017136 0.021125
0 0.886186 0.943642 0.016235 0.020912
0 0.755646 0.569046 0.017145 0.023723
0 0.562055 0.797022 0.017048 0.020155
0 0.550132 0.384947 0.016572 0.018940
0 0.075254 0.851019 0.017991 0.021438
0 0.475487 0.146397 0.017062 0.021213
0 0.891699 0.826961 0.016179 0.019681
0 0.280900 0.961745 0.017098 0.020769
0 0.485512 0.764713 0.015613 0.018956
0 0.396710 0.656390 0.015285 0.020486
0 0.313198 0.105075 0.015969 0.021539
0 0.372531 0.977838 0.015232 0.018057
0 0.361027 0.640794 0.015366 0.019031
0 0.281713 0.857358 0.018453 0.023452
0 0.831623 0.971823 0.016542 0.021302
0 0.315222 0.839043 0.015582 0.020377
0 0.372422 0.878193 0.021745 0.025219
0 0.244916 0.811192 0.018970 0.023893
0 0.612952 0.116440 0.019892 0.022640
0 0.716385 0.590139 0.016010 0.020100
0 0.504934 0.391169 0.018106 0.022823
0 0.098195 0.742638 0.016337 0.019184
0 0.079548 0.079983 0.014491 0.022123
0 0.321768 0.708943 0.016782 0.020173
0 0.063372 0.092516 0.016182 0.023465
0 0.216392 0.329634 0.017100 0.019700
0 0.072896 0.700554 0.018472 0.022521
0 0.675202 0.874524 0.016067 0.019578
0 0.558629 0.425790 0.016670 0.019613
0 0.231532 0.234573 0.017103 0.021721
0 0.859601 0.936836 0.016524 0.019029
0 0.020108 0.093262 0.017696 0.021129
0 0.719633 0.973452 0.016892 0.020726
0 0.635542 0.446207 0.019707 0.021906
0 0.935288 0.493927 0.018321 0.022457
0 0.024538 0.894508 0.018066 0.021463
0 0.147728 0.065499 0.018297 0.021804
0 0.986670 0.242197 0.018226 0.024080
0 0.268021 0.390677 0.015642 0.020339
0 0.792255 0.385439 0.020217 0.023089
0 0.214687 0.476015 0.018000 0.021727
0 0.876704 0.974798 0.014562 0.019449
0 0.244007 0.880811 0.017927 0.020796
0 0.793747 0.290704 0.015865 0.019810
0 0.298997 0.029663 0.016086 0.021128
0 0.748756 0.592054 0.015894 0.019708
0 0.101314 0.922675 0.018483 0.022906
0 0.334959 0.026904 0.015955 0.020806
0 0.240398 0.573886 0.016616 0.020065
0 0.767593 0.267630 0.013200 0.015306
0 0.390993 0.631285 0.013975 0.015411
0 0.376307 0.956197 0.016371 0.018652
0 0.355147 0.041431 0.016346 0.018510
0 0.653731 0.063098 0.013324 0.014836
0 0.509039 0.448980 0.013056 0.014406
0 0.901227 0.989196 0.018078 0.016807
0 0.335291 0.053421 0.015065 0.013205
0 0.923824 0.987995 0.015065 0.016807
0 0.434217 0.487395 0.016069 0.021609