0 0.151804 0.924535 0.017277 0.021980
0 0.882887 0.380994 0.020151 0.023796
0 0.235634 0.554186 0.019350 0.025288
0 0.126870 0.934665 0.014556 0.019079
0 0.434186 0.680335 0.013904 0.019607
0 0.914584 0.884124 0.017122 0.021466
0 0.209772 0.743366 0.016629 0.019870
0 0.874308 0.872894 0.017473 0.020812
0 0.755397 0.106142 0.018038 0.023504
0 0.249314 0.459736 0.018840 0.022778
0 0.533623 0.726116 0.015736 0.021075
0 0.797367 0.874052 0.019453 0.023891
0 0.318275 0.267311 0.014510 0.019616
0 0.043537 0.416252 0.016329 0.020545
0 0.469947 0.481718 0.016784 0.021043
0 0.897027 0.608684 0.017593 0.022282
0 0.787717 0.637029 0.019291 0.023790
0 0.442909 0.313254 0.017172 0.020999
0 0.155393 0.889560 0.018843 0.024319
0 0.712698 0.342962 0.019910 0.026153
0 0.390336 0.299404 0.019096 0.024301
0 0.264181 0.738439 0.015959 0.021418
0 0.125612 0.282242 0.019304 0.026383
0 0.489647 0.031435 0.017439 0.021148
0 0.732895 0.315424 0.016150 0.020299
0 0.365639 0.084813 0.018247 0.021948
0 0.983069 0.301497 0.017981 0.023430
0 0.238000 0.739770 0.015315 0.022441
0 0.097446 0.297611 0.016670 0.022416
0 0.677342 0.400823 0.018540 0.023062
0 0.255884 0.841270 0.018264 0.021005
0 0.637642 0.299770 0.017959 0.021620
0 0.107991 0.193259 0.017552 0.021273
0 0.049625 0.167911 0.013526 0.016863
0 0.770888 0.209264 0.018276 0.019500
0 0.058423 0.345600 0.018669 0.022778
0 0.405446 0.948784 0.017890 0.020903
0 0.522017 0.532549 0.018695 0.022876
0 0.024231 0.246312 0.019553 0.023263
0 0.458654 0.126487 0.017373 0.022431
0 0.253002 0.041199 0.018400 0.023622
0 0.205935 0.362129 0.020790 0.025639
0 0.088503 0.505562 0.019338 0.023704
0 0.258616 0.177694 0.019739 0.022659
0 0.397603 0.384387 0.018985 0.023655
0 0.675245 0.306615 0.017134 0.021149
0 0.014272 0.213104 0.018089 0.022897
0 0.346090 0.829670 0.017691 0.021023
0 0.620713 0.044096 0.019359 0.024233
0 0.322173 0.393010 0.019010 0.021231
0 0.986139 0.471716 0.016828 0.021475
0 0.868838 0.637416 0.018943 0.022078
0 0.331658 0.294972 0.016072 0.020633
0 0.503758 0.725918 0.023314 0.035469
0 0.028922 0.786793 0.016262 0.020400
0 0.393736 0.493617 0.016850 0.020611
0 0.730858 0.103676 0.016009 0.023080
0 0.775344 0.233482 0.017175 0.021531
0 0.777335 0.452646 0.017185 0.020918
0 0.883970 0.419325 0.021433 0.024369
0 0.126686 0.908696 0.017306 0.020538
0 0.828501 0.986511 0.018372 0.020577
0 0.377789 0.897922 0.018741 0.023165
0 0.526951 0.100475 0.017864 0.022828
0 0.135560 0.818241 0.016458 0.019295
0 0.394556 0.201809 0.018622 0.022063
0 0.541513 0.656875 0.015475 0.019225
0 0.089570 0.863009 0.017795 0.023997
0 0.931973 0.220278 0.017825 0.023264
0 0.547360 0.228703 0.018515 0.022471
0 0.202191 0.833127 0.015579 0.019599
0 0.174094 0.807197 0.016297 0.019517
0 0.199813 0.150981 0.016057 0.019403
0 0.412259 0.677821 0.016665 0.023106
0 0.794641 0.825144 0.015685 0.019807
0 0.521456 0.410727 0.018788 0.022415
0 0.029821 0.180253 0.015996 0.019743
0 0.524101 0.692583 0.017430 0.023273
0 0.315161 0.191671 0.015401 0.019167
0 0.304043 0.153123 0.017565 0.020771
0 0.799167 0.084557 0.018238 0.020045
0 0.268901 0.576126 0.015262 0.018847
0 0.889404 0.286069 0.018100 0.018789
0 0.312428 0.848983 0.018282 0.024693
0 0.639261 0.504462 0.018176 0.021225
0 0.605678 0.152880 0.015832 0.019938
0 0.934957 0.678145 0.017785 0.020565
0 0.315744 0.238788 0.017129 0.020509
0 0.558379 0.150895 0.014872 0.018894
0 0.297847 0.258731 0.017933 0.024895
0 0.057017 0.197382 0.021857 0.024875
0 0.072909 0.304908 0.018504 0.025100
0 0.474892 0.259904 0.015065 0.020408