0 0.812252 0.648654 0.017729 0.021899
0 0.050607 0.114595 0.017704 0.021831
0 0.475044 0.678804 0.018086 0.021467
0 0.788384 0.652657 0.018463 0.022604
0 0.501299 0.677013 0.016147 0.019761
0 0.864434 0.581783 0.019117 0.021272
0 0.519122 0.967426 0.023233 0.025168
0 0.122819 0.175096 0.020476 0.025669
0 0.314706 0.038819 0.015696 0.020290
0 0.488076 0.132019 0.018047 0.024907
0 0.424843 0.987205 0.017464 0.019326
0 0.758565 0.933565 0.019362 0.026768
0 0.079545 0.106450 0.016825 0.022836
0 0.644230 0.694740 0.015558 0.019044
0 0.857718 0.035055 0.016354 0.019067
0 0.827849 0.281910 0.020052 0.021872
0 0.914589 0.143533 0.016649 0.020612
0 0.281157 0.452172 0.018802 0.023087
0 0.256336 0.469976 0.020331 0.024691
0 0.066571 0.046937 0.019215 0.023541
0 0.638766 0.177257 0.022166 0.029902
0 0.751121 0.570796 0.017848 0.022444
0 0.123543 0.283751 0.016721 0.022020
0 0.662325 0.049530 0.017803 0.021918
0 0.442872 0.660628 0.016219 0.020257
0 0.820649 0.872278 0.017865 0.021676
0 0.505591 0.362066 0.017684 0.021417
0 0.637860 0.955000 0.020919 0.024354
0 0.296241 0.874286 0.017105 0.018645
0 0.741718 0.227765 0.018214 0.020905
0 0.660449 0.678319 0.017181 0.020305
0 0.285533 0.387945 0.018683 0.021907
0 0.122793 0.493227 0.017118 0.022123
0 0.502625 0.098551 0.015914 0.019751
0 0.762560 0.053619 0.019340 0.023208
0 0.293248 0.025970 0.017149 0.021534
0 0.397054 0.035269 0.016431 0.019297
0 0.137722 0.236503 0.017035 0.021431
0 0.843991 0.950073 0.017337 0.022386
0 0.048094 0.076276 0.018977 0.024315
0 0.300679 0.103011 0.016725 0.020189
0 0.538699 0.437543 0.017507 0.020282
0 0.619718 0.872975 0.018764 0.024689
0 0.510365 0.308196 0.018980 0.023882
0 0.816557 0.990131 0.016707 0.017224
0 0.714553 0.581823 0.016343 0.020024
0 0.101456 0.554768 0.018878 0.022860
0 0.472343 0.575977 0.016271 0.021234
0 0.217690 0.323963 0.017456 0.022630
0 0.682104 0.700841 0.018383 0.022746
0 0.677160 0.613560 0.018359 0.022935
0 0.019924 0.073265 0.019363 0.020429
0 0.795318 0.911031 0.016680 0.020790
0 0.394278 0.086868 0.015853 0.018963
0 0.424528 0.038441 0.020280 0.024702
0 0.790370 0.440496 0.017255 0.021901
0 0.372594 0.643184 0.014933 0.018735
0 0.426058 0.155601 0.017733 0.020132
0 0.354240 0.889610 0.019669 0.023548
0 0.221439 0.232507 0.018177 0.023536
0 0.091778 0.172317 0.017407 0.021492
0 0.940760 0.892573 0.015404 0.019980
0 0.431868 0.699884 0.017773 0.020883
0 0.545151 0.091305 0.015065 0.018537
0 0.625044 0.712177 0.018122 0.022236
0 0.385473 0.654639 0.015232 0.018823
0 0.202204 0.562699 0.017661 0.021466
0 0.458146 0.263720 0.018197 0.022303
0 0.314021 0.012411 0.015168 0.021317
0 0.347489 0.700477 0.015025 0.018786
0 0.020378 0.894838 0.016915 0.020742
0 0.723058 0.551971 0.018871 0.020933
0 0.017030 0.846615 0.017075 0.020722
0 0.952515 0.548111 0.019116 0.023690
0 0.309967 0.833996 0.017077 0.021450
0 0.654372 0.880956 0.016402 0.020485
0 0.793135 0.791999 0.019537 0.022274
0 0.821270 0.584194 0.017113 0.019542
0 0.623660 0.420509 0.016997 0.021741
0 0.447371 0.007095 0.015323 0.012864
0 0.856094 0.676683 0.019166 0.021487
0 0.662446 0.580596 0.018806 0.022724
0 0.098906 0.372320 0.018241 0.021573
0 0.884813 0.956101 0.016616 0.021071
0 0.144255 0.830154 0.012540 0.016328
0 0.552718 0.792434 0.017885 0.021745
0 0.879498 0.064908 0.013796 0.018006
0 0.134513 0.702163 0.018444 0.022904
0 0.331099 0.101778 0.016699 0.023377
0 0.087857 0.856110 0.018747 0.023037
0 0.041315 0.935783 0.016606 0.023075
0 0.842382 0.756652 0.016237 0.021318
0 0.785004 0.078722 0.017823 0.023391
0 0.345780 0.560533 0.014197 0.015877
0 0.894592 0.990001 0.016904 0.016316
0 0.863799 0.553041 0.019933 0.023505
0 0.813692 0.062525 0.014340 0.024792
0 0.650956 0.086381 0.016121 0.019823
0 0.259494 0.942722 0.017468 0.021035
0 0.675126 0.864935 0.016635 0.020428
0 0.051743 0.571786 0.017374 0.021927
0 0.821205 0.966408 0.017093 0.020946
0 0.848114 0.066578 0.017275 0.019334
0 0.558540 0.414135 0.018464 0.022354
0 0.071825 0.077332 0.015453 0.021544
0 0.466073 0.139283 0.016334 0.020987
0 0.910365 0.113774 0.017398 0.022197
0 0.201893 0.524310 0.019854 0.022421
0 0.696554 0.284511 0.017950 0.021239
0 0.234566 0.639524 0.017949 0.020960
0 0.610351 0.109389 0.017797 0.022676
0 0.885474 0.717283 0.019465 0.022459
0 0.790326 0.288509 0.015694 0.020945
0 0.330498 0.049736 0.014826 0.021309
0 0.412942 0.925343 0.015428 0.019445
0 0.011695 0.507803 0.017872 0.020291
0 0.688091 0.030472 0.016598 0.020337
0 0.206723 0.652928 0.015887 0.019522
0 0.153989 0.651913 0.013573 0.015667
0 0.348628 0.039723 0.015533 0.020007
0 0.130507 0.123493 0.014174 0.018314
0 0.025059 0.563218 0.013886 0.017159
0 0.513050 0.746151 0.018534 0.024157
0 0.372442 0.972307 0.015800 0.020646
0 0.237504 0.802345 0.017190 0.021594
0 0.365039 0.951188 0.014547 0.017805
0 0.230407 0.276656 0.015850 0.016155
0 0.050063 0.902161 0.015065 0.015606
0 0.042531 0.876951 0.014061 0.015606
0 0.398563 0.009004 0.013056 0.010804
0 0.485437 0.312725 0.016069 0.018007
0 0.441247 0.375150 0.014061 0.013205