0 0.546505 0.415491 0.020432 0.023208
0 0.074411 0.306538 0.019916 0.026380
0 0.037639 0.723711 0.017646 0.023205
0 0.780865 0.897719 0.026554 0.028046
0 0.241136 0.743624 0.015690 0.019553
0 0.239639 0.556072 0.018488 0.022857
0 0.772578 0.380724 0.020229 0.020976
0 0.774257 0.211695 0.017121 0.019062
0 0.876512 0.140713 0.018575 0.024300
0 0.222777 0.274092 0.021766 0.024774
0 0.801806 0.873471 0.018489 0.022822
0 0.596740 0.549281 0.018951 0.024304
0 0.813780 0.752050 0.018117 0.022545
0 0.640262 0.307093 0.018031 0.021002
0 0.097317 0.286275 0.018015 0.019813
0 0.481348 0.148886 0.016635 0.021937
0 0.474669 0.626640 0.019233 0.024363
0 0.127188 0.280728 0.018533 0.024539
0 0.211138 0.747042 0.016142 0.019063
0 0.445135 0.317446 0.015656 0.021630
0 0.191562 0.349467 0.018694 0.021914
0 0.501913 0.148206 0.016526 0.023106
0 0.267069 0.741308 0.016631 0.021597
0 0.507504 0.613201 0.014774 0.018594
0 0.520317 0.412842 0.017279 0.022755
0 0.326903 0.266237 0.013484 0.019037
0 0.460942 0.109583 0.019825 0.025378
0 0.474517 0.483975 0.016112 0.020131
0 0.437218 0.495178 0.020643 0.026485
0 0.045600 0.420322 0.016152 0.021087
0 0.978225 0.293935 0.018224 0.022896
0 0.161410 0.893857 0.021719 0.026771
0 0.856133 0.115032 0.018831 0.023473
0 0.887488 0.420608 0.018706 0.024206
0 0.548835 0.658513 0.016768 0.021505
0 0.098988 0.472345 0.017671 0.020152
0 0.872935 0.631317 0.019005 0.024272
0 0.778412 0.236971 0.017550 0.020397
0 0.935818 0.680448 0.018072 0.020997
0 0.597621 0.795686 0.019181 0.022958
0 0.010830 0.732399 0.020016 0.024421
0 0.659826 0.122373 0.018153 0.023175
0 0.804268 0.087400 0.018629 0.019697
0 0.519810 0.262421 0.017953 0.022183
0 0.869190 0.881291 0.017382 0.021170
0 0.093426 0.505789 0.018551 0.022970
0 0.213711 0.432849 0.018033 0.021758
0 0.474920 0.451009 0.017021 0.022755
0 0.104766 0.321023 0.018207 0.022528
0 0.769973 0.943673 0.018790 0.021682
0 0.931922 0.220961 0.018706 0.024148
0 0.314379 0.853166 0.019880 0.028818
0 0.347114 0.259681 0.018027 0.023996
0 0.224626 0.969475 0.020438 0.022343
0 0.257626 0.308155 0.017247 0.021861
0 0.308438 0.157572 0.018461 0.021909
0 0.883991 0.527689 0.018721 0.022303
0 0.010210 0.616372 0.017146 0.020759
0 0.729641 0.129496 0.017283 0.020303
0 0.915178 0.429152 0.018244 0.021951
0 0.941654 0.408868 0.016945 0.021863
0 0.101588 0.402174 0.017624 0.021965
0 0.358096 0.201035 0.016666 0.019089
0 0.030471 0.136298 0.016895 0.019645
0 0.919090 0.886438 0.016604 0.020466
0 0.367827 0.018427 0.019341 0.023910
0 0.533743 0.698982 0.017268 0.024058
0 0.032655 0.179021 0.019428 0.025625
0 0.889856 0.289008 0.020744 0.021552
0 0.909883 0.908406 0.015204 0.019184
0 0.040351 0.116154 0.015288 0.018726
0 0.428229 0.040521 0.017066 0.019449
0 0.711020 0.344123 0.017617 0.021683
0 0.552885 0.159099 0.015303 0.018247
0 0.897403 0.113502 0.021055 0.027223
0 0.152766 0.537868 0.016497 0.019457
0 0.268022 0.572859 0.015380 0.019690
0 0.020714 0.403907 0.016410 0.019239
0 0.304435 0.263869 0.017742 0.021720
0 0.639519 0.505952 0.018148 0.022122
0 0.319639 0.242603 0.018379 0.021552
0 0.155084 0.281431 0.018372 0.022874
0 0.607740 0.155391 0.016511 0.020220
0 0.194610 0.260310 0.015573 0.018966
0 0.463735 0.332450 0.015355 0.018258
0 0.088801 0.869403 0.022349 0.026041
0 0.127989 0.485834 0.015394 0.024063
0 0.431923 0.668338 0.017028 0.023163
0 0.337996 0.297196 0.017276 0.019896
0 0.480111 0.258081 0.015623 0.020021