0 0.703582 0.267377 0.017285 0.022939
0 0.560012 0.521350 0.022807 0.030391
0 0.418594 0.846280 0.016318 0.020827
0 0.311802 0.579623 0.016851 0.022394
0 0.213939 0.317027 0.020443 0.025670
0 0.578852 0.477006 0.016690 0.020993
0 0.923080 0.883012 0.020585 0.022429
0 0.525550 0.032745 0.018624 0.019345
0 0.166317 0.013566 0.020135 0.021726
0 0.275492 0.664568 0.018344 0.022033
0 0.818971 0.819389 0.017083 0.021700
0 0.172800 0.295403 0.015036 0.017323
0 0.467890 0.506225 0.018715 0.024427
0 0.387181 0.013491 0.015803 0.019082
0 0.411397 0.106417 0.017251 0.022217
0 0.725283 0.251176 0.018698 0.027173
0 0.680292 0.279724 0.018111 0.021777
0 0.440750 0.847208 0.016432 0.022003
0 0.215620 0.447882 0.017589 0.021158
0 0.142132 0.359463 0.017178 0.022148
0 0.978031 0.855138 0.016866 0.020650
0 0.984582 0.646600 0.017593 0.022816
0 0.231400 0.363426 0.016733 0.022125
0 0.683060 0.117255 0.016298 0.020550
0 0.805818 0.761928 0.016762 0.019280
0 0.249219 0.383498 0.015736 0.020393
0 0.441659 0.612064 0.017257 0.019766
0 0.439245 0.395814 0.020840 0.022343
0 0.408811 0.229007 0.016222 0.021568
0 0.298742 0.284923 0.015459 0.020351
0 0.852710 0.566839 0.019064 0.022894
0 0.093944 0.439033 0.018198 0.021723
0 0.231464 0.423257 0.015541 0.018832
0 0.904728 0.775745 0.018648 0.023099
0 0.439417 0.745180 0.015996 0.020140
0 0.611960 0.082057 0.013785 0.017371
0 0.487184 0.297628 0.015502 0.018910
0 0.144475 0.107590 0.016578 0.020348
0 0.423033 0.148077 0.017669 0.022691
0 0.779260 0.448213 0.018534 0.022496
0 0.943953 0.326616 0.018386 0.021856
0 0.946244 0.448844 0.018809 0.023173
0 0.687873 0.708797 0.018024 0.022461
0 0.348072 0.807027 0.015440 0.018895
0 0.427136 0.453956 0.017358 0.019315
0 0.698537 0.761400 0.015770 0.020195
0 0.959999 0.959994 0.018857 0.024875
0 0.030888 0.561968 0.021149 0.024060
0 0.302245 0.106418 0.014860 0.018465
0 0.433042 0.241256 0.015027 0.017856
0 0.548368 0.465498 0.016060 0.018660
0 0.533640 0.528802 0.014781 0.018971
0 0.911124 0.168691 0.017369 0.021389
0 0.379307 0.658271 0.015613 0.018990
0 0.629652 0.063083 0.016959 0.021399
0 0.316702 0.802991 0.016209 0.018855
0 0.603775 0.853209 0.018318 0.024056
0 0.889367 0.607976 0.015952 0.018845
0 0.551486 0.487596 0.015860 0.018553
0 0.492518 0.847149 0.017560 0.024570
0 0.254498 0.519104 0.018643 0.022398
0 0.703354 0.054465 0.018198 0.022344
0 0.323136 0.103380 0.017088 0.023870
0 0.320530 0.555751 0.017495 0.020117
0 0.556481 0.302893 0.021419 0.024174
0 0.424295 0.544657 0.016954 0.022391
0 0.470869 0.886185 0.017844 0.022869
0 0.491364 0.456080 0.016820 0.020102
0 0.548154 0.438368 0.014108 0.016914
0 0.792907 0.817325 0.018775 0.022772
0 0.902434 0.679534 0.019712 0.024146
0 0.362194 0.476025 0.015367 0.020168
0 0.758086 0.641710 0.019128 0.020355
0 0.680636 0.953649 0.017801 0.021857
0 0.557464 0.075656 0.015257 0.018234
0 0.337276 0.282314 0.015245 0.018721
0 0.130486 0.223228 0.016607 0.020489
0 0.892733 0.952399 0.017656 0.020254
0 0.243634 0.669061 0.012766 0.014683
0 0.608065 0.176140 0.016464 0.020917
0 0.041194 0.698408 0.016842 0.021233
0 0.901521 0.721366 0.019142 0.022007
0 0.516767 0.737060 0.015354 0.019531
0 0.186528 0.211386 0.015185 0.018618
0 0.150088 0.440396 0.016917 0.020084
0 0.033168 0.530822 0.016723 0.019004
0 0.810353 0.615990 0.017047 0.019210
0 0.432254 0.095169 0.016609 0.025420
0 0.240500 0.317754 0.018028 0.024083
0 0.488212 0.969739 0.018414 0.019672
0 0.327404 0.650226 0.013527 0.016649
0 0.410556 0.568930 0.015774 0.019403
0 0.059286 0.419686 0.015319 0.019534
0 0.336036 0.133238 0.019487 0.023550
0 0.236745 0.812519 0.016728 0.020129
0 0.047254 0.372805 0.016081 0.021208
0 0.175991 0.361473 0.014291 0.017851
0 0.644768 0.471774 0.015980 0.019537
0 0.704497 0.240818 0.011605 0.015550
0 0.266641 0.112628 0.017367 0.020747
0 0.295565 0.580227 0.012202 0.018200
0 0.440243 0.983193 0.020086 0.026411