0 0.217296 0.322244 0.020004 0.025743
0 0.559102 0.529486 0.023933 0.032135
0 0.983065 0.647241 0.017410 0.021728
0 0.705691 0.272780 0.015637 0.020765
0 0.466409 0.478906 0.015387 0.018934
0 0.250243 0.388958 0.016763 0.020477
0 0.240620 0.314287 0.018029 0.023256
0 0.950903 0.497068 0.022592 0.023228
0 0.512170 0.467285 0.016177 0.020890
0 0.722782 0.254966 0.015575 0.020780
0 0.319062 0.556616 0.017586 0.022804
0 0.382192 0.466740 0.016998 0.023478
0 0.415816 0.890294 0.016142 0.022639
0 0.951112 0.291121 0.017182 0.019201
0 0.108689 0.267840 0.015159 0.019992
0 0.018559 0.533433 0.018865 0.021818
0 0.946873 0.457219 0.015081 0.018896
0 0.962491 0.315961 0.015890 0.022190
0 0.361322 0.829309 0.015731 0.020259
0 0.873812 0.811678 0.019373 0.025631
0 0.945559 0.332985 0.018479 0.020974
0 0.960161 0.691725 0.018852 0.021669
0 0.232485 0.370057 0.015928 0.021534
0 0.139654 0.390969 0.017345 0.020391
0 0.433917 0.754906 0.016174 0.020377
0 0.101821 0.192195 0.016318 0.019834
0 0.146440 0.114292 0.016238 0.020770
0 0.903683 0.774808 0.017478 0.022591
0 0.684832 0.287051 0.014813 0.020631
0 0.622516 0.062013 0.017758 0.022007
0 0.294371 0.560276 0.015659 0.021638
0 0.464728 0.022491 0.013935 0.017496
0 0.599466 0.186345 0.017498 0.020896
0 0.219288 0.723554 0.016928 0.021285
0 0.302706 0.741351 0.015813 0.019230
0 0.559564 0.322040 0.019393 0.024898
0 0.415771 0.555664 0.017755 0.021283
0 0.390402 0.843687 0.017014 0.020449
0 0.404478 0.234453 0.017244 0.022907
0 0.727895 0.772951 0.017030 0.021891
0 0.166371 0.021686 0.017933 0.022931
0 0.381212 0.664670 0.016754 0.019943
0 0.440788 0.400400 0.018748 0.022267
0 0.781056 0.455096 0.018154 0.022491
0 0.354898 0.746304 0.019436 0.023699
0 0.254639 0.525724 0.017990 0.022058
0 0.425883 0.152249 0.017868 0.021435
0 0.151104 0.445703 0.016519 0.022266
0 0.769866 0.616227 0.018695 0.022496
0 0.338729 0.289419 0.016976 0.020535
0 0.702322 0.738721 0.016357 0.021500
0 0.218039 0.451579 0.017632 0.020769
0 0.349290 0.545284 0.016117 0.019703
0 0.680201 0.815047 0.016782 0.020465
0 0.435290 0.245873 0.015195 0.018578
0 0.603087 0.861583 0.018592 0.021988
0 0.676638 0.965621 0.015882 0.019621
0 0.926839 0.773556 0.015069 0.019470
0 0.754966 0.650930 0.015883 0.020128
0 0.914756 0.549478 0.017248 0.018594
0 0.701458 0.765988 0.015980 0.020868
0 0.090024 0.274137 0.013112 0.016438
0 0.472518 0.306472 0.016392 0.020515
0 0.796314 0.823232 0.021516 0.025288
0 0.413999 0.091287 0.020891 0.025842
0 0.303114 0.051288 0.018789 0.022351
0 0.549777 0.443552 0.015530 0.018503
0 0.148229 0.140008 0.015357 0.017358
0 0.352500 0.809627 0.016280 0.019128
0 0.856478 0.572194 0.019703 0.022338
0 0.135340 0.363704 0.018993 0.022051
0 0.426783 0.468754 0.014744 0.018567
0 0.159990 0.706257 0.016900 0.020298
0 0.262258 0.666495 0.017458 0.021949
0 0.307236 0.579408 0.016339 0.020674
0 0.904848 0.169289 0.017159 0.021640
0 0.439532 0.621682 0.017591 0.023342
0 0.683203 0.123750 0.016741 0.019994
0 0.689808 0.714142 0.017994 0.020727
0 0.298970 0.287594 0.016100 0.021131
0 0.795025 0.564541 0.016438 0.020022
0 0.695066 0.055923 0.017473 0.020779
0 0.328419 0.110819 0.017953 0.020931
0 0.716677 0.720256 0.015655 0.020608
0 0.659311 0.440100 0.015021 0.019239
0 0.491156 0.460911 0.014835 0.020651
0 0.448147 0.471810 0.013570 0.018052
0 0.906172 0.735676 0.016925 0.021100
0 0.673008 0.110606 0.012948 0.015769
0 0.432129 0.340920 0.014601 0.017682
0 0.045544 0.380552 0.016069 0.019208
0 0.067639 0.390156 0.014061 0.016807
0 0.981573 0.837935 0.014061 0.024010
0 0.558753 0.983193 0.020086 0.019208
0 0.360399 0.471188 0.013056 0.015606
0 0.350356 0.487995 0.013056 0.018007
0 0.297629 0.124850 0.016069 0.024010
0 0.251932 0.050420 0.015065 0.014406
0 0.416139 0.054022 0.016069 0.016807