0 0.704765 0.095730 0.022894 0.029828
0 0.382697 0.779176 0.019998 0.025542
0 0.641754 0.770544 0.018165 0.023731
0 0.269777 0.472694 0.019414 0.023216
0 0.515040 0.935388 0.017938 0.023005
0 0.528057 0.973409 0.020716 0.027891
0 0.344746 0.108687 0.017415 0.021875
0 0.318290 0.789362 0.018106 0.021681
0 0.678977 0.013919 0.019661 0.021513
0 0.734834 0.576197 0.017230 0.019949
0 0.017530 0.407102 0.015552 0.019075
0 0.800771 0.660706 0.016479 0.020572
0 0.827691 0.221726 0.019627 0.025880
0 0.097159 0.075150 0.016117 0.022350
0 0.765730 0.632979 0.019113 0.023216
0 0.356460 0.046401 0.015414 0.019732
0 0.356699 0.793314 0.017140 0.021575
0 0.545547 0.442464 0.018099 0.023126
0 0.631729 0.357422 0.019844 0.024939
0 0.226580 0.386991 0.018080 0.021913
0 0.089379 0.831322 0.019128 0.022680
0 0.748483 0.426048 0.017531 0.021228
0 0.252608 0.031606 0.017250 0.020538
0 0.400093 0.855966 0.017381 0.022315
0 0.036713 0.041987 0.018357 0.019835
0 0.085479 0.788851 0.018029 0.019752
0 0.984151 0.382973 0.018185 0.022411
0 0.421270 0.099570 0.016716 0.021988
0 0.290111 0.459833 0.016954 0.021566
0 0.147120 0.239263 0.017552 0.021498
0 0.319265 0.107963 0.017301 0.021469
0 0.114717 0.827982 0.017683 0.023103
0 0.008093 0.909448 0.014981 0.018350
0 0.496177 0.133645 0.020738 0.024785
0 0.967369 0.138852 0.020289 0.024884
0 0.233051 0.237584 0.017401 0.020778
0 0.132013 0.496613 0.017409 0.023328
0 0.866229 0.936968 0.017174 0.020571
0 0.823610 0.655016 0.018331 0.023638
0 0.321479 0.724138 0.018801 0.021225
0 0.025986 0.988260 0.015393 0.018166
0 0.183963 0.574834 0.014791 0.018961
0 0.629368 0.079066 0.018563 0.021820
0 0.023278 0.796532 0.020692 0.022434
0 0.928169 0.346853 0.019561 0.025174
0 0.307262 0.033936 0.015813 0.020931
0 0.332663 0.199114 0.018519 0.021602
0 0.066255 0.097187 0.016794 0.022490
0 0.772803 0.057015 0.019485 0.024205
0 0.792675 0.090320 0.020727 0.027189
0 0.131736 0.140263 0.018368 0.024978
0 0.670617 0.401393 0.016872 0.022101
0 0.469875 0.272449 0.016892 0.022428
0 0.960100 0.780492 0.019743 0.023371
0 0.500041 0.606664 0.019586 0.025127
0 0.828989 0.463610 0.017060 0.020436
0 0.981631 0.308748 0.018903 0.023175
0 0.505392 0.744226 0.020326 0.024022
0 0.036037 0.646383 0.016938 0.021823
0 0.067210 0.957415 0.015437 0.020793
0 0.050776 0.941059 0.016626 0.020731
0 0.298640 0.391731 0.018032 0.022423
0 0.926599 0.583025 0.019459 0.022982
0 0.326591 0.035559 0.012776 0.018313
0 0.374996 0.978958 0.016866 0.017550
0 0.047002 0.122455 0.018220 0.023049
0 0.641779 0.951950 0.018395 0.021923
0 0.898364 0.933513 0.017798 0.020461
0 0.889732 0.028479 0.020575 0.026644
0 0.252369 0.930217 0.017139 0.020676
0 0.934248 0.435535 0.018256 0.022783
0 0.103181 0.422035 0.017227 0.021014
0 0.768950 0.580261 0.017587 0.022542
0 0.501322 0.094762 0.018073 0.023224
0 0.386863 0.820833 0.018024 0.021180
0 0.317936 0.839622 0.017761 0.021235
0 0.400578 0.661882 0.015455 0.020606
0 0.731152 0.548512 0.019030 0.022765
0 0.911658 0.970398 0.015501 0.020673
0 0.797594 0.291200 0.016388 0.021130
0 0.781200 0.822457 0.018476 0.024301
0 0.330995 0.667831 0.018024 0.022016
0 0.862220 0.678111 0.018219 0.022348
0 0.221699 0.325801 0.015448 0.021307
0 0.804967 0.687932 0.017853 0.021451
0 0.627325 0.140834 0.017340 0.020998
0 0.612717 0.170885 0.018511 0.022209
0 0.152413 0.587725 0.020296 0.023050
0 0.461911 0.025552 0.016632 0.021606
0 0.651265 0.122647 0.017539 0.022362
0 0.411598 0.927261 0.019937 0.022227
0 0.694128 0.611374 0.016705 0.021515
0 0.509076 0.394811 0.019072 0.024290
0 0.788273 0.546034 0.020012 0.024121
0 0.261212 0.632107 0.014713 0.019704
0 0.822701 0.888537 0.019619 0.024499
0 0.624584 0.882450 0.018822 0.021909
0 0.861737 0.710718 0.018184 0.022944
0 0.622007 0.690675 0.020644 0.023347
0 0.620755 0.784725 0.015813 0.020863
0 0.248210 0.805817 0.020292 0.026088
0 0.603989 0.078058 0.015988 0.020466
0 0.851588 0.955130 0.017125 0.020060
0 0.153730 0.070964 0.017313 0.022324
0 0.892726 0.959352 0.015152 0.021633
0 0.975684 0.913948 0.020833 0.023802
0 0.399787 0.097412 0.015459 0.019601
0 0.418228 0.893393 0.018254 0.021129
0 0.476814 0.149583 0.017697 0.020907
0 0.344106 0.768069 0.016820 0.019682
0 0.655754 0.418676 0.017226 0.023258
0 0.720793 0.594975 0.015922 0.019546
0 0.579158 0.896739 0.016785 0.021324
0 0.082568 0.087922 0.013356 0.019817
0 0.869625 0.101584 0.019877 0.025217
0 0.505089 0.308564 0.016706 0.021877
0 0.342979 0.021482 0.017486 0.020954
0 0.434288 0.504582 0.019144 0.022841
0 0.398313 0.506525 0.017753 0.021743
0 0.684325 0.868621 0.016818 0.021222
0 0.191405 0.728679 0.015955 0.020206
0 0.964188 0.366151 0.018349 0.022191
0 0.869239 0.586402 0.016072 0.018006
0 0.491993 0.922882 0.015900 0.020105
0 0.383044 0.651787 0.015048 0.019152
0 0.406797 0.121830 0.017376 0.021461
0 0.378276 0.958196 0.015189 0.017175
0 0.346843 0.344275 0.015829 0.021324
0 0.551897 0.313991 0.013748 0.018137
0 0.739129 0.759506 0.018760 0.021474
0 0.337747 0.050887 0.013460 0.017566
0 0.752239 0.592075 0.014281 0.018503
0 0.253977 0.411181 0.017096 0.020805
0 0.832581 0.970885 0.017202 0.020701
0 0.957609 0.618156 0.017189 0.021573
0 0.564656 0.941019 0.014255 0.017135
0 0.707652 0.895383 0.017889 0.019280
0 0.566457 0.322086 0.013068 0.018471
0 0.162296 0.728677 0.013126 0.016917
0 0.642606 0.306406 0.014090 0.019037
0 0.662783 0.328750 0.012719 0.016520
0 0.409611 0.020408 0.013056 0.016807
0 0.437230 0.023409 0.012052 0.013205