0 0.911853 0.883847 0.017295 0.021596
0 0.233409 0.553984 0.018756 0.023504
0 0.154797 0.889697 0.018840 0.023907
0 0.976959 0.289055 0.018302 0.022459
0 0.008413 0.235003 0.016198 0.021413
0 0.658122 0.268779 0.017461 0.025966
0 0.781006 0.840384 0.022816 0.028403
0 0.888259 0.627423 0.018719 0.025460
0 0.085176 0.505309 0.019232 0.022877
0 0.405192 0.313814 0.018066 0.022928
0 0.155175 0.923652 0.018429 0.022696
0 0.852859 0.238291 0.018919 0.024867
0 0.858075 0.290846 0.016850 0.021587
0 0.254737 0.599993 0.016587 0.020715
0 0.793144 0.245059 0.017868 0.023667
0 0.770886 0.233375 0.015850 0.020729
0 0.914066 0.338892 0.018147 0.021530
0 0.213408 0.740692 0.015494 0.021557
0 0.424608 0.250500 0.017818 0.021826
0 0.482329 0.779300 0.018483 0.025131
0 0.370053 0.015467 0.018619 0.023645
0 0.125016 0.910038 0.018240 0.023113
0 0.729280 0.968148 0.019039 0.023649
0 0.064477 0.254038 0.019121 0.023719
0 0.705181 0.294347 0.018778 0.023201
0 0.681622 0.258990 0.014931 0.020320
0 0.801556 0.081266 0.014920 0.018911
0 0.293696 0.819647 0.017906 0.022214
0 0.576769 0.229136 0.016719 0.020604
0 0.319859 0.189259 0.020695 0.023093
0 0.793128 0.868748 0.018373 0.023067
0 0.152193 0.802258 0.019959 0.026103
0 0.281920 0.704251 0.018136 0.023567
0 0.287814 0.327017 0.018473 0.021627
0 0.870077 0.874063 0.016380 0.019827
0 0.547106 0.151533 0.013907 0.017699
0 0.328185 0.399989 0.013035 0.016513
0 0.122079 0.799727 0.016523 0.023801
0 0.279641 0.507917 0.017112 0.021996
0 0.024787 0.898663 0.018555 0.023459
0 0.519660 0.408567 0.017454 0.022485
0 0.433417 0.669384 0.015601 0.018705
0 0.108770 0.504207 0.014960 0.019980
0 0.236353 0.739586 0.015705 0.024002
0 0.307976 0.278930 0.013770 0.016289
0 0.367681 0.338681 0.017417 0.020629
0 0.057057 0.199316 0.016766 0.019034
0 0.259916 0.571769 0.014060 0.018419
0 0.131646 0.239929 0.016754 0.025382
0 0.432473 0.082470 0.016997 0.019792
0 0.613013 0.278171 0.019072 0.022825
0 0.051019 0.773252 0.016687 0.020644
0 0.321709 0.098057 0.019021 0.022690
0 0.300286 0.149758 0.018076 0.021959
0 0.043321 0.118364 0.017036 0.020956
0 0.290120 0.674402 0.016393 0.020295
0 0.770980 0.205523 0.015999 0.020655
0 0.315405 0.384400 0.015986 0.020455
0 0.146993 0.720220 0.016162 0.020912
0 0.324043 0.444770 0.015090 0.018451
0 0.425489 0.506600 0.017032 0.022796
0 0.113628 0.261218 0.017327 0.020672
0 0.244959 0.454584 0.016134 0.021314
0 0.575535 0.907511 0.017288 0.020419
0 0.083538 0.873841 0.015761 0.018894
0 0.657481 0.523663 0.015457 0.019366
0 0.923223 0.151541 0.017578 0.020412
0 0.043170 0.413099 0.016556 0.021634
0 0.826639 0.990523 0.019176 0.016294
0 0.508561 0.591027 0.017555 0.023193
0 0.654850 0.170100 0.015882 0.018901
0 0.600810 0.152193 0.015723 0.018885
0 0.863728 0.621539 0.018465 0.022671
0 0.129748 0.068392 0.014380 0.019551
0 0.937331 0.437977 0.016504 0.021754
0 0.937370 0.679679 0.016037 0.018699
0 0.538984 0.653959 0.016085 0.020283
0 0.165452 0.059332 0.016830 0.020822
0 0.527312 0.153043 0.015555 0.020387
0 0.927549 0.732437 0.014168 0.017799
0 0.640500 0.300775 0.015870 0.019740
0 0.331325 0.289665 0.015533 0.018853
0 0.005653 0.731817 0.011295 0.020940
0 0.909447 0.440322 0.017736 0.020754
0 0.618986 0.010510 0.017132 0.018357
0 0.880443 0.421694 0.017142 0.023384
0 0.049059 0.986194 0.015065 0.022809
0 0.075673 0.961585 0.014061 0.019208
0 0.115344 0.946579 0.013056 0.022809
0 0.266997 0.741297 0.017073 0.020408
0 0.512554 0.795918 0.012052 0.019208
0 0.530130 0.789316 0.015065 0.018007
0 0.367931 0.428571 0.016069 0.014406
0 0.366425 0.407563 0.013056 0.013205
0 0.289594 0.256303 0.020086 0.020408
0 0.315205 0.240096 0.017073 0.016807
0 0.048557 0.151861 0.016069 0.018007
0 0.213768 0.024610 0.011048 0.013205
0 0.023951 0.183073 0.015065 0.020408
0 0.982075 0.262905 0.015065 0.016807
0 0.989608 0.244898 0.016069 0.014406
0 0.825903 0.231693 0.016069 0.014406
0 0.632571 0.506002 0.015065 0.018007