0 0.912421 0.882583 0.017198 0.021444
0 0.792167 0.210180 0.015067 0.019161
0 0.981434 0.294103 0.017990 0.024120
0 0.068521 0.123391 0.017156 0.021113
0 0.952308 0.795667 0.016337 0.019964
0 0.233985 0.553218 0.019562 0.022016
0 0.790416 0.869480 0.019239 0.024234
0 0.131587 0.646028 0.020547 0.025526
0 0.211191 0.733358 0.019004 0.021980
0 0.772523 0.159676 0.018763 0.023559
0 0.141311 0.143629 0.017158 0.024310
0 0.196996 0.799641 0.018004 0.021771
0 0.877565 0.871505 0.015455 0.019146
0 0.786332 0.837764 0.021816 0.026989
0 0.005015 0.178120 0.010030 0.023577
0 0.154109 0.896514 0.019320 0.025875
0 0.088572 0.502796 0.019856 0.024379
0 0.483399 0.781375 0.018757 0.023018
0 0.051126 0.679320 0.016521 0.020352
0 0.839705 0.158729 0.017969 0.022201
0 0.124060 0.907679 0.017669 0.023203
0 0.723594 0.923511 0.016805 0.021139
0 0.332785 0.124021 0.019441 0.023485
0 0.300347 0.288487 0.012475 0.015370
0 0.017515 0.798220 0.014745 0.017309
0 0.299002 0.604790 0.016439 0.019419
0 0.434727 0.663248 0.015075 0.019861
0 0.428169 0.132589 0.018677 0.021397
0 0.307559 0.420492 0.012460 0.015451
0 0.159589 0.588187 0.016805 0.021406
0 0.165794 0.929990 0.016128 0.022895
0 0.774220 0.232005 0.015312 0.018228
0 0.424690 0.409245 0.015488 0.018629
0 0.317643 0.008133 0.016361 0.015428
0 0.275724 0.302265 0.017669 0.022181
0 0.131545 0.171928 0.018753 0.021237
0 0.647260 0.245419 0.018330 0.027769
0 0.668464 0.185144 0.016862 0.022212
0 0.089623 0.868778 0.015532 0.017880
0 0.857814 0.011136 0.017264 0.018232
0 0.125133 0.794340 0.017360 0.021053
0 0.351600 0.833136 0.017728 0.020982
0 0.245136 0.373665 0.015669 0.019950
0 0.284626 0.560843 0.014392 0.017946
0 0.782839 0.128861 0.017929 0.019862
0 0.315958 0.934796 0.018862 0.022426
0 0.237229 0.737290 0.016412 0.025820
0 0.268447 0.597039 0.016939 0.021845
0 0.420824 0.036839 0.015913 0.018168
0 0.655282 0.151825 0.017030 0.021622
0 0.035552 0.618545 0.015461 0.019197
0 0.637134 0.394405 0.015013 0.018817
0 0.772692 0.200571 0.015707 0.022797
0 0.034304 0.847352 0.016481 0.021017
0 0.795925 0.390437 0.021914 0.024497
0 0.521827 0.408291 0.017912 0.022253
0 0.336797 0.307923 0.016069 0.020408
0 0.296122 0.149460 0.015065 0.020408
0 0.362910 0.228091 0.016069 0.019208
0 0.332278 0.270708 0.015065 0.015606
0 0.316711 0.242497 0.018078 0.014406
0 0.297629 0.260504 0.016069 0.016807
0 0.081197 0.153061 0.021091 0.020408
0 0.048055 0.415366 0.015065 0.016807
0 0.134928 0.352941 0.012052 0.019208
0 0.555238 0.171068 0.017073 0.015606
0 0.549212 0.142257 0.015065 0.018007
0 0.625038 0.264106 0.016069 0.016807
0 0.643618 0.295918 0.013056 0.018007
0 0.614493 0.075630 0.015065 0.016807
0 0.495983 0.058223 0.013056 0.015606
0 0.283568 0.418968 0.012052 0.014406
0 0.300642 0.395558 0.014061 0.018007
0 0.332278 0.394358 0.013056 0.018007
0 0.267499 0.399760 0.018078 0.016807
0 0.264486 0.574430 0.012052 0.015606
0 0.241889 0.583433 0.017073 0.016807
0 0.521091 0.663866 0.015065 0.019208
0 0.541177 0.656663 0.015065 0.019208
0 0.032990 0.821128 0.019082 0.019208
0 0.061111 0.888355 0.015065 0.019208
0 0.084712 0.948379 0.016069 0.021609
0 0.829418 0.977191 0.015065 0.024010
0 0.862561 0.634454 0.017073 0.020408
0 0.877626 0.336134 0.017073 0.014406
0 0.877123 0.285114 0.016069 0.018007
0 0.932361 0.168067 0.016069 0.016807
0 0.805816 0.175270 0.016069 0.019208
0 0.883149 0.422569 0.012052 0.019208
0 0.790752 0.564826 0.016069 0.020408
0 0.637090 0.507803 0.018078 0.021609
0 0.482424 0.434574 0.018078 0.019208