0 0.913287 0.883540 0.017379 0.022080
0 0.234965 0.553362 0.019781 0.024678
0 0.122640 0.910388 0.016955 0.022382
0 0.844725 0.328671 0.020684 0.026837
0 0.236843 0.741164 0.015586 0.020944
0 0.224415 0.013825 0.019451 0.023106
0 0.513609 0.721552 0.016888 0.022087
0 0.145966 0.921251 0.017162 0.021111
0 0.035674 0.325214 0.017603 0.022377
0 0.848551 0.547063 0.019644 0.023261
0 0.316504 0.270780 0.014204 0.019347
0 0.637326 0.300845 0.018040 0.021353
0 0.976734 0.296597 0.020757 0.022469
0 0.735871 0.549270 0.019916 0.025716
0 0.713361 0.078200 0.020699 0.023441
0 0.443213 0.311807 0.017631 0.021420
0 0.234560 0.141538 0.018446 0.022448
0 0.485781 0.477764 0.019707 0.023838
0 0.354437 0.264237 0.021709 0.025797
0 0.714621 0.278170 0.015436 0.020044
0 0.156108 0.889149 0.019401 0.025187
0 0.226320 0.792618 0.019520 0.023451
0 0.079344 0.273114 0.016653 0.020841
0 0.096221 0.164939 0.015824 0.019994
0 0.340834 0.828577 0.018202 0.021924
0 0.769821 0.209297 0.017868 0.019340
0 0.371970 0.173972 0.019190 0.023604
0 0.731955 0.396701 0.017118 0.021830
0 0.206921 0.740497 0.015807 0.018814
0 0.426748 0.096738 0.017980 0.023586
0 0.948677 0.418843 0.016734 0.020709
0 0.366827 0.358888 0.020137 0.022397
0 0.088306 0.502950 0.020230 0.022558
0 0.426973 0.675097 0.015755 0.019727
0 0.503933 0.085823 0.016828 0.022184
0 0.387034 0.633650 0.016785 0.021603
0 0.315891 0.239956 0.017256 0.018768
0 0.318772 0.395719 0.018391 0.021188
0 0.648313 0.367586 0.017899 0.022226
0 0.072267 0.305140 0.019703 0.026527
0 0.339942 0.059696 0.018378 0.021812
0 0.774922 0.234076 0.017576 0.021824
0 0.126233 0.806809 0.017391 0.021564
0 0.440567 0.456817 0.016955 0.021108
0 0.686543 0.076347 0.017756 0.023617
0 0.520379 0.408857 0.017320 0.023394
0 0.301642 0.152216 0.017435 0.020778
0 0.263132 0.738160 0.015124 0.020082
0 0.642227 0.259383 0.017000 0.021689
0 0.366476 0.898979 0.017056 0.020002
0 0.869214 0.876398 0.017081 0.021036
0 0.370558 0.464070 0.015061 0.017950
0 0.543402 0.659041 0.016373 0.020333
0 0.091426 0.918612 0.016848 0.021081
0 0.029229 0.177302 0.017334 0.021352
0 0.797098 0.868612 0.019598 0.022344
0 0.247977 0.456443 0.018610 0.022854
0 0.509849 0.199296 0.016664 0.021225
0 0.031414 0.961799 0.016707 0.021245
0 0.124773 0.281618 0.018839 0.023429
0 0.692085 0.319730 0.020889 0.030269
0 0.323657 0.767738 0.016559 0.020795
0 0.555230 0.147238 0.015212 0.018892
0 0.179367 0.324490 0.022913 0.027602
0 0.758809 0.769122 0.017666 0.020441
0 0.798163 0.083530 0.018180 0.020795
0 0.128602 0.765257 0.016909 0.019175
0 0.286398 0.824444 0.018707 0.022378
0 0.865717 0.250328 0.019932 0.022004
0 0.933463 0.219962 0.018447 0.021735
0 0.331766 0.294283 0.015465 0.020408
0 0.640369 0.505948 0.018345 0.023013
0 0.275232 0.162286 0.014956 0.017637
0 0.043107 0.415113 0.018322 0.022357
0 0.296958 0.259063 0.017336 0.023262
0 0.883999 0.416971 0.018997 0.021352
0 0.086532 0.864974 0.018732 0.023892
0 0.870386 0.631267 0.018298 0.025038
0 0.269087 0.574954 0.015368 0.019425
0 0.175853 0.121850 0.015579 0.018687
0 0.460349 0.676202 0.020175 0.040099
0 0.017480 0.146032 0.014275 0.017336
0 0.522468 0.693514 0.019088 0.021835
0 0.602115 0.152622 0.016677 0.020013
0 0.933238 0.678364 0.017438 0.019486
0 0.578618 0.010249 0.018062 0.019942
0 0.157466 0.788025 0.013920 0.017362
0 0.048557 0.203481 0.018078 0.022809