0 0.238924 0.762947 0.015359 0.019030
0 0.984142 0.292894 0.018298 0.022521
0 0.834804 0.017215 0.019920 0.024581
0 0.270799 0.740348 0.014851 0.020533
0 0.948296 0.736861 0.021767 0.027592
0 0.777435 0.382314 0.021214 0.022498
0 0.328357 0.461383 0.016217 0.020300
0 0.779028 0.212083 0.015675 0.018003
0 0.795357 0.897949 0.019164 0.022559
0 0.094815 0.870851 0.023261 0.027944
0 0.247331 0.743607 0.015474 0.017439
0 0.450894 0.723283 0.017959 0.023042
0 0.690808 0.632728 0.017587 0.022727
0 0.706655 0.652402 0.022570 0.025938
0 0.326524 0.244391 0.018508 0.023772
0 0.628330 0.158786 0.014672 0.022365
0 0.284692 0.399926 0.019959 0.025260
0 0.252598 0.905442 0.018961 0.023389
0 0.804208 0.651652 0.017969 0.022667
0 0.486401 0.148428 0.018103 0.023186
0 0.923152 0.887297 0.016322 0.021956
0 0.693220 0.349350 0.017875 0.021844
0 0.828818 0.640474 0.014644 0.018076
0 0.775680 0.350367 0.017937 0.022084
0 0.456163 0.621614 0.016767 0.021180
0 0.905401 0.117140 0.020290 0.026615
0 0.424837 0.363435 0.019071 0.027401
0 0.078600 0.308260 0.021605 0.026134
0 0.544308 0.322514 0.018610 0.022473
0 0.132821 0.556253 0.020104 0.023758
0 0.134883 0.283532 0.020581 0.023220
0 0.890326 0.422497 0.019896 0.025997
0 0.421622 0.239997 0.017360 0.020882
0 0.163791 0.896200 0.020976 0.026206
0 0.373709 0.118821 0.020934 0.022581
0 0.356331 0.305875 0.015815 0.019998
0 0.420844 0.184653 0.017959 0.023077
0 0.945269 0.903723 0.016651 0.021005
0 0.523951 0.412645 0.020844 0.023516
0 0.471237 0.531592 0.017879 0.023525
0 0.579199 0.113606 0.019027 0.023913
0 0.975943 0.347993 0.019665 0.023262
0 0.784689 0.239591 0.018218 0.021402
0 0.894828 0.287087 0.022426 0.022806
0 0.245411 0.556974 0.018900 0.023898
0 0.725431 0.790837 0.018624 0.020774
0 0.467544 0.417805 0.017227 0.021527
0 0.940295 0.683401 0.017785 0.022453
0 0.608484 0.156607 0.015518 0.019123
0 0.805415 0.873706 0.018948 0.021829
0 0.876954 0.880996 0.018085 0.023191
0 0.524815 0.380514 0.019747 0.023336
0 0.660081 0.380990 0.019114 0.024192
0 0.875993 0.637306 0.018183 0.024076
0 0.313815 0.158656 0.017081 0.020899
0 0.050799 0.418734 0.018988 0.021305
0 0.048078 0.135158 0.018506 0.023301
0 0.450375 0.319255 0.016317 0.021406
0 0.364449 0.483170 0.018055 0.021691
0 0.098206 0.505896 0.018442 0.022915
0 0.532305 0.697967 0.018620 0.022158
0 0.617658 0.040314 0.018673 0.020634
0 0.248411 0.285255 0.017671 0.021093
0 0.366374 0.701113 0.018212 0.021770
0 0.337444 0.296988 0.015964 0.019468
0 0.214713 0.804185 0.018501 0.023542
0 0.809585 0.089423 0.016478 0.021888
0 0.291428 0.734692 0.016867 0.021336
0 0.169219 0.518139 0.016127 0.020833
0 0.039600 0.183710 0.021224 0.025762
0 0.481769 0.481874 0.016839 0.019507
0 0.136800 0.742303 0.018401 0.023437
0 0.602138 0.121536 0.017963 0.021714
0 0.313601 0.266484 0.018007 0.022663
0 0.556385 0.154909 0.015011 0.017318
0 0.318079 0.855073 0.022516 0.024980
0 0.509742 0.832689 0.018589 0.023670
0 0.279865 0.329345 0.014896 0.018545
0 0.549872 0.660278 0.016786 0.019949
0 0.273511 0.579993 0.015077 0.019674
0 0.227460 0.887264 0.019241 0.023010
0 0.424765 0.717863 0.017736 0.021880
0 0.729951 0.312328 0.018450 0.021540
0 0.452353 0.214151 0.016753 0.020134
0 0.491102 0.118174 0.016931 0.019346
0 0.070314 0.102550 0.019428 0.022491
0 0.414545 0.440778 0.015670 0.018176
0 0.436242 0.670066 0.019175 0.023382
0 0.894805 0.901170 0.015870 0.019780
0 0.145070 0.657533 0.017082 0.021473
0 0.086573 0.267081 0.017738 0.020189
0 0.482446 0.256578 0.016127 0.019852
0 0.565169 0.081761 0.024357 0.026891
0 0.406584 0.340545 0.013873 0.016351
0 0.050063 0.445378 0.019082 0.014406