0 0.772425 0.379427 0.019864 0.018044
0 0.242069 0.742956 0.015757 0.020197
0 0.376257 0.293463 0.019445 0.023123
0 0.416875 0.018216 0.020846 0.024156
0 0.545300 0.630963 0.016698 0.019294
0 0.805043 0.900998 0.027369 0.027209
0 0.506988 0.525849 0.022176 0.028903
0 0.134432 0.324129 0.019800 0.023630
0 0.084131 0.769214 0.019041 0.023801
0 0.250877 0.474428 0.016579 0.020486
0 0.617742 0.468388 0.019516 0.025938
0 0.674485 0.608272 0.018987 0.024406
0 0.212758 0.744567 0.015171 0.018593
0 0.239948 0.554643 0.018166 0.022960
0 0.501071 0.133769 0.018740 0.023601
0 0.173305 0.366610 0.018988 0.024189
0 0.267998 0.740475 0.016219 0.021388
0 0.529680 0.491515 0.018006 0.020996
0 0.872760 0.876790 0.017806 0.021873
0 0.304047 0.261381 0.018396 0.023108
0 0.673201 0.856359 0.018190 0.022606
0 0.919551 0.884636 0.016964 0.021140
0 0.531151 0.701961 0.017880 0.018321
0 0.069028 0.687169 0.018485 0.022271
0 0.475814 0.481322 0.016963 0.021298
0 0.157553 0.296609 0.018795 0.025418
0 0.482852 0.150487 0.017080 0.022566
0 0.203318 0.051729 0.017280 0.022131
0 0.956916 0.183620 0.017531 0.022079
0 0.979638 0.290252 0.020015 0.021502
0 0.047887 0.417565 0.016450 0.020625
0 0.803682 0.193767 0.017771 0.021338
0 0.774628 0.211632 0.015676 0.017868
0 0.804538 0.090160 0.018917 0.018905
0 0.328945 0.269326 0.015411 0.018573
0 0.926086 0.830214 0.019419 0.023391
0 0.074870 0.304419 0.021167 0.025848
0 0.643664 0.306833 0.018567 0.022021
0 0.447123 0.314715 0.016224 0.020815
0 0.093686 0.506703 0.018823 0.022977
0 0.320302 0.241830 0.018050 0.022248
0 0.521966 0.412347 0.019107 0.021310
0 0.887263 0.285290 0.021999 0.022578
0 0.528602 0.170435 0.017675 0.022208
0 0.532529 0.676947 0.019393 0.019699
0 0.777909 0.237518 0.017238 0.020560
0 0.227560 0.602431 0.017348 0.021698
0 0.020458 0.413837 0.017042 0.019858
0 0.160816 0.892466 0.020314 0.026014
0 0.013351 0.859763 0.017893 0.024569
0 0.170713 0.013650 0.018495 0.022783
0 0.934002 0.679179 0.018540 0.020156
0 0.169296 0.475032 0.017826 0.022147
0 0.926029 0.037758 0.019340 0.022849
0 0.308752 0.155655 0.017223 0.020618
0 0.320717 0.862935 0.022387 0.024224
0 0.858626 0.115778 0.017661 0.022306
0 0.057353 0.774187 0.023235 0.023659
0 0.947597 0.454167 0.017713 0.020773
0 0.128481 0.280946 0.020411 0.024556
0 0.549135 0.658367 0.016110 0.020431
0 0.245742 0.393222 0.018281 0.023030
0 0.031524 0.142718 0.016977 0.022024
0 0.956241 0.585918 0.018181 0.022897
0 0.386241 0.225938 0.017417 0.019744
0 0.053854 0.152193 0.014967 0.019169
0 0.869598 0.632347 0.019799 0.025489
0 0.267947 0.305758 0.021308 0.024414
0 0.635745 0.507322 0.018741 0.022096
0 0.241975 0.310873 0.015112 0.018998
0 0.337499 0.296902 0.016172 0.020298
0 0.035216 0.181291 0.019236 0.025192
0 0.146473 0.530961 0.016854 0.020612
0 0.719360 0.151666 0.018943 0.022674
0 0.574826 0.306712 0.017507 0.022217
0 0.982060 0.262022 0.017459 0.021581
0 0.888223 0.419648 0.020106 0.025150
0 0.193759 0.540187 0.016239 0.023779
0 0.608908 0.154463 0.015968 0.019342
0 0.553978 0.159360 0.013996 0.017449
0 0.802004 0.870456 0.018314 0.022624
0 0.522288 0.380682 0.016394 0.018754
0 0.233525 0.040349 0.016556 0.020642
0 0.426097 0.046744 0.017993 0.023350
0 0.898623 0.109841 0.021930 0.025479
0 0.907465 0.902972 0.013953 0.019408
0 0.486862 0.080031 0.016254 0.019280
0 0.296677 0.327794 0.017215 0.021411
0 0.089391 0.870835 0.022072 0.026214
0 0.049303 0.560685 0.017313 0.022458
0 0.778735 0.401426 0.017933 0.021269
0 0.479449 0.257080 0.015801 0.020923
0 0.431714 0.668571 0.019385 0.020702
0 0.268314 0.578107 0.015253 0.019597
0 0.396072 0.340134 0.015002 0.019114
0 0.887375 0.898347 0.014442 0.019074