0 0.642002 0.112817 0.023776 0.025897
0 0.064693 0.047504 0.017425 0.022230
0 0.521399 0.968433 0.022087 0.028232
0 0.254591 0.469777 0.018086 0.025000
0 0.874846 0.575515 0.018808 0.021744
0 0.611966 0.118924 0.018851 0.024944
0 0.487745 0.128379 0.019334 0.023388
0 0.141990 0.086009 0.019278 0.024657
0 0.794658 0.921122 0.017791 0.024127
0 0.392746 0.653477 0.014741 0.019079
0 0.857077 0.528076 0.017494 0.020818
0 0.756923 0.570734 0.018405 0.024027
0 0.882097 0.548590 0.018612 0.023200
0 0.460433 0.082090 0.017901 0.021239
0 0.504606 0.656919 0.018160 0.021559
0 0.793852 0.660649 0.017234 0.023261
0 0.026390 0.897706 0.016670 0.020935
0 0.334965 0.107845 0.017963 0.021046
0 0.812969 0.649267 0.017116 0.022238
0 0.656314 0.704524 0.014396 0.018423
0 0.318865 0.039439 0.015061 0.019156
0 0.813532 0.375875 0.018194 0.022926
0 0.497277 0.092079 0.015947 0.020422
0 0.307561 0.103551 0.015937 0.018825
0 0.648022 0.360130 0.018274 0.019218
0 0.140742 0.237834 0.017007 0.022007
0 0.278760 0.462167 0.018651 0.024316
0 0.741517 0.221280 0.018973 0.022495
0 0.794139 0.051248 0.015207 0.026193
0 0.044187 0.120131 0.018461 0.022757
0 0.044268 0.937941 0.017427 0.022690
0 0.375038 0.648064 0.013379 0.018305
0 0.395653 0.086519 0.016511 0.020331
0 0.462682 0.262577 0.019090 0.022721
0 0.478462 0.628170 0.016115 0.021197
0 0.696868 0.546485 0.020255 0.023960
0 0.091891 0.059493 0.017316 0.021133
0 0.300035 0.024669 0.016448 0.021315
0 0.289590 0.389846 0.018507 0.022199
0 0.475351 0.544709 0.017128 0.022312
0 0.312165 0.836564 0.017413 0.020736
0 0.728952 0.572131 0.016200 0.020541
0 0.795001 0.795390 0.017714 0.022784
0 0.761665 0.055196 0.019161 0.024185
0 0.536725 0.206233 0.017258 0.021661
0 0.790773 0.291717 0.015367 0.018999
0 0.125422 0.494225 0.016504 0.021434
0 0.044755 0.571329 0.018348 0.023600
0 0.786855 0.083831 0.017166 0.023833
0 0.679796 0.707814 0.017784 0.022313
0 0.217371 0.633348 0.018791 0.022970
0 0.941085 0.897768 0.016754 0.020410
0 0.191568 0.545604 0.016716 0.022581
0 0.815360 0.939706 0.015955 0.018670
0 0.049439 0.906648 0.014845 0.016720
0 0.021191 0.460016 0.016853 0.021074
0 0.840231 0.845448 0.017540 0.020880
0 0.713817 0.590329 0.017198 0.020718
0 0.975045 0.499184 0.017583 0.020560
0 0.866664 0.232751 0.020705 0.026298
0 0.878251 0.741305 0.016595 0.021143
0 0.371823 0.977105 0.015461 0.018167
0 0.083114 0.518496 0.016866 0.021377
0 0.110584 0.710248 0.016545 0.022827
0 0.318674 0.014209 0.014694 0.020339
0 0.231729 0.940351 0.018035 0.020754
0 0.570827 0.356578 0.019950 0.022897
0 0.680687 0.594978 0.016800 0.024969
0 0.445279 0.353682 0.016101 0.018698
0 0.634320 0.880804 0.021484 0.023289
0 0.914502 0.149548 0.018575 0.022614
0 0.241353 0.806294 0.020330 0.022230
0 0.121406 0.109649 0.017814 0.019476
0 0.351416 0.916582 0.020618 0.024386
0 0.519510 0.270325 0.018074 0.022100
0 0.710211 0.152218 0.016858 0.018842
0 0.225294 0.233285 0.017604 0.023420
0 0.633599 0.681823 0.018596 0.023135
0 0.044565 0.881396 0.015834 0.018998
0 0.540004 0.439329 0.017204 0.021264
0 0.552205 0.811166 0.018003 0.023077
0 0.333816 0.051669 0.013911 0.019363
0 0.264085 0.902128 0.016220 0.019636
0 0.824248 0.969235 0.018424 0.019269
0 0.895844 0.989621 0.016398 0.018019
0 0.196076 0.493322 0.020296 0.021989
0 0.487416 0.252564 0.016153 0.019700
0 0.859041 0.674217 0.018237 0.022830
0 0.071929 0.314554 0.017336 0.021192
0 0.456542 0.626606 0.014449 0.020840
0 0.663257 0.682934 0.016483 0.021051
0 0.433073 0.693034 0.018785 0.022836
0 0.689273 0.882362 0.015991 0.020441
0 0.218400 0.335697 0.017918 0.022740
0 0.873746 0.712670 0.018188 0.021709
0 0.516208 0.728040 0.021011 0.022602
0 0.355469 0.043298 0.016436 0.019105
0 0.876113 0.967458 0.017383 0.021247
0 0.395939 0.969757 0.014831 0.019171
0 0.502206 0.388888 0.017175 0.021249
0 0.468957 0.144129 0.018043 0.020529
0 0.670327 0.868507 0.014703 0.019313
0 0.366511 0.955471 0.016326 0.019070
0 0.898620 0.963374 0.015424 0.020385
0 0.143312 0.657729 0.013192 0.017310
0 0.202464 0.665281 0.017163 0.022017
0 0.343031 0.021409 0.015416 0.020212
0 0.745119 0.591512 0.015703 0.018400
0 0.078017 0.858834 0.018604 0.024209
0 0.329067 0.709593 0.015976 0.020370
0 0.274461 0.693420 0.015185 0.018699
0 0.423169 0.007203 0.012052 0.014406
0 0.399066 0.014406 0.014061 0.016807
0 0.059604 0.090636 0.016069 0.015606