0 0.557549 0.516605 0.021861 0.028518
0 0.210823 0.312476 0.020596 0.024582
0 0.250060 0.667878 0.018632 0.023912
0 0.210928 0.443789 0.018009 0.020606
0 0.271164 0.657962 0.016436 0.020733
0 0.163425 0.010800 0.018847 0.019465
0 0.898553 0.989487 0.020091 0.018256
0 0.419499 0.510685 0.017741 0.020978
0 0.358644 0.471987 0.016697 0.020858
0 0.351907 0.132357 0.018360 0.022908
0 0.455434 0.944022 0.018849 0.026320
0 0.544948 0.489713 0.017560 0.021147
0 0.420454 0.841744 0.017565 0.022077
0 0.727879 0.253000 0.018946 0.024369
0 0.698304 0.262907 0.021878 0.024244
0 0.992314 0.768722 0.015372 0.024456
0 0.197512 0.347339 0.018391 0.023628
0 0.887638 0.690418 0.018356 0.021891
0 0.678562 0.113080 0.018880 0.022729
0 0.247873 0.376331 0.016684 0.020839
0 0.430055 0.577686 0.018730 0.023091
0 0.467662 0.881343 0.018780 0.023584
0 0.138719 0.356471 0.017068 0.020278
0 0.421224 0.542021 0.018058 0.022188
0 0.247949 0.513511 0.020240 0.023837
0 0.102435 0.473645 0.019371 0.023949
0 0.902439 0.776952 0.022811 0.025342
0 0.332722 0.280916 0.015822 0.020424
0 0.382419 0.014281 0.017035 0.019358
0 0.228744 0.362716 0.015636 0.020116
0 0.474962 0.055873 0.016059 0.021094
0 0.295558 0.900149 0.018774 0.022966
0 0.977224 0.852618 0.019322 0.022876
0 0.546127 0.303610 0.019035 0.022112
0 0.427921 0.240042 0.018265 0.020670
0 0.126002 0.228928 0.017867 0.026331
0 0.445494 0.606902 0.019045 0.022792
0 0.145491 0.436303 0.016616 0.020725
0 0.767327 0.822585 0.018255 0.023662
0 0.793039 0.820483 0.020875 0.024763
0 0.981938 0.644160 0.018936 0.023906
0 0.267824 0.140782 0.016866 0.019471
0 0.649593 0.308611 0.017954 0.022545
0 0.419582 0.143768 0.016550 0.021159
0 0.360641 0.254422 0.016686 0.022980
0 0.139469 0.102999 0.016599 0.021628
0 0.387860 0.086221 0.016164 0.019751
0 0.684990 0.703249 0.018954 0.024470
0 0.555486 0.123242 0.014699 0.018709
0 0.756352 0.637468 0.020446 0.023578
0 0.623860 0.057078 0.017686 0.023258
0 0.533453 0.529170 0.015792 0.020195
0 0.314160 0.096614 0.016592 0.021559
0 0.942746 0.444739 0.018933 0.023182
0 0.141604 0.327502 0.014472 0.018522
0 0.485867 0.965693 0.016802 0.019730
0 0.888620 0.371783 0.021197 0.024293
0 0.421552 0.453727 0.017181 0.020624
0 0.699620 0.051739 0.018308 0.020137
0 0.776324 0.447351 0.019652 0.024735
0 0.570228 0.638908 0.016788 0.019893
0 0.112377 0.419158 0.020631 0.020986
0 0.047612 0.377510 0.017684 0.019551
0 0.685315 0.950563 0.021232 0.024985
0 0.602664 0.848148 0.020583 0.024996
0 0.488320 0.302328 0.017345 0.022168
0 0.900565 0.717323 0.017849 0.021758
0 0.026985 0.527827 0.018651 0.022138
0 0.693703 0.754865 0.020327 0.024632
0 0.377988 0.439470 0.018579 0.024338
0 0.846846 0.559722 0.021906 0.027940
0 0.397571 0.132954 0.018743 0.022497
0 0.377407 0.622160 0.016359 0.019700
0 0.674017 0.243432 0.014500 0.020373
0 0.347569 0.801422 0.017403 0.020968
0 0.324074 0.557588 0.021000 0.023879
0 0.547902 0.434626 0.015800 0.019264
0 0.957092 0.955071 0.019625 0.025842
0 0.237946 0.838994 0.015098 0.018751
0 0.266401 0.168322 0.017866 0.021620
0 0.600567 0.174842 0.016830 0.021970
0 0.841458 0.688713 0.017197 0.021656
0 0.435088 0.739598 0.017196 0.021889
0 0.374959 0.654195 0.017979 0.021550
0 0.763761 0.747021 0.018457 0.022201
0 0.175118 0.933532 0.017542 0.020976
0 0.908741 0.164152 0.016556 0.021960
0 0.513449 0.731955 0.016618 0.021358
0 0.489005 0.124496 0.015338 0.019318
0 0.989857 0.401200 0.018551 0.023614
0 0.221388 0.418720 0.015904 0.020157
0 0.731709 0.101931 0.016251 0.020701
0 0.199237 0.731149 0.015155 0.018814
0 0.056881 0.414412 0.015523 0.019508
0 0.294738 0.281076 0.016239 0.022065
0 0.561766 0.487995 0.016069 0.015606
0 0.578839 0.472989 0.018078 0.021609