0 0.780299 0.211904 0.017271 0.020027
0 0.096277 0.874958 0.024081 0.028918
0 0.271543 0.741852 0.016863 0.022231
0 0.283254 0.776564 0.017902 0.022660
0 0.984355 0.292966 0.019104 0.023611
0 0.794095 0.843755 0.019563 0.022022
0 0.774843 0.422227 0.020035 0.024891
0 0.742757 0.455169 0.019700 0.024350
0 0.238198 0.583533 0.016897 0.020744
0 0.777658 0.705897 0.017383 0.020348
0 0.099187 0.507733 0.018179 0.022321
0 0.789621 0.730055 0.020812 0.026580
0 0.519605 0.669781 0.018464 0.023553
0 0.787086 0.239799 0.018786 0.022773
0 0.139845 0.279191 0.019088 0.024181
0 0.874763 0.641182 0.019684 0.022997
0 0.394506 0.513555 0.018455 0.023606
0 0.444955 0.182727 0.019874 0.022804
0 0.545510 0.581120 0.018450 0.023890
0 0.166147 0.895813 0.021855 0.025490
0 0.247972 0.744840 0.016100 0.020722
0 0.320115 0.966586 0.020655 0.023291
0 0.878515 0.879422 0.019005 0.022267
0 0.916934 0.084937 0.020541 0.023925
0 0.081612 0.306892 0.020118 0.025634
0 0.576879 0.427002 0.019852 0.024219
0 0.135560 0.553087 0.020080 0.025898
0 0.232008 0.889642 0.019710 0.021983
0 0.819744 0.402440 0.021966 0.024766
0 0.304155 0.307801 0.018466 0.022587
0 0.778748 0.381130 0.022822 0.023238
0 0.867084 0.934336 0.022463 0.024122
0 0.132825 0.194154 0.019405 0.023843
0 0.451808 0.318793 0.016938 0.022728
0 0.373737 0.320368 0.018309 0.022265
0 0.924694 0.886924 0.018699 0.023971
0 0.524510 0.411403 0.019733 0.022593
0 0.246194 0.556169 0.018454 0.024068
0 0.654819 0.191627 0.018198 0.020858
0 0.138461 0.741983 0.017246 0.021413
0 0.906947 0.117208 0.019814 0.026173
0 0.405211 0.733744 0.017333 0.020653
0 0.586935 0.103308 0.020574 0.026266
0 0.893559 0.422636 0.020101 0.025820
0 0.601516 0.370586 0.019613 0.022691
0 0.313829 0.158772 0.017694 0.021848
0 0.464388 0.566636 0.018624 0.022387
0 0.342352 0.302215 0.016423 0.020844
0 0.894934 0.287447 0.020850 0.025412
0 0.551822 0.823966 0.019284 0.023848
0 0.370005 0.448418 0.021610 0.026564
0 0.488838 0.149213 0.017062 0.022012
0 0.114384 0.134778 0.019300 0.021884
0 0.049542 0.498144 0.018928 0.022771
0 0.314644 0.265548 0.017902 0.022513
0 0.443163 0.676774 0.017077 0.020533
0 0.521421 0.793991 0.020423 0.023143
0 0.541007 0.474418 0.018467 0.022344
0 0.281079 0.850156 0.019723 0.022639
0 0.320842 0.854838 0.020940 0.023675
0 0.327843 0.243682 0.019267 0.024252
0 0.117014 0.302985 0.018073 0.018940
0 0.811444 0.090190 0.017574 0.026070
0 0.273635 0.580445 0.015284 0.020124
0 0.813672 0.371015 0.018513 0.023016
0 0.051898 0.421065 0.017201 0.021131
0 0.462620 0.384944 0.020220 0.025171
0 0.806598 0.875214 0.021013 0.025097
0 0.490976 0.285311 0.018040 0.022672
0 0.328377 0.785907 0.018069 0.023804
0 0.536902 0.699847 0.020375 0.020482
0 0.216736 0.696855 0.017160 0.021527
0 0.607639 0.903668 0.018055 0.023892
0 0.503404 0.252672 0.016115 0.021179
0 0.613668 0.155878 0.017201 0.021937
0 0.114098 0.478433 0.016688 0.026323
0 0.327174 0.347335 0.015086 0.020751
0 0.647456 0.161228 0.017473 0.021561
0 0.894064 0.730886 0.018048 0.021662
0 0.943416 0.685205 0.017098 0.022293
0 0.692170 0.098476 0.018313 0.022039
0 0.551660 0.660473 0.017401 0.021430
0 0.484531 0.233692 0.018930 0.023744
0 0.478412 0.503189 0.014072 0.017575
0 0.481675 0.481222 0.017359 0.019385
0 0.991318 0.038834 0.017083 0.022437
0 0.558448 0.154845 0.015053 0.018630
0 0.403360 0.344948 0.013674 0.017216
0 0.903455 0.709325 0.017156 0.020248
0 0.040676 0.183264 0.021085 0.023279
0 0.482848 0.260786 0.013914 0.016821
0 0.010720 0.032413 0.021440 0.026411
0 0.545195 0.176471 0.015065 0.014406