0 0.912724 0.883260 0.016938 0.021092
0 0.228327 0.838045 0.027402 0.031101
0 0.827112 0.069296 0.017441 0.022983
0 0.035402 0.044813 0.017701 0.021065
0 0.248464 0.757337 0.016977 0.021425
0 0.959621 0.617254 0.017870 0.021001
0 0.219350 0.806750 0.018368 0.021947
0 0.073652 0.090972 0.018205 0.021685
0 0.075532 0.873619 0.019549 0.026167
0 0.778605 0.847576 0.019374 0.022219
0 0.967503 0.711492 0.016967 0.021895
0 0.152706 0.043327 0.018942 0.023220
0 0.129525 0.551143 0.017136 0.020715
0 0.983419 0.293320 0.019206 0.022525
0 0.489339 0.022108 0.017821 0.020930
0 0.155717 0.897996 0.019283 0.024209
0 0.255654 0.050990 0.017006 0.022680
0 0.125238 0.036784 0.016774 0.021668
0 0.236289 0.741387 0.014581 0.018290
0 0.671628 0.160144 0.018608 0.021487
0 0.797886 0.811242 0.016887 0.021954
0 0.450948 0.596073 0.016624 0.019601
0 0.213297 0.731933 0.016271 0.023041
0 0.626968 0.405539 0.016268 0.021041
0 0.424773 0.679766 0.015628 0.018984
0 0.128224 0.911243 0.015564 0.021246
0 0.231811 0.552067 0.018907 0.022874
0 0.087229 0.503124 0.019534 0.022380
0 0.387633 0.355433 0.014542 0.019511
0 0.062258 0.788501 0.016778 0.019934
0 0.884210 0.871409 0.015157 0.020131
0 0.123153 0.795621 0.016258 0.021858
0 0.435058 0.661248 0.014519 0.016729
0 0.826363 0.974725 0.018793 0.021547
0 0.236676 0.429929 0.019880 0.026308
0 0.048568 0.010121 0.013281 0.016286
0 0.032018 0.817905 0.018765 0.022929
0 0.113591 0.297864 0.015591 0.020428
0 0.405967 0.009401 0.018144 0.016756
0 0.258212 0.784021 0.015758 0.019061
0 0.816354 0.285369 0.018301 0.024802
0 0.800409 0.779929 0.023979 0.024723
0 0.341819 0.310324 0.014061 0.020408
0 0.317715 0.285714 0.012052 0.016807
0 0.297127 0.264706 0.015065 0.015606
0 0.299638 0.309124 0.014061 0.018007
0 0.383498 0.281513 0.013056 0.015606
0 0.340815 0.242497 0.016069 0.014406
0 0.396555 0.264106 0.015065 0.016807
0 0.418148 0.330132 0.012052 0.016807
0 0.578839 0.231092 0.014061 0.015606
0 0.522597 0.408764 0.018078 0.020408
0 0.375966 0.416567 0.014061 0.016807
0 0.105803 0.692677 0.016069 0.014406
0 0.123379 0.737695 0.017073 0.018007
0 0.049561 0.666867 0.018078 0.022809
0 0.070652 0.582833 0.018078 0.018007
0 0.047552 0.412365 0.014061 0.013205
0 0.077180 0.330732 0.019082 0.018007
0 0.036003 0.304322 0.013056 0.015606
0 0.026964 0.184274 0.015065 0.015606
0 0.299135 0.150060 0.011048 0.016807
0 0.312192 0.235294 0.013056 0.019208
0 0.329767 0.363745 0.016069 0.016807
0 0.261975 0.430972 0.017073 0.019208
0 0.279049 0.328331 0.017073 0.018007
0 0.421161 0.144058 0.018078 0.019208
0 0.523602 0.207683 0.016069 0.016807
0 0.597419 0.153061 0.013056 0.013205
0 0.647133 0.133253 0.012052 0.012005
0 0.776189 0.206483 0.015065 0.016807
0 0.776691 0.236495 0.014061 0.014406
0 0.909262 0.113445 0.016069 0.018007
0 0.879132 0.115246 0.012052 0.012005
0 0.900725 0.140456 0.013056 0.009604
0 0.843479 0.277911 0.019082 0.018007
0 0.882145 0.427371 0.016069 0.019208
0 0.871600 0.626050 0.015065 0.018007
0 0.777695 0.640456 0.012052 0.015606
0 0.516571 0.680672 0.014061 0.019208
0 0.545195 0.655462 0.013056 0.016807
0 0.135933 0.823529 0.018078 0.016807
0 0.082704 0.952581 0.018078 0.022809
0 0.249923 0.567227 0.015065 0.020408
0 0.310183 0.427371 0.015065 0.016807
0 0.299135 0.401561 0.015065 0.015606
0 0.239880 0.199280 0.017073 0.016807
0 0.552225 0.145858 0.013056 0.013205
0 0.421161 0.037215 0.018078 0.012005
0 0.606960 0.063625 0.016069 0.014406
0 0.706388 0.186074 0.016069 0.014406
0 0.826907 0.031212 0.014061 0.016807