0 0.257491 0.470836 0.020237 0.024637
0 0.522290 0.970325 0.022188 0.025830
0 0.498787 0.087983 0.017445 0.021306
0 0.538055 0.589505 0.019282 0.025016
0 0.489482 0.126825 0.019484 0.023213
0 0.877540 0.160868 0.023166 0.027104
0 0.044994 0.938076 0.017441 0.022774
0 0.654019 0.054341 0.025596 0.030735
0 0.280368 0.460184 0.018813 0.024566
0 0.943486 0.900657 0.018813 0.022486
0 0.289521 0.390618 0.019955 0.023453
0 0.504662 0.481268 0.018136 0.022159
0 0.505717 0.561145 0.017827 0.022263
0 0.025293 0.899038 0.016007 0.020550
0 0.794788 0.657870 0.018158 0.023571
0 0.764582 0.056935 0.018727 0.024130
0 0.035422 0.359094 0.017106 0.022107
0 0.498069 0.020416 0.016853 0.022411
0 0.461119 0.263617 0.019752 0.022329
0 0.684456 0.709210 0.019524 0.024357
0 0.141648 0.237053 0.016581 0.021121
0 0.126344 0.494792 0.018279 0.024623
0 0.809794 0.886987 0.020378 0.025347
0 0.866287 0.768991 0.020557 0.024470
0 0.840014 0.287316 0.020321 0.024699
0 0.301711 0.100144 0.016813 0.020312
0 0.318686 0.040176 0.014320 0.019843
0 0.394100 0.088023 0.015949 0.021056
0 0.057909 0.367763 0.015806 0.021060
0 0.655969 0.707296 0.017509 0.020619
0 0.741271 0.224960 0.019273 0.024420
0 0.143453 0.066619 0.018444 0.021776
0 0.247992 0.881323 0.017979 0.021101
0 0.897248 0.485092 0.019451 0.023209
0 0.058646 0.087271 0.015943 0.021217
0 0.139488 0.645068 0.017764 0.023031
0 0.933139 0.073207 0.020473 0.025382
0 0.755957 0.566988 0.017845 0.024134
0 0.875688 0.706665 0.018768 0.022967
0 0.833093 0.895110 0.016150 0.021830
0 0.392621 0.654806 0.015409 0.020216
0 0.666219 0.649746 0.018895 0.022534
0 0.402166 0.012347 0.014871 0.019932
0 0.315398 0.013807 0.015136 0.020452
0 0.429116 0.039267 0.019944 0.021879
0 0.335007 0.107114 0.018964 0.021707
0 0.672248 0.269416 0.017850 0.022268
0 0.357633 0.042578 0.015852 0.019114
0 0.554655 0.849062 0.015010 0.017099
0 0.570986 0.112086 0.020334 0.023835
0 0.693398 0.556666 0.019479 0.030199
0 0.105607 0.204662 0.019955 0.024522
0 0.046770 0.905766 0.014975 0.019073
0 0.045229 0.119586 0.018760 0.025404
0 0.802941 0.785087 0.020248 0.023143
0 0.879275 0.969425 0.016116 0.020345
0 0.465889 0.622748 0.018974 0.024096
0 0.423649 0.014131 0.013883 0.020056
0 0.078542 0.017163 0.017520 0.020562
0 0.863026 0.510894 0.018863 0.022650
0 0.483817 0.541949 0.018633 0.022123
0 0.815233 0.645052 0.016448 0.021709
0 0.786538 0.082897 0.020375 0.025918
0 0.886711 0.668300 0.017613 0.022356
0 0.226760 0.233580 0.019311 0.023798
0 0.541317 0.438404 0.017942 0.023213
0 0.035877 0.876013 0.014774 0.016906
0 0.553582 0.813658 0.018976 0.024814
0 0.910296 0.459142 0.020058 0.022990
0 0.313447 0.836976 0.016034 0.020843
0 0.989764 0.425439 0.017921 0.021899
0 0.733173 0.049117 0.017736 0.023855
0 0.112141 0.429828 0.017136 0.022363
0 0.215265 0.334332 0.017167 0.021969
0 0.060379 0.484484 0.019026 0.022846
0 0.296639 0.028436 0.017120 0.021446
0 0.897246 0.957314 0.016282 0.021198
0 0.896604 0.988410 0.016698 0.019364
0 0.671058 0.871438 0.015615 0.018914
0 0.584682 0.325139 0.020863 0.025718
0 0.729083 0.571865 0.016727 0.021524
0 0.552549 0.158217 0.018707 0.024518
0 0.618594 0.116721 0.018160 0.022413
0 0.858594 0.676151 0.017662 0.020847
0 0.699758 0.833429 0.015620 0.021275
0 0.210266 0.497179 0.019012 0.021365
0 0.669280 0.814421 0.019429 0.022963
0 0.340473 0.652284 0.017282 0.021439
0 0.373798 0.645798 0.014692 0.020953
0 0.335079 0.051059 0.014360 0.020839
0 0.078379 0.859723 0.019825 0.026792
0 0.371519 0.878954 0.021894 0.025807
0 0.482109 0.226551 0.015686 0.018421
0 0.736305 0.532498 0.018945 0.023933
0 0.846305 0.974975 0.014471 0.017655
0 0.546101 0.657227 0.019023 0.022174
0 0.791489 0.289029 0.018090 0.021813
0 0.409315 0.902431 0.016975 0.020064
0 0.291231 0.830607 0.015997 0.020933
0 0.335705 0.021682 0.016958 0.023930
0 0.200492 0.664671 0.017476 0.022224
0 0.923065 0.984860 0.016555 0.021200
0 0.716637 0.591978 0.016796 0.021148
0 0.666697 0.684503 0.017091 0.020482
0 0.250390 0.546832 0.018145 0.023671
0 0.472243 0.145164 0.018512 0.021480
0 0.240339 0.806255 0.021185 0.024133
0 0.823519 0.969910 0.015444 0.019589
0 0.504145 0.390793 0.019183 0.025751
0 0.187490 0.230900 0.015299 0.018310
0 0.205231 0.467587 0.020086 0.018007
0 0.429697 0.990396 0.015065 0.019208