0 0.705866 0.273059 0.015429 0.021292
0 0.217243 0.323470 0.020600 0.028147
0 0.319477 0.559296 0.018706 0.026120
0 0.559530 0.530398 0.023740 0.032144
0 0.983362 0.648210 0.018079 0.022059
0 0.388690 0.845836 0.017804 0.022130
0 0.512788 0.465012 0.016429 0.020611
0 0.381173 0.475040 0.016755 0.024594
0 0.232428 0.368904 0.016848 0.023498
0 0.961709 0.315037 0.016542 0.021582
0 0.723898 0.733000 0.015275 0.021207
0 0.373430 0.761881 0.019376 0.019721
0 0.965722 0.510313 0.022203 0.024118
0 0.794345 0.823840 0.022227 0.024679
0 0.240831 0.316089 0.018005 0.025964
0 0.068835 0.393613 0.017919 0.024497
0 0.795848 0.565640 0.016956 0.020664
0 0.958357 0.696964 0.016875 0.021542
0 0.906804 0.826505 0.018669 0.022681
0 0.903802 0.774705 0.018495 0.023075
0 0.562897 0.320749 0.020343 0.025292
0 0.217703 0.453324 0.018415 0.021157
0 0.364480 0.826587 0.016208 0.019714
0 0.723757 0.254392 0.015521 0.019512
0 0.250497 0.389101 0.016946 0.020488
0 0.904187 0.734043 0.017470 0.020084
0 0.090537 0.277823 0.013405 0.017647
0 0.293662 0.562432 0.015651 0.021121
0 0.145590 0.114580 0.017024 0.020852
0 0.405345 0.232782 0.017681 0.022953
0 0.701705 0.739651 0.016138 0.021430
0 0.137725 0.368607 0.019168 0.022693
0 0.600144 0.187626 0.017346 0.020408
0 0.962394 0.965345 0.017962 0.027245
0 0.947370 0.457329 0.015385 0.020056
0 0.946317 0.333715 0.016729 0.020605
0 0.050499 0.382061 0.015347 0.020266
0 0.306798 0.580697 0.016917 0.021104
0 0.475861 0.302849 0.017546 0.021101
0 0.701577 0.766482 0.016342 0.020154
0 0.110913 0.290932 0.015440 0.019804
0 0.685201 0.287051 0.015380 0.020833
0 0.926795 0.774142 0.015826 0.019754
0 0.150487 0.444791 0.016952 0.022462
0 0.303039 0.052313 0.018871 0.022042
0 0.431066 0.912041 0.017488 0.024441
0 0.322234 0.755007 0.017953 0.020935
0 0.348953 0.546118 0.016075 0.020275
0 0.768977 0.618383 0.018165 0.022382
0 0.254897 0.525453 0.018883 0.022555
0 0.676702 0.966676 0.016125 0.019743
0 0.381940 0.664518 0.016587 0.020074
0 0.441131 0.401287 0.018368 0.022780
0 0.106844 0.200732 0.016599 0.019378
0 0.603878 0.861350 0.018156 0.022631
0 0.414005 0.091485 0.021275 0.025899
0 0.781305 0.455944 0.018640 0.024302
0 0.519810 0.744168 0.015659 0.019099
0 0.480871 0.033735 0.015238 0.018638
0 0.491715 0.462429 0.014950 0.020264
0 0.623837 0.066427 0.017097 0.022270
0 0.466650 0.482484 0.015601 0.018874
0 0.339181 0.289034 0.016720 0.021061
0 0.426597 0.468780 0.014916 0.019217
0 0.439602 0.621103 0.016837 0.021540
0 0.361351 0.469746 0.014784 0.019334
0 0.434798 0.755283 0.016561 0.019723
0 0.327954 0.109352 0.018442 0.022591
0 0.435363 0.246336 0.015610 0.019870
0 0.260659 0.061436 0.014124 0.017435
0 0.549444 0.444608 0.015532 0.018455
0 0.299202 0.287950 0.017340 0.022367
0 0.262312 0.665190 0.017668 0.024493
0 0.425815 0.154665 0.019156 0.022120
0 0.421819 0.551028 0.017944 0.023357
0 0.695775 0.059801 0.018093 0.022064
0 0.159186 0.139932 0.013253 0.017352
0 0.030374 0.541497 0.019328 0.022604
0 0.674763 0.109872 0.012017 0.014325
0 0.164450 0.021765 0.021886 0.024466
0 0.856233 0.573922 0.018828 0.022225
0 0.754327 0.651453 0.016050 0.021101
0 0.431795 0.057286 0.015195 0.017818
0 0.690598 0.713834 0.017954 0.019876
0 0.172280 0.715849 0.016899 0.019359
0 0.905464 0.168751 0.016333 0.020337
0 0.560087 0.981408 0.016077 0.019063
0 0.351616 0.808515 0.015991 0.020425
0 0.744836 0.782038 0.019035 0.025762
0 0.683705 0.123703 0.016947 0.020001
0 0.150253 0.389733 0.016731 0.019954
0 0.988433 0.488377 0.016966 0.021756
0 0.977917 0.461016 0.015771 0.017134
0 0.219984 0.728860 0.016959 0.023613
0 0.535113 0.532008 0.014467 0.019589
0 0.962069 0.289061 0.017397 0.019694
0 0.295326 0.130813 0.017093 0.021138
0 0.956019 0.580491 0.015758 0.017628
0 0.887246 0.039785 0.016843 0.019645
0 0.329976 0.740667 0.014056 0.015906
0 0.450331 0.471434 0.014723 0.017937
0 0.354971 0.485031 0.014048 0.016166
0 0.689817 0.821729 0.015065 0.020408
0 0.482424 0.010204 0.016069 0.015606
0 0.369438 0.008403 0.017073 0.016806
0 0.683791 0.459784 0.017073 0.016807
0 0.456312 0.352341 0.018078 0.020408