0 0.281348 0.385621 0.019533 0.024855
0 0.240838 0.502921 0.020561 0.023398
0 0.482536 0.134100 0.019532 0.024778
0 0.215967 0.959193 0.014229 0.019734
0 0.629906 0.946432 0.018902 0.024475
0 0.116893 0.490697 0.016755 0.021247
0 0.008739 0.333189 0.015505 0.018232
0 0.795730 0.610773 0.018595 0.022842
0 0.271101 0.497485 0.016859 0.022021
0 0.123820 0.162805 0.019758 0.024634
0 0.564502 0.086728 0.016036 0.019911
0 0.223079 0.910395 0.016757 0.020981
0 0.035924 0.934201 0.016970 0.023607
0 0.748248 0.834433 0.018838 0.023261
0 0.130141 0.233633 0.018021 0.022423
0 0.615334 0.643844 0.016438 0.021352
0 0.252655 0.959545 0.015158 0.019327
0 0.067174 0.491223 0.016523 0.020868
0 0.479814 0.888690 0.017115 0.020915
0 0.086402 0.421923 0.019517 0.023940
0 0.682345 0.134188 0.018360 0.021921
0 0.251612 0.469704 0.020236 0.022564
0 0.831248 0.527864 0.016739 0.022410
0 0.744252 0.926448 0.017547 0.020108
0 0.018318 0.064292 0.016218 0.020102
0 0.847300 0.509363 0.017537 0.020827
0 0.818176 0.867928 0.017504 0.021152
0 0.786613 0.655404 0.015797 0.021530
0 0.433943 0.122746 0.015539 0.018928
0 0.760860 0.187118 0.018451 0.022786
0 0.638585 0.096878 0.015422 0.020066
0 0.309809 0.044713 0.017812 0.020776
0 0.205930 0.253906 0.015492 0.019183
0 0.586202 0.657498 0.017783 0.021192
0 0.008731 0.654635 0.016860 0.021823
0 0.834226 0.927773 0.015155 0.018735
0 0.186626 0.872944 0.017886 0.021126
0 0.580500 0.055470 0.014072 0.017829
0 0.512113 0.577687 0.015722 0.019048
0 0.067487 0.075190 0.016706 0.020747
0 0.067515 0.041306 0.018133 0.021748
0 0.809509 0.259374 0.019730 0.021214
0 0.218663 0.227515 0.018224 0.021280
0 0.316846 0.102383 0.016907 0.021906
0 0.808746 0.743219 0.016634 0.020133
0 0.387115 0.086841 0.016081 0.020469
0 0.078721 0.923733 0.017439 0.021071
0 0.650506 0.345522 0.015543 0.019267
0 0.536793 0.955212 0.015269 0.019818
0 0.748917 0.565171 0.018432 0.022208
0 0.982332 0.689319 0.017382 0.021432
0 0.754107 0.046962 0.016358 0.022744
0 0.149445 0.147447 0.017045 0.021288
0 0.944783 0.853994 0.020120 0.023429
0 0.512604 0.967594 0.021695 0.032536
0 0.775579 0.969342 0.015228 0.019326
0 0.722874 0.913250 0.015568 0.018213
0 0.651328 0.680333 0.017375 0.023459
0 0.304912 0.826541 0.018687 0.021496
0 0.831260 0.562015 0.014229 0.020109
0 0.286089 0.019552 0.016094 0.021903
0 0.804134 0.986587 0.016530 0.019987
0 0.384724 0.831082 0.017850 0.023748
0 0.449700 0.025994 0.017820 0.021098
0 0.660942 0.600875 0.016222 0.022806
0 0.807988 0.673560 0.016620 0.018656
0 0.425733 0.010583 0.015446 0.018010
0 0.966126 0.237777 0.018409 0.023567
0 0.330000 0.045420 0.013473 0.017615
0 0.177433 0.978187 0.013765 0.015710
0 0.516990 0.289838 0.019631 0.025024
0 0.841825 0.878402 0.015574 0.020693
0 0.905112 0.138767 0.014981 0.020043
0 0.534595 0.580684 0.015960 0.020284
0 0.644924 0.066281 0.015878 0.021369
0 0.944469 0.504128 0.017413 0.021269
0 0.719991 0.956061 0.017566 0.021446
0 0.934806 0.894443 0.015105 0.018246
0 0.718183 0.523410 0.019434 0.022566
0 0.818984 0.020740 0.017039 0.020613
0 0.102976 0.471925 0.017080 0.022389
0 0.465870 0.676252 0.016299 0.022240
0 0.044043 0.071938 0.017284 0.021456
0 0.223007 0.876738 0.014256 0.021896
0 0.819289 0.970441 0.017981 0.022085
0 0.658079 0.801547 0.016185 0.020059
0 0.568789 0.631186 0.015257 0.018325
0 0.491130 0.852002 0.020608 0.023913
0 0.160552 0.724616 0.016321 0.020793
0 0.381097 0.782696 0.019520 0.024018
0 0.326975 0.810537 0.015455 0.019836
0 0.309697 0.022043 0.014147 0.016963
0 0.191150 0.950179 0.016125 0.020884
0 0.087488 0.847606 0.018340 0.021958
0 0.400346 0.010698 0.013884 0.017159
0 0.112827 0.543987 0.016085 0.022877
0 0.575498 0.326623 0.015861 0.020769
0 0.806131 0.048179 0.015312 0.020149
0 0.007572 0.096659 0.015059 0.021226
0 0.026943 0.207394 0.013196 0.018252
0 0.440962 0.402801 0.012705 0.016076
0 0.244055 0.629149 0.015539 0.021975
0 0.805727 0.404939 0.017529 0.021281
0 0.786150 0.264681 0.013884 0.020016
0 0.254015 0.917912 0.013279 0.016065
0 0.029745 0.130375 0.016796 0.020769
0 0.277817 0.465208 0.015356 0.019319
0 0.054919 0.461854 0.015459 0.020189
0 0.106280 0.684371 0.016869 0.023141
0 0.533710 0.435537 0.017276 0.020122
0 0.013156 0.717418 0.013853 0.016362
0 0.333058 0.020553 0.014575 0.018461
0 0.686774 0.663281 0.016211 0.020820
0 0.780789 0.757963 0.016476 0.021683
0 0.620519 0.340336 0.015065 0.018007
0 0.418650 0.040816 0.015065 0.014406
0 0.449784 0.262305 0.015065 0.020408
0 0.015414 0.897959 0.014061 0.016807
0 0.839461 0.045018 0.013056 0.015606
0 0.376468 0.042017 0.015065 0.016807
0 0.295118 0.103241 0.015065 0.019208
0 0.817868 0.894358 0.014061 0.014406
0 0.706891 0.578631 0.019082 0.016807
0 0.079691 0.465786 0.014061 0.014406
0 0.349352 0.044418 0.017073 0.019208
0 0.462840 0.867947 0.017073 0.016807
0 0.382494 0.656663 0.013056 0.014406
0 0.371447 0.639256 0.015065 0.020408