0 0.658903 0.039935 0.025265 0.032210
0 0.522066 0.970794 0.022099 0.026596
0 0.258138 0.472101 0.019165 0.025018
0 0.490581 0.128062 0.019928 0.024170
0 0.673329 0.655066 0.019531 0.022985
0 0.063343 0.302145 0.018101 0.024129
0 0.018782 0.816868 0.016367 0.020131
0 0.795362 0.659972 0.018180 0.024527
0 0.154991 0.602747 0.017890 0.022851
0 0.813710 0.886286 0.020460 0.026050
0 0.335585 0.107852 0.017845 0.022017
0 0.443211 0.948146 0.018725 0.022704
0 0.305033 0.097842 0.018085 0.021613
0 0.025538 0.898759 0.018066 0.021862
0 0.705910 0.534168 0.019287 0.026705
0 0.498642 0.496346 0.017993 0.022000
0 0.552461 0.548920 0.020259 0.026263
0 0.281006 0.459994 0.018520 0.025771
0 0.394968 0.653710 0.016442 0.022378
0 0.045462 0.938413 0.017123 0.023198
0 0.500093 0.091607 0.017763 0.022237
0 0.608630 0.125731 0.019332 0.025420
0 0.944889 0.900847 0.019667 0.022456
0 0.142616 0.237766 0.016381 0.019908
0 0.816931 0.650360 0.017964 0.022584
0 0.375475 0.647107 0.015731 0.022854
0 0.591180 0.082617 0.019333 0.024517
0 0.290284 0.389825 0.019376 0.022461
0 0.144503 0.066013 0.017528 0.021574
0 0.741759 0.224486 0.020874 0.023949
0 0.856728 0.244042 0.021539 0.024994
0 0.046860 0.906940 0.014817 0.018469
0 0.518657 0.531357 0.018012 0.022081
0 0.878653 0.735779 0.021306 0.025987
0 0.541505 0.439805 0.018259 0.023723
0 0.741713 0.535715 0.019817 0.024991
0 0.219370 0.490645 0.017627 0.020539
0 0.035391 0.988503 0.017750 0.018185
0 0.043614 0.119836 0.018446 0.024121
0 0.688771 0.229275 0.017855 0.021868
0 0.473236 0.145416 0.017157 0.022734
0 0.227804 0.234742 0.018276 0.023602
0 0.764708 0.057196 0.019238 0.025419
0 0.131110 0.147978 0.018726 0.025124
0 0.920607 0.416836 0.020712 0.023189
0 0.223387 0.970979 0.016736 0.021994
0 0.682931 0.705814 0.017564 0.023329
0 0.862464 0.514508 0.020302 0.024888
0 0.923498 0.988282 0.014061 0.017734
0 0.127133 0.493760 0.018174 0.023592
0 0.514686 0.443595 0.016492 0.021259
0 0.392928 0.088330 0.016338 0.021321
0 0.886854 0.686841 0.017970 0.023730
0 0.482041 0.571567 0.017967 0.022605
0 0.081167 0.017738 0.017394 0.020921
0 0.129977 0.385038 0.018651 0.023371
0 0.082204 0.317794 0.017110 0.021109
0 0.076280 0.855776 0.019000 0.024693
0 0.316390 0.014590 0.016321 0.020343
0 0.789954 0.085049 0.019470 0.025199
0 0.910135 0.440710 0.019069 0.024001
0 0.847107 0.962192 0.015007 0.020355
0 0.840900 0.864033 0.017267 0.022006
0 0.311419 0.794699 0.016237 0.020832
0 0.259621 0.849128 0.019165 0.021747
0 0.797644 0.970834 0.018864 0.023081
0 0.481919 0.982020 0.016900 0.021154
0 0.716237 0.804592 0.018019 0.020717
0 0.667831 0.679805 0.017385 0.017736
0 0.314138 0.837284 0.017531 0.022614
0 0.224784 0.465622 0.017595 0.022028
0 0.372874 0.877676 0.020782 0.025940
0 0.660421 0.703258 0.017270 0.021552
0 0.861331 0.676490 0.016265 0.020602
0 0.359463 0.610276 0.017447 0.020826
0 0.372612 0.979026 0.016551 0.018236
0 0.753591 0.567025 0.018181 0.022293
0 0.559482 0.105263 0.018878 0.024887
0 0.586353 0.321719 0.021058 0.026245
0 0.075693 0.449164 0.017967 0.024368
0 0.549806 0.971030 0.015754 0.020696
0 0.422663 0.878536 0.016393 0.020139
0 0.317521 0.041440 0.015663 0.021158
0 0.497916 0.184199 0.017273 0.022875
0 0.357745 0.041168 0.016496 0.021889
0 0.726367 0.571777 0.019612 0.022978
0 0.685538 0.784555 0.019792 0.024134
0 0.200114 0.979954 0.017319 0.020171
0 0.462827 0.267885 0.020811 0.024444
0 0.296646 0.029017 0.017232 0.022858
0 0.033388 0.483426 0.013580 0.017621
0 0.215108 0.334947 0.017595 0.022370
0 0.898467 0.987013 0.015142 0.019972
0 0.793081 0.290606 0.017903 0.022919
0 0.812498 0.745798 0.019165 0.023780
0 0.239666 0.807702 0.019009 0.023008
0 0.505248 0.391037 0.018853 0.024446
0 0.874863 0.972157 0.016035 0.020276
0 0.714895 0.593084 0.016250 0.020277
0 0.274872 0.506498 0.018031 0.021036
0 0.670814 0.872179 0.016984 0.023131
0 0.563368 0.614603 0.020716 0.024699
0 0.201075 0.666549 0.017423 0.022809
0 0.899024 0.957849 0.015787 0.018430
0 0.745962 0.007390 0.017230 0.013535
0 0.880188 0.657998 0.017736 0.020071
0 0.338806 0.054622 0.016069 0.015606
0 0.339308 0.024610 0.015065 0.015606
0 0.748068 0.595438 0.017073 0.016807
0 0.059604 0.093037 0.014061 0.018007
0 0.823894 0.974790 0.014061 0.016807
0 0.886664 0.129652 0.021091 0.021609
0 0.551220 0.813926 0.015065 0.016807
0 0.424676 0.023409 0.011048 0.015606
0 0.403585 0.014406 0.013056 0.014406