0 0.208585 0.309248 0.021497 0.025814
0 0.377835 0.907554 0.020597 0.024882
0 0.412756 0.583877 0.019346 0.024193
0 0.262774 0.051256 0.016327 0.020559
0 0.381103 0.016350 0.017049 0.020569
0 0.319713 0.245110 0.019974 0.023441
0 0.202560 0.134411 0.019050 0.024024
0 0.225655 0.360456 0.016422 0.020461
0 0.343752 0.798890 0.017755 0.021671
0 0.829462 0.819336 0.022961 0.026520
0 0.694347 0.259773 0.022802 0.025982
0 0.267702 0.653518 0.016398 0.021425
0 0.247123 0.668707 0.019329 0.023894
0 0.246959 0.511576 0.020589 0.025151
0 0.410892 0.060980 0.017294 0.021464
0 0.436990 0.274139 0.018904 0.023101
0 0.690019 0.752305 0.020660 0.024920
0 0.724005 0.254529 0.018847 0.023738
0 0.392753 0.536328 0.016306 0.021694
0 0.601571 0.857055 0.022233 0.025436
0 0.417955 0.015711 0.015632 0.020649
0 0.977303 0.870895 0.021786 0.025774
0 0.619168 0.056213 0.019534 0.023612
0 0.977730 0.641082 0.020267 0.022741
0 0.938301 0.440454 0.020926 0.026172
0 0.547071 0.310012 0.019383 0.022533
0 0.099912 0.473455 0.018766 0.023810
0 0.199703 0.349104 0.017642 0.021646
0 0.688034 0.050180 0.017359 0.023956
0 0.142463 0.433538 0.017270 0.021543
0 0.425941 0.234554 0.019736 0.027642
0 0.135570 0.353205 0.019120 0.022232
0 0.432080 0.748812 0.020392 0.024267
0 0.375183 0.961959 0.021451 0.026296
0 0.336120 0.077097 0.018457 0.022427
0 0.755560 0.427551 0.021756 0.027632
0 0.022893 0.524396 0.019614 0.022624
0 0.269818 0.081174 0.017596 0.020693
0 0.903967 0.727041 0.018468 0.022920
0 0.208652 0.438361 0.020183 0.023808
0 0.330762 0.276832 0.016229 0.020162
0 0.416126 0.538463 0.017341 0.022344
0 0.844329 0.558307 0.023980 0.032089
0 0.715757 0.839211 0.022211 0.025947
0 0.634292 0.236115 0.015833 0.019643
0 0.419041 0.452752 0.017330 0.021253
0 0.682553 0.699206 0.023752 0.028245
0 0.787661 0.814674 0.022132 0.025985
0 0.319954 0.559204 0.020583 0.026258
0 0.247238 0.372480 0.016721 0.021750
0 0.417689 0.140118 0.017926 0.021924
0 0.419169 0.846674 0.019039 0.024291
0 0.442203 0.605990 0.018992 0.024504
0 0.461581 0.069195 0.016926 0.022242
0 0.039903 0.373128 0.017101 0.021596
0 0.646780 0.057388 0.015637 0.020910
0 0.674544 0.111803 0.019743 0.024087
0 0.123663 0.224344 0.018343 0.025382
0 0.990517 0.766819 0.018876 0.025071
0 0.597958 0.173187 0.019136 0.023664
0 0.138273 0.100140 0.018104 0.024151
0 0.806660 0.355618 0.022061 0.024495
0 0.215703 0.901211 0.020727 0.025065
0 0.756308 0.643828 0.020875 0.026634
0 0.097844 0.942863 0.019371 0.023038
0 0.167617 0.372707 0.018475 0.022487
0 0.337665 0.612972 0.017891 0.021927
0 0.532329 0.529678 0.016807 0.021179
0 0.311296 0.093959 0.016550 0.020755
0 0.460661 0.652965 0.018119 0.020592
0 0.338153 0.430291 0.021066 0.024768
0 0.510460 0.730134 0.017775 0.022584
0 0.715527 0.780414 0.017936 0.021849
0 0.788583 0.718530 0.020555 0.023415
0 0.567915 0.289428 0.016811 0.022422
0 0.914804 0.380532 0.020691 0.024656
0 0.371503 0.653096 0.018465 0.022268
0 0.355919 0.468359 0.017646 0.022788
0 0.544053 0.433103 0.018583 0.022209
0 0.953257 0.951821 0.022220 0.026879
0 0.489060 0.970701 0.020776 0.026526
0 0.055373 0.412548 0.016047 0.020110
0 0.669645 0.949942 0.019670 0.024983
0 0.161926 0.008514 0.018107 0.016655
0 0.221506 0.094447 0.015696 0.021325
0 0.064706 0.299447 0.015831 0.020533
0 0.106873 0.845536 0.016478 0.019967
0 0.026886 0.426689 0.016456 0.025517
0 0.292725 0.276578 0.017462 0.023298
0 0.119579 0.718854 0.017775 0.020331
0 0.876354 0.718895 0.019020 0.023500
0 0.578940 0.076544 0.014023 0.018476
0 0.556242 0.483193 0.011048 0.015606
0 0.573316 0.475390 0.015065 0.021609
0 0.537662 0.487995 0.014061 0.015606
0 0.555238 0.518007 0.019082 0.025210
0 0.906751 0.165066 0.015065 0.027611