0 0.247118 0.271652 0.015035 0.018905
0 0.304448 0.824749 0.018248 0.021476
0 0.622059 0.946604 0.018726 0.022946
0 0.280701 0.385321 0.019194 0.024664
0 0.071018 0.594056 0.017437 0.022239
0 0.035235 0.933548 0.016859 0.021061
0 0.230895 0.939525 0.017276 0.019147
0 0.573162 0.110319 0.014979 0.020360
0 0.757681 0.808630 0.020037 0.022898
0 0.489024 0.167804 0.019276 0.024499
0 0.510116 0.962638 0.022633 0.027386
0 0.501414 0.854528 0.016442 0.020966
0 0.825752 0.523863 0.017213 0.021617
0 0.791896 0.616149 0.018329 0.021481
0 0.233114 0.010046 0.015170 0.015360
0 0.215816 0.227120 0.016303 0.020450
0 0.124938 0.167855 0.020245 0.025129
0 0.971760 0.235563 0.019022 0.022744
0 0.775227 0.202209 0.018280 0.021968
0 0.768798 0.948652 0.016743 0.020347
0 0.060535 0.420363 0.016653 0.019163
0 0.080046 0.924512 0.017449 0.022041
0 0.482071 0.877986 0.016891 0.022307
0 0.817258 0.276128 0.018910 0.020509
0 0.606982 0.619318 0.015675 0.019990
0 0.130136 0.234304 0.017358 0.023653
0 0.786169 0.654218 0.016030 0.019884
0 0.941361 0.971654 0.018677 0.022339
0 0.721379 0.527321 0.018329 0.022710
0 0.207467 0.927994 0.015974 0.020243
0 0.558094 0.565232 0.015948 0.019999
0 0.119670 0.547438 0.015756 0.021710
0 0.253659 0.959531 0.014308 0.019114
0 0.251856 0.469705 0.020532 0.024723
0 0.531767 0.437515 0.016073 0.020718
0 0.188068 0.950462 0.014436 0.017446
0 0.462443 0.044781 0.017095 0.020986
0 0.650424 0.678107 0.017795 0.020639
0 0.034339 0.636151 0.016787 0.020115
0 0.256837 0.506858 0.017969 0.022874
0 0.008303 0.662887 0.015791 0.020633
0 0.384692 0.085904 0.015909 0.021610
0 0.017455 0.071944 0.015222 0.020824
0 0.379011 0.653889 0.014445 0.019574
0 0.247258 0.889958 0.016500 0.022919
0 0.739522 0.083618 0.017217 0.022033
0 0.845750 0.556257 0.014811 0.018622
0 0.939911 0.889869 0.015421 0.018062
0 0.792269 0.748237 0.016048 0.021874
0 0.314265 0.058132 0.017203 0.013023
0 0.536328 0.582803 0.014431 0.018264
0 0.614023 0.067666 0.015015 0.019477
0 0.725244 0.897954 0.017606 0.021571
0 0.704775 0.139717 0.017951 0.024078
0 0.815580 0.866704 0.017977 0.022848
0 0.519687 0.294441 0.018504 0.021650
0 0.044374 0.817332 0.015809 0.019075
0 0.159869 0.690241 0.014469 0.019307
0 0.315214 0.495994 0.015588 0.018641
0 0.065903 0.340289 0.015705 0.018948
0 0.180643 0.176104 0.017178 0.022522
0 0.464513 0.676348 0.017200 0.021756
0 0.044270 0.328031 0.014972 0.020787
0 0.033367 0.187850 0.014938 0.018424
0 0.833861 0.498260 0.017254 0.019314
0 0.044215 0.071685 0.015981 0.019758
0 0.589845 0.648169 0.015300 0.019176
0 0.059519 0.154168 0.015532 0.019887
0 0.022919 0.210637 0.013405 0.017028
0 0.428691 0.008744 0.016430 0.016451
0 0.842496 0.860738 0.016460 0.019712
0 0.816977 0.972003 0.015425 0.023373
0 0.674671 0.337212 0.014400 0.018630
0 0.979559 0.663634 0.017030 0.022726
0 0.057782 0.699166 0.013872 0.017480
0 0.447859 0.159575 0.015023 0.020317
0 0.793463 0.895600 0.015125 0.021017
0 0.008406 0.979650 0.015632 0.018162
0 0.955867 0.508802 0.015838 0.020243
0 0.107999 0.470452 0.016997 0.021550
0 0.407449 0.764193 0.019468 0.023915
0 0.328343 0.812530 0.014833 0.019979
0 0.048557 0.109844 0.014061 0.018007
0 0.802803 0.405162 0.016069 0.015606
0 0.866578 0.129052 0.019082 0.020408
0 0.436225 0.801921 0.014061 0.014406
0 0.321230 0.093037 0.019082 0.018007
0 0.306166 0.030012 0.013056 0.016807
0 0.375464 0.054622 0.013056 0.018007
0 0.355880 0.055222 0.016069 0.021609
0 0.813851 0.674670 0.014061 0.014406
0 0.740535 0.925570 0.016069 0.019208
0 0.066132 0.043818 0.015065 0.018007
0 0.647636 0.103842 0.015065 0.020408
0 0.328763 0.022209 0.016069 0.020408
0 0.117855 0.492797 0.014061 0.020408