0 0.315731 0.057602 0.017104 0.020676
0 0.625538 0.944741 0.019181 0.026818
0 0.280765 0.384839 0.019345 0.024707
0 0.499460 0.193038 0.020176 0.026409
0 0.117763 0.488898 0.017107 0.022014
0 0.236456 0.931295 0.013937 0.018339
0 0.721647 0.899559 0.014164 0.018758
0 0.007271 0.671461 0.014542 0.020228
0 0.305879 0.824231 0.016153 0.021235
0 0.016891 0.474867 0.020068 0.019067
0 0.108499 0.621054 0.017345 0.021886
0 0.185777 0.945407 0.015386 0.019033
0 0.802973 0.619484 0.016778 0.020646
0 0.597250 0.138949 0.017091 0.020401
0 0.036810 0.904200 0.012944 0.015797
0 0.770701 0.949267 0.016067 0.020812
0 0.831605 0.288964 0.018048 0.020302
0 0.329074 0.820533 0.015010 0.019068
0 0.131070 0.232674 0.016749 0.022146
0 0.768601 0.797986 0.019700 0.023669
0 0.073047 0.805942 0.014849 0.019298
0 0.628898 0.082474 0.014318 0.017479
0 0.511759 0.966049 0.020674 0.026029
0 0.959911 0.016875 0.017925 0.022643
0 0.124105 0.171900 0.018004 0.022016
0 0.498711 0.874148 0.016742 0.022086
0 0.733123 0.534157 0.019145 0.024490
0 0.799066 0.222653 0.017561 0.022078
0 0.074946 0.929132 0.017095 0.020715
0 0.240352 0.027390 0.015002 0.016739
0 0.785490 0.652921 0.017678 0.020327
0 0.234507 0.203204 0.017054 0.020201
0 0.270783 0.899322 0.016299 0.021837
0 0.714946 0.167104 0.019433 0.020242
0 0.801151 0.954667 0.015214 0.019580
0 0.935869 0.887659 0.015814 0.018542
0 0.825755 0.524801 0.015088 0.020060
0 0.984846 0.675610 0.016883 0.020302
0 0.692408 0.371517 0.013373 0.017550
0 0.273532 0.290905 0.015635 0.021054
0 0.651804 0.680240 0.015329 0.019813
0 0.244573 0.467471 0.019195 0.022429
0 0.576301 0.585890 0.016175 0.018729
0 0.270169 0.960358 0.011988 0.016890
0 0.465375 0.788894 0.018292 0.022338
0 0.608071 0.617268 0.015756 0.020177
0 0.034051 0.933770 0.016583 0.022061
0 0.908166 0.989407 0.014147 0.017560
0 0.046986 0.150036 0.014709 0.019167
0 0.862980 0.549258 0.015528 0.020421
0 0.088888 0.173609 0.016587 0.020483
0 0.214937 0.228215 0.016109 0.019966
0 0.465541 0.678114 0.015889 0.020952
0 0.945727 0.969647 0.018594 0.020814
0 0.660705 0.133650 0.015382 0.020305
0 0.084825 0.348589 0.014311 0.020107
0 0.106156 0.469484 0.015463 0.018461
0 0.473980 0.167340 0.014361 0.018006
0 0.022319 0.141997 0.017194 0.023258
0 0.252616 0.954021 0.014395 0.019817
0 0.019387 0.396148 0.014743 0.019101
0 0.450698 0.260093 0.015727 0.020087
0 0.381866 0.655714 0.015241 0.020803
0 0.385776 0.084375 0.015064 0.021139
0 0.285709 0.524479 0.017331 0.023624
0 0.019045 0.214299 0.013312 0.015338
0 0.974846 0.011988 0.011116 0.018515
0 0.824768 0.042008 0.014698 0.020584
0 0.801310 0.056384 0.014481 0.018807
0 0.329937 0.040712 0.013637 0.016892
0 0.815961 0.869256 0.017968 0.022974
0 0.466603 0.335986 0.015683 0.018655
0 0.041541 0.980246 0.014837 0.017499
0 0.078584 0.653959 0.016670 0.020565
0 0.741689 0.118901 0.017416 0.022566
0 0.837764 0.501443 0.014844 0.016408
0 0.594789 0.650056 0.014959 0.017989
0 0.367613 0.649725 0.014263 0.017933
0 0.552595 0.605419 0.015236 0.018376
0 0.742515 0.918781 0.016705 0.020698
0 0.530733 0.433835 0.017327 0.021689
0 0.347172 0.055185 0.013957 0.016787
0 0.566610 0.936383 0.014459 0.019261
0 0.849563 0.667890 0.014763 0.018901
0 0.215607 0.695372 0.015123 0.018779
0 0.787271 0.749528 0.017432 0.021922
0 0.993826 0.249914 0.012347 0.022999
0 0.233774 0.618024 0.013572 0.015920
0 0.077275 0.705863 0.014272 0.019318
0 0.857385 0.110118 0.014976 0.018120
0 0.063622 0.048019 0.016069 0.016807
0 0.040522 0.075630 0.014061 0.019208
0 0.049059 0.108643 0.015065 0.018007
0 0.296625 0.043217 0.014061 0.014406
0 0.263984 0.036014 0.013056 0.016807
0 0.286581 0.024010 0.018078 0.016807
0 0.396555 0.052821 0.013056 0.014406
0 0.420156 0.042017 0.016069 0.016807
0 0.446269 0.032413 0.014061 0.016807
0 0.705886 0.577431 0.015065 0.014406
0 0.428693 0.758103 0.015065 0.018007
0 0.219794 0.961585 0.015065 0.019208
0 0.208746 0.932773 0.017073 0.024010
0 0.322737 0.091837 0.014061 0.018007
0 0.147985 0.090636 0.014061 0.015606
0 0.807825 0.402761 0.016069 0.018007
0 0.531134 0.848139 0.015065 0.020408
0 0.688311 0.660864 0.018078 0.015606
0 0.816362 0.672869 0.019082 0.018007
0 0.842474 0.860744 0.017073 0.016807
0 0.787739 0.909964 0.016069 0.019208