0 0.726943 0.851376 0.028130 0.028937
0 0.326597 0.268351 0.013875 0.018245
0 0.240759 0.743098 0.015664 0.019193
0 0.514956 0.382226 0.020809 0.025410
0 0.640445 0.306663 0.018314 0.021970
0 0.497962 0.135302 0.017104 0.022951
0 0.392385 0.461429 0.022189 0.024819
0 0.462910 0.307912 0.013701 0.017988
0 0.044743 0.417906 0.016521 0.019428
0 0.073427 0.307243 0.018937 0.025636
0 0.545833 0.761578 0.018271 0.023537
0 0.883778 0.420775 0.020657 0.025022
0 0.179551 0.407220 0.018391 0.021807
0 0.772377 0.380557 0.021454 0.021846
0 0.773428 0.210222 0.018002 0.018842
0 0.750013 0.699717 0.018833 0.024613
0 0.158873 0.889894 0.020368 0.025076
0 0.096983 0.313253 0.016494 0.021075
0 0.264934 0.741954 0.016482 0.022061
0 0.138367 0.252533 0.019692 0.023111
0 0.443708 0.318107 0.016325 0.021737
0 0.092510 0.505244 0.018340 0.023185
0 0.238976 0.555237 0.018232 0.022530
0 0.934985 0.679991 0.017416 0.020626
0 0.677446 0.093707 0.017273 0.021635
0 0.210307 0.745750 0.016761 0.018763
0 0.176764 0.936220 0.018860 0.023416
0 0.415571 0.088861 0.018097 0.023701
0 0.829706 0.128117 0.017630 0.022945
0 0.157192 0.325713 0.017907 0.022297
0 0.490782 0.237229 0.018214 0.020587
0 0.481025 0.150024 0.016617 0.021986
0 0.269969 0.570786 0.015841 0.019950
0 0.529693 0.698256 0.019129 0.021725
0 0.127536 0.283187 0.019288 0.023815
0 0.387081 0.012616 0.014918 0.020693
0 0.707536 0.901750 0.018995 0.023003
0 0.435354 0.436819 0.018568 0.021762
0 0.869766 0.880744 0.018136 0.021992
0 0.192270 0.248589 0.022730 0.024688
0 0.114645 0.498355 0.016012 0.021081
0 0.551285 0.508728 0.019095 0.022560
0 0.017812 0.702074 0.018106 0.025256
0 0.977810 0.290689 0.019283 0.023411
0 0.072266 0.455093 0.016985 0.020029
0 0.470225 0.476777 0.017105 0.020989
0 0.884503 0.381122 0.018748 0.021308
0 0.488980 0.595329 0.015867 0.018956
0 0.306812 0.155334 0.018283 0.023258
0 0.621473 0.102653 0.017956 0.022550
0 0.005770 0.099887 0.011540 0.018414
0 0.889743 0.286528 0.021607 0.021733
0 0.340794 0.241348 0.018269 0.023262
0 0.018477 0.407116 0.016102 0.020143
0 0.802126 0.088766 0.018640 0.019457
0 0.520681 0.414334 0.018532 0.022999
0 0.075908 0.270099 0.017662 0.021025
0 0.800026 0.874769 0.019588 0.023609
0 0.322030 0.191595 0.015872 0.019507
0 0.433706 0.597436 0.018379 0.022267
0 0.777915 0.235683 0.017907 0.021298
0 0.669237 0.308562 0.017913 0.023952
0 0.333073 0.295162 0.016444 0.020889
0 0.868468 0.631955 0.020806 0.025326
0 0.842970 0.503935 0.017232 0.022203
0 0.606519 0.153836 0.016611 0.021457
0 0.905294 0.905722 0.014982 0.019452
0 0.219456 0.278058 0.016893 0.022275
0 0.918219 0.885551 0.017162 0.021181
0 0.304234 0.263012 0.018461 0.022772
0 0.159389 0.969344 0.016383 0.020730
0 0.546579 0.657174 0.017225 0.020817
0 0.430301 0.671769 0.019292 0.019447
0 0.319009 0.241718 0.017199 0.021906
0 0.638066 0.504450 0.018128 0.022502
0 0.854257 0.115051 0.017878 0.021666
0 0.266607 0.971248 0.017650 0.021351
0 0.932448 0.223639 0.019232 0.023813
0 0.554386 0.159708 0.016625 0.019600
0 0.315096 0.854268 0.021150 0.024673
0 0.024927 0.137413 0.017054 0.021700
0 0.902261 0.401817 0.016020 0.020555
0 0.898109 0.112528 0.021402 0.024104
0 0.090708 0.871814 0.020830 0.024105
0 0.161006 0.225775 0.015586 0.017908
0 0.049617 0.375953 0.018052 0.021432
0 0.094350 0.468031 0.015663 0.023591
0 0.313420 0.993207 0.017978 0.013586
0 0.480601 0.259638 0.014929 0.017446