0 0.812032 0.648745 0.017746 0.023092
0 0.723345 0.543167 0.016271 0.020159
0 0.818089 0.873170 0.017498 0.021054
0 0.484406 0.132823 0.018406 0.024605
0 0.788874 0.654254 0.018428 0.022845
0 0.631595 0.947493 0.019081 0.025095
0 0.516585 0.967660 0.022496 0.029304
0 0.858018 0.556074 0.018358 0.022516
0 0.252210 0.469308 0.019940 0.023196
0 0.817917 0.271458 0.018473 0.020848
0 0.126830 0.168449 0.021210 0.025039
0 0.656177 0.051001 0.017618 0.022408
0 0.757831 0.904038 0.020140 0.023154
0 0.633809 0.676861 0.015469 0.018538
0 0.329397 0.101219 0.017593 0.022959
0 0.759910 0.051736 0.018825 0.022756
0 0.044821 0.072659 0.017187 0.021894
0 0.284599 0.388155 0.018475 0.022592
0 0.393464 0.086849 0.015637 0.019086
0 0.316771 0.893734 0.017823 0.021298
0 0.290943 0.022652 0.016589 0.020699
0 0.660495 0.678923 0.016539 0.021020
0 0.313338 0.039879 0.015319 0.021531
0 0.522858 0.638787 0.017350 0.019766
0 0.657541 0.855640 0.017211 0.020445
0 0.706662 0.587209 0.016908 0.020581
0 0.138951 0.946239 0.016928 0.020324
0 0.880991 0.935079 0.015998 0.021038
0 0.061229 0.954072 0.017880 0.023572
0 0.457588 0.923839 0.017650 0.020332
0 0.537016 0.436320 0.016384 0.021366
0 0.810312 0.988873 0.015157 0.018124
0 0.013310 0.659920 0.018232 0.020414
0 0.617311 0.696570 0.019041 0.021857
0 0.120685 0.491869 0.017088 0.021699
0 0.667841 0.604081 0.015948 0.026488
0 0.047404 0.903247 0.014301 0.018564
0 0.469836 0.677572 0.017417 0.021837
0 0.072371 0.041625 0.018791 0.022504
0 0.848149 0.037803 0.014300 0.019017
0 0.011056 0.071890 0.020386 0.021117
0 0.508881 0.289356 0.020277 0.025219
0 0.186382 0.965656 0.017466 0.021439
0 0.315370 0.855052 0.015174 0.018633
0 0.891677 0.989317 0.016566 0.017366
0 0.369514 0.854430 0.019578 0.023659
0 0.311893 0.013807 0.015826 0.022326
0 0.847425 0.008761 0.015539 0.015900
0 0.662737 0.151427 0.020988 0.026201
0 0.387263 0.037038 0.016162 0.019109
0 0.518490 0.081613 0.015394 0.019667
0 0.219691 0.230623 0.017547 0.022644
0 0.936989 0.893508 0.015420 0.018238
0 0.809078 0.422523 0.016496 0.020871
0 0.855611 0.672627 0.017934 0.021175
0 0.242057 0.534324 0.017518 0.023430
0 0.135120 0.235681 0.017009 0.020347
0 0.762335 0.980951 0.016515 0.017850
0 0.067803 0.076213 0.015503 0.023109
0 0.304293 0.100113 0.016782 0.020941
0 0.462384 0.975347 0.017311 0.019584
0 0.330096 0.048120 0.014941 0.020819
0 0.020587 0.772227 0.015799 0.021082
0 0.993390 0.738892 0.013220 0.023004
0 0.746866 0.566049 0.019327 0.024703
0 0.745478 0.213790 0.018563 0.022861
0 0.215574 0.970167 0.017307 0.022592
0 0.824744 0.573977 0.014938 0.020404
0 0.114817 0.133344 0.016787 0.019854
0 0.842752 0.977358 0.015958 0.019696
0 0.884485 0.668111 0.018622 0.022121
0 0.912716 0.138486 0.016126 0.021841
0 0.634944 0.393498 0.016940 0.020990
0 0.170680 0.262160 0.015975 0.019823
0 0.039614 0.934461 0.017778 0.023109
0 0.022865 0.897326 0.017406 0.021470
0 0.895484 0.098236 0.018692 0.021238
0 0.026133 0.482347 0.017729 0.019879
0 0.483149 0.567971 0.016439 0.022169
0 0.682666 0.699416 0.019791 0.024479
0 0.631293 0.813257 0.019115 0.024100
0 0.463824 0.138272 0.016563 0.022096
0 0.435911 0.131043 0.016487 0.021732
0 0.280008 0.447927 0.018516 0.024830
0 0.104565 0.077203 0.017721 0.021211
0 0.076984 0.514942 0.018032 0.023588
0 0.468125 0.624891 0.017574 0.022375
0 0.552804 0.066938 0.016360 0.018956
0 0.529748 0.341984 0.016117 0.022079
0 0.220606 0.516722 0.018082 0.023806
0 0.422910 0.038544 0.018027 0.022763
0 0.836260 0.734268 0.017827 0.021299
0 0.795307 0.774617 0.018150 0.022857
0 0.670552 0.544234 0.018112 0.022653
0 0.169190 0.677032 0.017280 0.022570
0 0.862097 0.528021 0.018547 0.021274
0 0.457597 0.261550 0.017729 0.021589
0 0.793904 0.268752 0.014414 0.018320
0 0.960319 0.526621 0.017739 0.021533
0 0.784977 0.077796 0.017541 0.021842
0 0.055697 0.814686 0.017621 0.022636
0 0.307210 0.827302 0.016647 0.019837
0 0.012578 0.504500 0.016897 0.019591
0 0.431255 0.664227 0.017770 0.020493
0 0.212898 0.321620 0.015960 0.021592
0 0.639256 0.073320 0.014434 0.018813
0 0.737802 0.589705 0.015425 0.019747
0 0.112507 0.540767 0.017622 0.022017
0 0.842665 0.065543 0.015992 0.020684
0 0.050684 0.111977 0.016589 0.019584
0 0.458252 0.362898 0.015603 0.019096
0 0.524902 0.704567 0.017309 0.022596
0 0.366890 0.432000 0.014729 0.017582
0 0.022979 0.015281 0.016273 0.019974
0 0.168352 0.345878 0.015064 0.021475
0 0.349434 0.039869 0.016292 0.020487
0 0.365398 0.975510 0.014649 0.018113
0 0.583812 0.370794 0.018230 0.021773
0 0.793614 0.869095 0.015692 0.020255
0 0.872461 0.056291 0.012952 0.014029
0 0.091721 0.849622 0.019215 0.025570
0 0.836327 0.917818 0.017161 0.022565
0 0.820050 0.967220 0.017395 0.020022
0 0.686551 0.026329 0.015338 0.019351
0 0.498967 0.387806 0.016700 0.023180
0 0.463268 0.876088 0.015705 0.019038
0 0.395105 0.685386 0.015280 0.019042
0 0.378530 0.522974 0.014102 0.019169
0 0.614323 0.110237 0.018409 0.021957
0 0.740972 0.521060 0.015233 0.018650
0 0.274385 0.578646 0.017407 0.021061
0 0.815697 0.062291 0.015272 0.025490
0 0.580346 0.721489 0.015065 0.021609
0 0.237872 0.810924 0.021091 0.025210
0 0.243898 0.985594 0.015065 0.016807
0 0.037007 0.875750 0.015065 0.015606
0 0.388018 0.654862 0.014061 0.013205
0 0.369438 0.644058 0.013056 0.015606