0 0.820173 0.271372 0.020320 0.020805
0 0.516660 0.966897 0.023854 0.025543
0 0.818134 0.874019 0.017244 0.020823
0 0.485595 0.134029 0.019207 0.025000
0 0.789004 0.654942 0.018584 0.022000
0 0.757967 0.910225 0.019185 0.023462
0 0.849394 0.012389 0.017007 0.019456
0 0.284473 0.387438 0.019246 0.023259
0 0.049439 0.902614 0.014728 0.018595
0 0.314065 0.038452 0.014838 0.021307
0 0.425110 0.038000 0.018575 0.022487
0 0.445768 0.947376 0.018412 0.022184
0 0.656392 0.675681 0.015996 0.020795
0 0.635756 0.950019 0.020535 0.025462
0 0.759140 0.050494 0.018141 0.022532
0 0.515429 0.087908 0.015797 0.020558
0 0.292309 0.022241 0.016045 0.021179
0 0.127879 0.168993 0.020290 0.023488
0 0.857150 0.674356 0.018780 0.021366
0 0.394167 0.084231 0.015871 0.019658
0 0.279191 0.451166 0.017632 0.022184
0 0.621288 0.704421 0.016910 0.021835
0 0.670179 0.554365 0.018915 0.023674
0 0.104105 0.144392 0.016685 0.021146
0 0.819388 0.966493 0.016135 0.019284
0 0.746802 0.222389 0.018622 0.022596
0 0.536959 0.435976 0.017983 0.021187
0 0.810327 0.643828 0.017731 0.024172
0 0.070909 0.043376 0.019126 0.023882
0 0.721001 0.545989 0.016514 0.020820
0 0.679185 0.698373 0.019161 0.023780
0 0.313011 0.012302 0.015574 0.021457
0 0.513346 0.653045 0.016244 0.020589
0 0.626509 0.833125 0.019375 0.025843
0 0.809926 0.989163 0.015953 0.018465
0 0.453542 0.991965 0.017658 0.015239
0 0.509481 0.297295 0.019102 0.024828
0 0.385111 0.652654 0.014501 0.019182
0 0.364770 0.868489 0.020805 0.026343
0 0.129622 0.965717 0.017708 0.022011
0 0.869997 0.571623 0.020894 0.022490
0 0.429235 0.147812 0.017851 0.022097
0 0.309470 0.829646 0.016785 0.019907
0 0.654003 0.155924 0.019417 0.029168
0 0.012895 0.070224 0.019799 0.021349
0 0.121218 0.492281 0.016638 0.022018
0 0.016706 0.477551 0.017264 0.021714
0 0.800035 0.770469 0.018001 0.022370
0 0.710599 0.585649 0.018279 0.020685
0 0.040107 0.935347 0.016049 0.023762
0 0.470999 0.678061 0.017388 0.022131
0 0.842740 0.931934 0.016797 0.020587
0 0.045221 0.973731 0.016535 0.021084
0 0.220557 0.231341 0.017423 0.022110
0 0.816913 0.062366 0.013065 0.020419
0 0.381468 0.692558 0.016571 0.019910
0 0.848852 0.038930 0.016407 0.020064
0 0.661125 0.051991 0.018100 0.020530
0 0.254907 0.470667 0.019745 0.023753
0 0.632489 0.680734 0.015700 0.019604
0 0.136714 0.235050 0.016976 0.021510
0 0.044717 0.074778 0.016560 0.022493
0 0.635148 0.401171 0.017113 0.021733
0 0.066018 0.530510 0.018784 0.023381
0 0.108274 0.542421 0.017299 0.021274
0 0.499375 0.386013 0.017805 0.022884
0 0.370833 0.643441 0.015095 0.021344
0 0.053272 0.107821 0.018076 0.021412
0 0.068880 0.078798 0.017128 0.025560
0 0.912262 0.138997 0.016179 0.020834
0 0.160664 0.275583 0.016143 0.019820
0 0.182819 0.984405 0.014552 0.019185
0 0.938888 0.890428 0.016103 0.019070
0 0.330384 0.048601 0.015302 0.021230
0 0.399644 0.007222 0.011898 0.013809
0 0.675736 0.605263 0.015362 0.026705
0 0.838133 0.742041 0.016434 0.019124
0 0.575727 0.745117 0.017374 0.021846
0 0.393643 0.039014 0.015195 0.019824
0 0.329682 0.101683 0.016815 0.023735
0 0.307976 0.857154 0.015346 0.019709
0 0.519166 0.717807 0.017034 0.023333
0 0.821549 0.577485 0.015989 0.020403
0 0.483094 0.563012 0.016943 0.021056
0 0.025292 0.895346 0.015303 0.018205
0 0.550870 0.079360 0.014677 0.018454
0 0.213554 0.322409 0.016536 0.021599
0 0.464414 0.633193 0.015937 0.018617
0 0.300383 0.912814 0.018940 0.020670
0 0.233221 0.542866 0.017287 0.020821
0 0.429772 0.678403 0.017396 0.022410
0 0.800069 0.428818 0.016561 0.021663
0 0.870660 0.544119 0.019251 0.022147
0 0.739170 0.524888 0.014597 0.018603
0 0.092693 0.848145 0.018534 0.024368
0 0.900341 0.102791 0.017703 0.023420
0 0.655154 0.864568 0.017014 0.020183
0 0.676357 0.847127 0.015015 0.019180
0 0.613490 0.111568 0.018655 0.020827
0 0.740091 0.589676 0.016089 0.020999
0 0.375451 0.540234 0.013155 0.016838
0 0.677298 0.991942 0.018255 0.015544
0 0.521693 0.346127 0.016957 0.020855
0 0.379196 0.007942 0.016600 0.013553
0 0.751588 0.568111 0.019214 0.021992
0 0.457210 0.263046 0.017648 0.021571
0 0.576212 0.376833 0.017756 0.022275
0 0.162320 0.683010 0.016716 0.023694
0 0.013004 0.504295 0.016709 0.020664
0 0.963026 0.531140 0.018079 0.020812
0 0.681593 0.028091 0.015498 0.019829
0 0.850124 0.066024 0.015545 0.020114
0 0.042449 0.825814 0.016455 0.021338
0 0.795685 0.885241 0.016552 0.021922
0 0.886350 0.937256 0.016705 0.020614
0 0.020265 0.030226 0.014233 0.018432
0 0.711574 0.284888 0.016584 0.020995
0 0.219222 0.514318 0.019852 0.022838
0 0.465111 0.142034 0.015225 0.021588
0 0.006537 0.794995 0.013074 0.020454
0 0.298421 0.102646 0.016211 0.020790
0 0.036848 0.132305 0.013692 0.016824
0 0.144797 0.356677 0.017027 0.021191
0 0.449705 0.879995 0.015198 0.018739
0 0.884117 0.691001 0.019332 0.022330
0 0.190247 0.291516 0.012829 0.015570
0 0.450851 0.006441 0.014866 0.012882
0 0.092974 0.089178 0.015706 0.022165
0 0.233032 0.804812 0.019394 0.024090
0 0.768488 0.987678 0.014110 0.017671
0 0.174561 0.637072 0.013187 0.015756
0 0.950578 0.213831 0.013905 0.017039
0 0.838457 0.987995 0.017073 0.016807
0 0.352364 0.046218 0.015065 0.018007
0 0.339308 0.019808 0.017073 0.020408
0 0.791254 0.280312 0.013056 0.020408