0 0.822011 0.929970 0.025037 0.031476
0 0.799206 0.263870 0.020741 0.026275
0 0.912490 0.883353 0.017214 0.021456
0 0.233773 0.553591 0.020158 0.025926
0 0.919052 0.341913 0.019054 0.023408
0 0.148105 0.914240 0.018707 0.021428
0 0.976525 0.847054 0.019298 0.024212
0 0.701317 0.230202 0.016616 0.019899
0 0.236451 0.738494 0.015460 0.023914
0 0.122564 0.909645 0.017457 0.022371
0 0.913284 0.380467 0.016150 0.020655
0 0.984652 0.506158 0.017369 0.023016
0 0.325618 0.347756 0.018872 0.022934
0 0.046186 0.413432 0.017205 0.021597
0 0.210075 0.741938 0.017071 0.019043
0 0.316734 0.394100 0.017716 0.021410
0 0.067081 0.242714 0.018086 0.021564
0 0.609552 0.320008 0.015930 0.020488
0 0.468948 0.154936 0.018072 0.022663
0 0.395846 0.066369 0.018482 0.023415
0 0.444155 0.312125 0.017559 0.021196
0 0.087073 0.506831 0.019523 0.024915
0 0.673338 0.061288 0.019817 0.025290
0 0.662305 0.301454 0.017139 0.024886
0 0.967745 0.551842 0.017627 0.022146
0 0.638078 0.297770 0.014957 0.018789
0 0.976922 0.290357 0.018412 0.023347
0 0.022734 0.288175 0.019252 0.022705
0 0.532143 0.956705 0.020347 0.023959
0 0.338411 0.243397 0.019774 0.025309
0 0.780227 0.440655 0.019504 0.023254
0 0.451878 0.395813 0.018492 0.023517
0 0.157650 0.105188 0.014852 0.017413
0 0.309294 0.029888 0.017386 0.022068
0 0.871701 0.872903 0.016901 0.020139
0 0.712201 0.325896 0.016990 0.020050
0 0.682626 0.427495 0.020384 0.024955
0 0.245414 0.455974 0.017540 0.022826
0 0.640278 0.043084 0.018055 0.023663
0 0.202311 0.102688 0.018472 0.023191
0 0.594677 0.212051 0.017926 0.022950
0 0.345537 0.145374 0.018235 0.022140
0 0.299009 0.666252 0.018310 0.022073
0 0.159619 0.885360 0.019747 0.025354
0 0.017327 0.790872 0.015776 0.020500
0 0.203400 0.765583 0.016875 0.019790
0 0.768172 0.210427 0.016748 0.018551
0 0.124047 0.799686 0.017593 0.020930
0 0.524978 0.683316 0.017570 0.022878
0 0.410342 0.394250 0.017545 0.020935
0 0.079563 0.896800 0.016635 0.020234
0 0.474245 0.655377 0.017018 0.020010
0 0.310486 0.275730 0.015411 0.018866
0 0.263339 0.736663 0.013883 0.016755
0 0.148878 0.292085 0.022013 0.025840
0 0.480754 0.057673 0.017685 0.021568
0 0.880030 0.415654 0.018582 0.023801
0 0.775310 0.234270 0.017978 0.022191
0 0.928201 0.216822 0.016971 0.021368
0 0.121125 0.702641 0.014051 0.018204
0 0.863741 0.627438 0.019045 0.024963
0 0.557318 0.008316 0.015101 0.014809
0 0.433455 0.430634 0.011279 0.011812
0 0.524102 0.409804 0.019346 0.023487
0 0.021163 0.854549 0.017705 0.022037
0 0.027850 0.175686 0.016351 0.020961
0 0.309817 0.730450 0.017875 0.022069
0 0.794485 0.868371 0.018185 0.023566
0 0.800111 0.080681 0.016481 0.020348
0 0.125040 0.279617 0.018608 0.023099
0 0.067102 0.139924 0.017425 0.021211
0 0.302057 0.153415 0.016738 0.020655
0 0.833068 0.230317 0.016196 0.027318
0 0.823932 0.990773 0.017159 0.015043
0 0.197231 0.917984 0.022924 0.028500
0 0.337912 0.420845 0.015262 0.019638
0 0.335459 0.805450 0.018344 0.021685
0 0.601220 0.151057 0.016200 0.019799
0 0.598474 0.956246 0.014767 0.016403
0 0.710891 0.663608 0.018201 0.021418
0 0.073206 0.304628 0.018344 0.022874
0 0.086532 0.868470 0.017150 0.021073
0 0.636169 0.505051 0.016134 0.021549
0 0.361467 0.549829 0.015843 0.019617
0 0.245652 0.103491 0.015611 0.019782
0 0.330904 0.294425 0.014375 0.018163
0 0.553477 0.146815 0.014008 0.017996
0 0.542856 0.658028 0.016599 0.018160
0 0.269389 0.760215 0.017130 0.020687
0 0.983841 0.574472 0.018117 0.022610
0 0.935252 0.676277 0.018964 0.020949
0 0.267540 0.573868 0.015073 0.018066
0 0.315340 0.241876 0.013931 0.018457
0 0.008513 0.730479 0.017018 0.022587
0 0.991830 0.242607 0.015419 0.015878
0 0.429115 0.668487 0.016889 0.020178
0 0.589887 0.976591 0.018078 0.015606
0 0.110825 0.676471 0.014061 0.018007
0 0.195690 0.007803 0.019082 0.015606
0 0.053076 0.192677 0.015065 0.025210