0 0.703411 0.272411 0.016140 0.021604
0 0.959891 0.846842 0.019042 0.023636
0 0.813933 0.902778 0.015611 0.021689
0 0.414889 0.091723 0.015981 0.018401
0 0.981846 0.964620 0.014381 0.018855
0 0.711771 0.729748 0.017129 0.022807
0 0.350472 0.264171 0.017701 0.022119
0 0.886343 0.743456 0.017502 0.021513
0 0.982945 0.649100 0.017541 0.022280
0 0.719707 0.252193 0.015065 0.019456
0 0.144110 0.150064 0.019719 0.025949
0 0.730347 0.967248 0.015717 0.020994
0 0.962646 0.456673 0.012939 0.020628
0 0.131051 0.485935 0.015661 0.020770
0 0.364304 0.817197 0.015058 0.020499
0 0.923271 0.685804 0.014078 0.017529
0 0.818431 0.780534 0.017295 0.023662
0 0.761438 0.605625 0.014550 0.018409
0 0.416554 0.156984 0.013302 0.017459
0 0.451497 0.858928 0.012315 0.015380
0 0.914833 0.707362 0.013590 0.017940
0 0.806246 0.558161 0.015328 0.019414
0 0.052734 0.076071 0.016508 0.019334
0 0.966251 0.933246 0.013483 0.016874
0 0.144458 0.113633 0.015593 0.018405
0 0.618230 0.516391 0.016372 0.023261
0 0.641171 0.534355 0.016208 0.019679
0 0.906999 0.731535 0.014532 0.020091
0 0.543321 0.456734 0.023558 0.029427
0 0.668144 0.790373 0.014695 0.016611
0 0.938676 0.811578 0.016310 0.020549
0 0.154224 0.486207 0.015857 0.021131
0 0.598225 0.184414 0.015288 0.019087
0 0.312302 0.202457 0.014959 0.019071
0 0.699422 0.761792 0.015173 0.019463
0 0.932359 0.877471 0.014546 0.018545
0 0.819440 0.882590 0.015189 0.016331
0 0.438533 0.440057 0.016486 0.021469
0 0.017073 0.717123 0.014263 0.017547
0 0.433277 0.246246 0.015453 0.020333
0 0.144835 0.696327 0.016914 0.021751
0 0.678924 0.961245 0.016234 0.020002
0 0.786310 0.135772 0.016696 0.020239
0 0.942340 0.330236 0.015611 0.020214
0 0.413130 0.675528 0.018361 0.021936
0 0.844830 0.567690 0.015583 0.020274
0 0.281936 0.808836 0.016095 0.019415
0 0.897193 0.681560 0.014453 0.017884
0 0.944771 0.457160 0.014531 0.019212
0 0.840291 0.415922 0.016223 0.020801
0 0.640152 0.977827 0.014412 0.017508
0 0.164071 0.021708 0.017756 0.021144
0 0.416697 0.551391 0.015812 0.021636
0 0.949521 0.433548 0.013965 0.016102
0 0.796246 0.742819 0.014916 0.019197
0 0.313601 0.532808 0.017746 0.022225
0 0.594402 0.900219 0.017588 0.021597
0 0.276879 0.780399 0.017583 0.020615
0 0.900353 0.465230 0.014701 0.018855
0 0.236946 0.668324 0.015460 0.019017
0 0.671988 0.820646 0.015347 0.019508
0 0.749236 0.962519 0.012465 0.017225
0 0.399077 0.119483 0.014447 0.018656
0 0.329851 0.292024 0.016098 0.020431
0 0.201307 0.745353 0.014780 0.017188
0 0.965341 0.972442 0.014657 0.020314
0 0.752310 0.866663 0.015493 0.018951
0 0.304739 0.578091 0.017865 0.021321
0 0.404365 0.780389 0.015710 0.019059
0 0.945566 0.932399 0.013810 0.017872
0 0.013770 0.123363 0.014065 0.017331
0 0.347050 0.809128 0.014666 0.020116
0 0.215844 0.454336 0.015577 0.019253
0 0.416906 0.854390 0.015623 0.019963
0 0.660751 0.557102 0.016286 0.021858
0 0.733668 0.290341 0.017698 0.022447
0 0.906336 0.387070 0.014405 0.016697
0 0.245840 0.274492 0.017497 0.021567
0 0.603907 0.858385 0.015582 0.021009
0 0.463739 0.484662 0.016334 0.019663
0 0.745630 0.155810 0.015801 0.020130
0 0.579826 0.021370 0.016367 0.021084
0 0.346371 0.729807 0.015262 0.020888
0 0.489187 0.460267 0.015042 0.020030
0 0.135210 0.359943 0.016902 0.020097
0 0.458239 0.295669 0.015729 0.019676
0 0.387623 0.839927 0.014670 0.018603
0 0.845011 0.042753 0.014348 0.017614
0 0.693096 0.714076 0.014222 0.019714
0 0.436133 0.560703 0.015516 0.022424
0 0.153722 0.444335 0.014841 0.017773
0 0.359327 0.468105 0.017121 0.021106
0 0.234118 0.310898 0.018338 0.023738
0 0.814397 0.272520 0.015917 0.019535
0 0.792676 0.843600 0.015013 0.020499
0 0.851546 0.871624 0.017871 0.018312
0 0.775632 0.570711 0.015302 0.017267
0 0.753715 0.270209 0.014443 0.014063
0 0.189751 0.470201 0.011368 0.013080
0 0.557948 0.317323 0.018214 0.023305
0 0.244950 0.518114 0.018857 0.021373
0 0.555102 0.981732 0.014928 0.019579
0 0.441752 0.614894 0.014138 0.017523
0 0.799185 0.823548 0.015094 0.017594
0 0.943793 0.296258 0.015699 0.018993
0 0.295446 0.283446 0.015966 0.017277
0 0.311702 0.101929 0.015826 0.018314
0 0.938528 0.514358 0.016573 0.020391
0 0.627713 0.279736 0.014925 0.019008
0 0.347919 0.543375 0.015192 0.018163
0 0.698905 0.248906 0.012193 0.014176
0 0.251001 0.137566 0.013657 0.017408
0 0.302987 0.052919 0.015973 0.019230
0 0.621039 0.055741 0.015352 0.019425
0 0.249703 0.386139 0.016590 0.021360
0 0.224731 0.364858 0.015765 0.018237
0 0.477669 0.306188 0.014582 0.018168
0 0.906150 0.792380 0.014152 0.017504
0 0.939894 0.102041 0.011048 0.014406
0 0.776691 0.460984 0.016069 0.019208