0 0.703600 0.272945 0.016796 0.022182
0 0.834870 0.880539 0.016792 0.020422
0 0.945765 0.328933 0.020482 0.026037
0 0.563884 0.524171 0.022744 0.030810
0 0.454442 0.890180 0.011953 0.014663
0 0.768003 0.663112 0.014242 0.017988
0 0.806065 0.558685 0.015498 0.019729
0 0.352514 0.316581 0.017543 0.021681
0 0.640694 0.576705 0.017300 0.021484
0 0.916438 0.751113 0.014455 0.018144
0 0.433490 0.247592 0.014356 0.018578
0 0.720765 0.252851 0.015172 0.020375
0 0.750731 0.963480 0.013669 0.017962
0 0.603393 0.084761 0.015620 0.021051
0 0.932520 0.878439 0.015374 0.019269
0 0.764522 0.812715 0.018755 0.022278
0 0.292328 0.804874 0.019414 0.021921
0 0.665434 0.603665 0.017549 0.021330
0 0.752161 0.868469 0.014838 0.019081
0 0.304123 0.579371 0.018170 0.019987
0 0.598249 0.182364 0.016362 0.023353
0 0.155363 0.211989 0.020005 0.026871
0 0.649582 0.990137 0.014034 0.014939
0 0.858871 0.876354 0.015378 0.023206
0 0.944005 0.742357 0.015598 0.018759
0 0.016488 0.854276 0.015711 0.020146
0 0.738318 0.979359 0.013182 0.017437
0 0.981759 0.554631 0.015860 0.020561
0 0.244821 0.518596 0.016204 0.020544
0 0.894421 0.690050 0.015252 0.019079
0 0.843356 0.569726 0.016361 0.021222
0 0.164654 0.022570 0.018833 0.021909
0 0.150065 0.538812 0.015314 0.018414
0 0.060053 0.145867 0.016127 0.019495
0 0.249763 0.387320 0.015176 0.019658
0 0.944975 0.456483 0.017560 0.020245
0 0.784136 0.034581 0.014035 0.017071
0 0.386708 0.842330 0.014279 0.018790
0 0.983254 0.486983 0.014963 0.017635
0 0.348121 0.544150 0.016043 0.018838
0 0.487397 0.459450 0.017754 0.022108
0 0.168611 0.513409 0.016286 0.020932
0 0.900429 0.778594 0.018886 0.022619
0 0.775095 0.570357 0.015286 0.018156
0 0.801954 0.232946 0.016779 0.019837
0 0.344357 0.572855 0.015935 0.020100
0 0.322156 0.551039 0.015901 0.019497
0 0.947028 0.115009 0.015664 0.018684
0 0.145795 0.753967 0.015897 0.019452
0 0.678558 0.960942 0.015967 0.019837
0 0.013546 0.747860 0.016335 0.021517
0 0.237581 0.669700 0.016452 0.019515
0 0.416322 0.550999 0.016486 0.020975
0 0.135945 0.359539 0.017040 0.021090
0 0.939638 0.811814 0.016202 0.020365
0 0.697785 0.682484 0.016441 0.021204
0 0.621596 0.059610 0.015562 0.018481
0 0.452766 0.598184 0.017118 0.022817
0 0.603176 0.860586 0.017981 0.022329
0 0.738592 0.896702 0.015079 0.016508
0 0.854624 0.970408 0.014014 0.017543
0 0.666940 0.361548 0.016265 0.018225
0 0.946900 0.294750 0.018896 0.021857
0 0.865109 0.987164 0.016537 0.017717
0 0.691093 0.713463 0.016820 0.019971
0 0.413287 0.092838 0.018111 0.021380
0 0.176505 0.758656 0.013633 0.017278
0 0.430907 0.430977 0.016850 0.020942
0 0.047717 0.850685 0.014504 0.019319
0 0.150596 0.445515 0.019386 0.024674
0 0.638366 0.962093 0.016425 0.019871
0 0.029126 0.181816 0.014264 0.017976
0 0.330993 0.291454 0.015476 0.019647
0 0.698914 0.762325 0.016323 0.021768
0 0.555930 0.319173 0.018780 0.023432
0 0.899146 0.466604 0.016813 0.019234
0 0.216904 0.452360 0.016475 0.019700
0 0.301512 0.051907 0.016175 0.020615
0 0.360271 0.469060 0.016523 0.018983
0 0.723654 0.881052 0.015310 0.019231
0 0.499609 0.554667 0.018052 0.022259
0 0.438428 0.618346 0.019453 0.021499
0 0.365954 0.007715 0.015524 0.013972
0 0.820875 0.208082 0.016808 0.020217
0 0.697014 0.055395 0.015737 0.019717
0 0.295536 0.126732 0.016063 0.019952
0 0.721459 0.986595 0.016013 0.018996
0 0.323128 0.908661 0.015639 0.017820
0 0.079330 0.251728 0.015924 0.020621
0 0.476069 0.307172 0.014946 0.018904
0 0.765362 0.302836 0.017261 0.018693
0 0.910056 0.103584 0.016547 0.019146
0 0.232507 0.315029 0.020283 0.023347
0 0.655513 0.383878 0.014864 0.018155
0 0.349228 0.135668 0.014747 0.018776
0 0.684219 0.287314 0.014141 0.019961
0 0.285548 0.218617 0.013842 0.017298
0 0.746097 0.279860 0.017632 0.020390
0 0.269567 0.334429 0.017368 0.022525
0 0.825261 0.362138 0.017748 0.020310
0 0.906989 0.730860 0.015666 0.018637
0 0.421767 0.468920 0.014630 0.019429
0 0.344990 0.261716 0.016652 0.019602
0 0.424364 0.152229 0.016361 0.019060
0 0.434719 0.862545 0.013056 0.020408
0 0.417645 0.861945 0.013056 0.019208
0 0.554736 0.984994 0.018078 0.022809
0 0.961989 0.975390 0.015065 0.018007
0 0.975045 0.954982 0.019082 0.015606
0 0.984084 0.987395 0.017073 0.020408
0 0.446771 0.225690 0.013056 0.019208
0 0.219292 0.877551 0.020086 0.021609
0 0.828916 0.832533 0.020086 0.018007
0 0.797782 0.825930 0.016069 0.019208
0 0.358390 0.826531 0.017073 0.018007
0 0.349352 0.733493 0.017073 0.016807
0 0.435221 0.752701 0.016069 0.019208