0 0.624459 0.944785 0.019240 0.025421
0 0.467655 0.051788 0.015626 0.021006
0 0.505251 0.102871 0.017627 0.021544
0 0.010164 0.286547 0.017307 0.019648
0 0.279737 0.384974 0.019833 0.025139
0 0.130678 0.231091 0.017053 0.022418
0 0.514420 0.231824 0.020395 0.026458
0 0.833783 0.296300 0.018923 0.021818
0 0.718836 0.209740 0.017796 0.021534
0 0.764413 0.948102 0.016537 0.021428
0 0.753876 0.822907 0.018842 0.022629
0 0.465124 0.678718 0.016070 0.020966
0 0.214931 0.954052 0.013734 0.017940
0 0.247704 0.469453 0.019239 0.024589
0 0.790941 0.680101 0.016093 0.021450
0 0.190645 0.669751 0.017284 0.021182
0 0.133534 0.178619 0.020742 0.025346
0 0.115761 0.489250 0.016291 0.021411
0 0.652403 0.932457 0.013137 0.015262
0 0.541716 0.927442 0.016758 0.022080
0 0.072855 0.928672 0.016865 0.020793
0 0.009469 0.031294 0.015856 0.017888
0 0.797355 0.778798 0.017726 0.022085
0 0.614498 0.652114 0.016026 0.020864
0 0.599591 0.627067 0.014289 0.018408
0 0.721019 0.913086 0.016019 0.021988
0 0.212723 0.224843 0.017453 0.021354
0 0.383734 0.087558 0.016642 0.022857
0 0.784211 0.934021 0.016436 0.019062
0 0.358147 0.862866 0.017253 0.019935
0 0.902336 0.175086 0.014320 0.016130
0 0.095066 0.672642 0.016198 0.020871
0 0.324943 0.107109 0.014701 0.020097
0 0.566842 0.625495 0.014471 0.019629
0 0.381833 0.648052 0.015667 0.019885
0 0.815709 0.869883 0.018089 0.021274
0 0.314594 0.079297 0.017575 0.022829
0 0.808386 0.649810 0.016570 0.019267
0 0.033337 0.932660 0.016862 0.022124
0 0.833446 0.735627 0.012740 0.016578
0 0.239432 0.928204 0.015715 0.020117
0 0.299867 0.274267 0.016418 0.021311
0 0.136256 0.527611 0.014885 0.017723
0 0.966237 0.310062 0.018483 0.024301
0 0.503521 0.063352 0.018697 0.023347
0 0.349391 0.390513 0.015225 0.017639
0 0.736619 0.542530 0.016025 0.021399
0 0.081529 0.710210 0.012012 0.016833
0 0.308029 0.567713 0.017689 0.027406
0 0.565139 0.878345 0.017207 0.020563
0 0.846008 0.892044 0.014277 0.017999
0 0.053447 0.193257 0.020349 0.021650
0 0.530761 0.433478 0.017555 0.020062
0 0.654602 0.679378 0.016032 0.020236
0 0.735905 0.172040 0.018080 0.020727
0 0.932339 0.895557 0.014410 0.018917
0 0.656936 0.218426 0.017162 0.020554
0 0.863110 0.318262 0.016627 0.021140
0 0.048540 0.515306 0.020288 0.020858
0 0.062705 0.042022 0.015427 0.021960
0 0.691940 0.411486 0.013144 0.016530
0 0.969350 0.698776 0.014827 0.017227
0 0.264486 0.054022 0.016069 0.016807
0 0.295620 0.049820 0.014061 0.013205
0 0.275032 0.087635 0.015065 0.019208
0 0.720449 0.075630 0.014061 0.014406
0 0.453801 0.774310 0.019082 0.016807
0 0.074167 0.216687 0.015065 0.018007
0 0.328763 0.043818 0.016069 0.018007
0 0.465351 0.105642 0.016069 0.021609
0 0.411620 0.554022 0.013056 0.018007
0 0.102790 0.548019 0.014061 0.013205
0 0.186149 0.391357 0.014061 0.016807
0 0.109318 0.227491 0.015065 0.018007
0 0.045042 0.162065 0.017073 0.016807
0 0.744051 0.566627 0.019082 0.014406
0 0.742544 0.592437 0.020086 0.022809
0 0.699860 0.665666 0.017073 0.020408
0 0.696345 0.905162 0.014061 0.019208
0 0.070652 0.805522 0.014061 0.014406
0 0.253439 0.951981 0.014061 0.014406
0 0.055085 0.908764 0.015065 0.021609
0 0.014410 0.956783 0.018078 0.024010
0 0.676259 0.605042 0.018078 0.016807
0 0.294616 0.100840 0.014061 0.016807
0 0.045042 0.109844 0.017073 0.015606
0 0.040522 0.079832 0.014061 0.018007
0 0.017423 0.058223 0.018078 0.018007
0 0.842474 0.557023 0.015065 0.016807
0 0.824899 0.578031 0.016069 0.018007
0 0.590891 0.700480 0.016069 0.020408
0 0.847998 0.104442 0.014061 0.016807
0 0.889677 0.672869 0.013056 0.015606
0 0.925833 0.842137 0.017073 0.022809
0 0.985590 0.915966 0.012052 0.014406
0 0.736016 0.935774 0.013056 0.015606
0 0.356382 0.090036 0.015065 0.014406
0 0.112833 0.276110 0.016069 0.012005
0 0.573818 0.658463 0.014061 0.013205