0 0.152965 0.890698 0.019513 0.025050
0 0.788998 0.251002 0.018726 0.026040
0 0.911732 0.883634 0.016647 0.020702
0 0.778588 0.844951 0.023301 0.028822
0 0.232687 0.554298 0.018661 0.023876
0 0.150591 0.922854 0.019623 0.022799
0 0.850831 0.255608 0.018733 0.025248
0 0.010386 0.257538 0.018525 0.023381
0 0.234970 0.740197 0.016030 0.022320
0 0.125914 0.908842 0.016765 0.022194
0 0.863999 0.319437 0.016307 0.021298
0 0.625110 0.321928 0.018926 0.023259
0 0.157649 0.835041 0.020688 0.027427
0 0.771272 0.233764 0.016001 0.020294
0 0.326179 0.111721 0.017606 0.021790
0 0.790658 0.871733 0.019596 0.024607
0 0.923640 0.380997 0.016988 0.022093
0 0.030298 0.940443 0.017773 0.024492
0 0.974822 0.290170 0.018035 0.023450
0 0.683398 0.278547 0.014898 0.019603
0 0.164772 0.742695 0.016278 0.022523
0 0.867270 0.875619 0.017377 0.020296
0 0.429760 0.282346 0.018784 0.021599
0 0.328800 0.208989 0.021253 0.024001
0 0.211199 0.741943 0.016038 0.020844
0 0.264971 0.632264 0.018316 0.022045
0 0.892598 0.688314 0.020274 0.025685
0 0.282237 0.547088 0.016770 0.021696
0 0.044941 0.412822 0.017297 0.020153
0 0.085654 0.504785 0.019256 0.022711
0 0.274967 0.009981 0.016665 0.018655
0 0.054420 0.816238 0.017214 0.021068
0 0.302250 0.151154 0.016868 0.020896
0 0.549539 0.147749 0.014463 0.016416
0 0.653282 0.274512 0.020957 0.023113
0 0.916546 0.469791 0.016542 0.020223
0 0.305305 0.704968 0.015927 0.020325
0 0.311461 0.273804 0.015832 0.019376
0 0.941894 0.477794 0.015542 0.021185
0 0.057445 0.207392 0.017937 0.021032
0 0.429214 0.540435 0.017331 0.021275
0 0.413580 0.337654 0.019011 0.021323
0 0.961759 0.016547 0.020327 0.024412
0 0.299361 0.335499 0.017109 0.021518
0 0.083868 0.948437 0.017243 0.023033
0 0.370823 0.038119 0.017018 0.022730
0 0.799621 0.080765 0.016262 0.019088
0 0.262990 0.575248 0.015856 0.018384
0 0.139986 0.257328 0.017283 0.024547
0 0.102141 0.542588 0.018920 0.022516
0 0.582527 0.256701 0.017965 0.020794
0 0.606949 0.013382 0.017394 0.023689
0 0.432466 0.669403 0.014235 0.018645
0 0.286277 0.731831 0.015175 0.020114
0 0.522080 0.406533 0.017937 0.022011
0 0.823453 0.983041 0.019403 0.021202
0 0.488611 0.818990 0.018162 0.023276
0 0.659466 0.169729 0.015328 0.019866
0 0.633577 0.028436 0.020277 0.024659
0 0.006068 0.730389 0.012135 0.020755
0 0.866445 0.622881 0.019457 0.022401
0 0.297378 0.870053 0.018372 0.022791
0 0.600050 0.152279 0.015253 0.019958
0 0.880808 0.420329 0.019427 0.024261
0 0.055666 0.165952 0.018347 0.023355
0 0.541431 0.655454 0.015711 0.020628
0 0.543319 0.169626 0.014851 0.019072
0 0.717098 0.335679 0.019263 0.022974
0 0.312707 0.390080 0.016730 0.020565
0 0.660623 0.554080 0.015685 0.020571
0 0.219057 0.044944 0.014272 0.017895
0 0.327791 0.407624 0.014659 0.018310
0 0.125087 0.794747 0.016804 0.020853
0 0.929372 0.202268 0.017267 0.021041
0 0.576218 0.973658 0.016534 0.020501
0 0.768375 0.205982 0.017126 0.021981
0 0.508145 0.632415 0.017902 0.022111
0 0.332010 0.468111 0.014614 0.018939
0 0.122958 0.279809 0.016775 0.022616
0 0.328463 0.292558 0.015263 0.019326
0 0.990491 0.243705 0.016964 0.017147
0 0.083460 0.873438 0.015280 0.019502
0 0.453967 0.018819 0.018268 0.024101
0 0.439148 0.105911 0.016445 0.020091
0 0.069675 0.282623 0.018953 0.023047
0 0.297629 0.254502 0.016069 0.019208
0 0.373455 0.357143 0.013056 0.015606
0 0.380486 0.449580 0.017073 0.018007
0 0.382996 0.470588 0.014061 0.014406
0 0.242893 0.457383 0.015065 0.014406
0 0.172088 0.072029 0.016069 0.014406
0 0.135431 0.090036 0.013056 0.019208
0 0.051570 0.132653 0.016069 0.018007
0 0.021942 0.180072 0.017073 0.016807
0 0.640605 0.300120 0.015065 0.014406
0 0.262980 0.739496 0.013056 0.014406
0 0.539169 0.829532 0.015065 0.016807
0 0.634077 0.507803 0.014061 0.016807
0 0.316209 0.240096 0.015065 0.016807
0 0.527619 0.849940 0.016069 0.019208
0 0.122877 0.580432 0.012052 0.018007