0 0.723338 0.051572 0.022549 0.028551
0 0.767915 0.361035 0.026697 0.031967
0 0.054342 0.536573 0.024819 0.026887
0 0.275573 0.482504 0.022201 0.026876
0 0.543602 0.977369 0.025161 0.030578
0 0.312857 0.395497 0.019199 0.024272
0 0.797185 0.862145 0.022253 0.030440
0 0.576852 0.125589 0.018174 0.023122
0 0.319205 0.431291 0.017963 0.022316
0 0.208178 0.015272 0.017003 0.020550
0 0.035359 0.480788 0.016542 0.020116
0 0.067774 0.490259 0.018350 0.021406
0 0.473478 0.023444 0.017790 0.021687
0 0.384527 0.955936 0.014906 0.019014
0 0.088953 0.123406 0.022780 0.028009
0 0.516534 0.096636 0.019996 0.025591
0 0.128066 0.893045 0.018787 0.022954
0 0.351713 0.639306 0.019480 0.023422
0 0.107285 0.830326 0.018146 0.022842
0 0.750099 0.235733 0.023876 0.027284
0 0.317773 0.243717 0.017271 0.022857
0 0.745148 0.452651 0.021895 0.025407
0 0.029391 0.455724 0.017594 0.018533
0 0.848520 0.662634 0.020394 0.024350
0 0.280189 0.342705 0.020417 0.025854
0 0.944886 0.066177 0.024194 0.026899
0 0.749736 0.087037 0.018298 0.021490
0 0.340578 0.988932 0.017732 0.017987
0 0.045600 0.368145 0.018476 0.023182
0 0.341254 0.250391 0.016695 0.022067
0 0.334428 0.836188 0.019127 0.022772
0 0.140781 0.477238 0.018613 0.021218
0 0.920813 0.675137 0.021165 0.024736
0 0.340576 0.415688 0.017141 0.022589
0 0.875860 0.942596 0.022242 0.025672
0 0.277464 0.245784 0.018762 0.023571
0 0.044579 0.770449 0.017271 0.021586
0 0.225317 0.747250 0.019265 0.025355
0 0.970791 0.509295 0.021342 0.024421
0 0.145464 0.503047 0.017470 0.022818
0 0.318244 0.730968 0.019411 0.024950
0 0.407091 0.016123 0.020335 0.024280
0 0.874750 0.682125 0.019800 0.022903
0 0.623170 0.646601 0.020137 0.024047
0 0.199001 0.723643 0.017615 0.022107
0 0.586082 0.473687 0.019926 0.023793
0 0.607551 0.676870 0.017202 0.020542
0 0.543810 0.408462 0.018530 0.022384
0 0.750101 0.057337 0.018256 0.023315
0 0.638875 0.917698 0.019472 0.025804
0 0.085796 0.821862 0.016542 0.021179
0 0.495944 0.012144 0.019038 0.021367
0 0.366115 0.981197 0.017219 0.022574
0 0.764327 0.599478 0.018139 0.022771
0 0.279727 0.523662 0.017828 0.023949
0 0.369287 0.943074 0.015465 0.021043
0 0.656431 0.244274 0.021277 0.025710
0 0.579779 0.311501 0.019585 0.023844
0 0.736410 0.938828 0.017830 0.021493
0 0.618754 0.618347 0.022342 0.025464
0 0.977682 0.569358 0.020857 0.024644
0 0.204496 0.831897 0.016794 0.022978
0 0.841342 0.565388 0.017882 0.022656
0 0.483299 0.771714 0.017211 0.019781
0 0.715220 0.737308 0.022466 0.025890
0 0.945084 0.429842 0.021143 0.024144
0 0.215261 0.045250 0.017204 0.022343
0 0.984481 0.660124 0.018297 0.023341
0 0.412476 0.101195 0.018808 0.025367
0 0.877351 0.599922 0.019380 0.023127
0 0.029792 0.269860 0.017526 0.022064
0 0.019595 0.498219 0.017061 0.021684
0 0.837358 0.988765 0.019586 0.018033
0 0.457479 0.578892 0.017704 0.022712
0 0.235479 0.270414 0.016260 0.022353
0 0.064833 0.944703 0.018072 0.023877
0 0.342313 0.308040 0.017439 0.023050
0 0.928388 0.877274 0.020341 0.025390
0 0.706599 0.971233 0.018120 0.021971
0 0.833377 0.817173 0.019885 0.023045
0 0.247951 0.243681 0.018290 0.022287
0 0.290884 0.085848 0.016358 0.023440
0 0.770234 0.177908 0.018516 0.022963
0 0.870322 0.325916 0.024987 0.028244
0 0.488868 0.891238 0.019098 0.023135
0 0.778858 0.259247 0.017966 0.023019
0 0.284121 0.829531 0.018319 0.023307
0 0.372448 0.352006 0.018498 0.023669
0 0.428956 0.702259 0.019142 0.023712
0 0.706119 0.888283 0.017418 0.022054
0 0.397386 0.652929 0.018062 0.021346
0 0.457062 0.526021 0.017439 0.022307
0 0.354601 0.119750 0.017878 0.022331
0 0.583822 0.736507 0.020309 0.025788
0 0.441617 0.804297 0.020165 0.024701
0 0.556076 0.447627 0.017632 0.022168
0 0.482716 0.749601 0.016859 0.019535
0 0.650751 0.121662 0.019868 0.023565
0 0.505684 0.446530 0.018213 0.025331
0 0.605068 0.095245 0.018087 0.025858
0 0.237813 0.339299 0.018109 0.022121
0 0.729592 0.597524 0.019156 0.023631
0 0.162060 0.242131 0.018146 0.022366
0 0.494042 0.150131 0.019255 0.023482
0 0.903242 0.426534 0.020296 0.024532
0 0.720893 0.430906 0.018896 0.023688
0 0.874341 0.719283 0.020233 0.023189
0 0.589134 0.561707 0.020056 0.025159
0 0.677135 0.025530 0.016973 0.020509
0 0.440159 0.223544 0.019630 0.024356
0 0.774474 0.835489 0.017143 0.019796
0 0.448058 0.162978 0.016314 0.022110
0 0.411446 0.571617 0.018569 0.024097
0 0.645600 0.523283 0.017930 0.021073
0 0.866965 0.141032 0.020348 0.024354
0 0.977096 0.961622 0.019855 0.024120
0 0.940760 0.188079 0.018333 0.021404
0 0.855764 0.636724 0.019141 0.022338
0 0.192467 0.215595 0.016254 0.017863
0 0.323804 0.594092 0.015308 0.017741
0 0.450353 0.465034 0.014820 0.019105
0 0.472023 0.850885 0.015017 0.019160