0 0.813628 0.870213 0.018630 0.023826
0 0.421836 0.555424 0.014868 0.018306
0 0.840197 0.352957 0.019700 0.024098
0 0.114761 0.488253 0.017744 0.022791
0 0.624446 0.944922 0.018841 0.025569
0 0.727165 0.235917 0.017389 0.023897
0 0.279729 0.383981 0.019021 0.024544
0 0.133411 0.177815 0.021010 0.026244
0 0.521756 0.264157 0.019158 0.022004
0 0.492648 0.109992 0.015925 0.019752
0 0.617810 0.680720 0.018429 0.022035
0 0.091641 0.680165 0.015790 0.019196
0 0.449645 0.767510 0.017728 0.022031
0 0.817188 0.845759 0.018921 0.018925
0 0.989125 0.643790 0.016342 0.019949
0 0.236100 0.710128 0.016249 0.022116
0 0.511670 0.962898 0.021193 0.028639
0 0.681353 0.270698 0.018043 0.020323
0 0.033490 0.931399 0.016578 0.021688
0 0.094842 0.809834 0.015107 0.018990
0 0.129209 0.230285 0.015592 0.018794
0 0.088021 0.356199 0.018897 0.021861
0 0.512700 0.008780 0.016258 0.014960
0 0.873236 0.356276 0.018581 0.021011
0 0.333752 0.606904 0.016824 0.024425
0 0.509700 0.142541 0.019407 0.024488
0 0.827704 0.797875 0.017272 0.021650
0 0.743482 0.017917 0.020360 0.025072
0 0.972246 0.351037 0.020707 0.025730
0 0.993999 0.943739 0.012001 0.021921
0 0.981860 0.712207 0.015689 0.018284
0 0.268571 0.092562 0.014181 0.019478
0 0.794908 0.704811 0.016286 0.021475
0 0.463000 0.334895 0.014783 0.017710
0 0.135337 0.122507 0.013018 0.015738
0 0.600898 0.654872 0.016790 0.020117
0 0.065759 0.245287 0.018038 0.021173
0 0.063640 0.204492 0.015235 0.020458
0 0.728690 0.933367 0.017383 0.023581
0 0.529161 0.118023 0.016778 0.019288
0 0.057620 0.545413 0.018090 0.021484
0 0.309681 0.079832 0.014061 0.018007
0 0.305663 0.055822 0.016069 0.015606
0 0.310183 0.019208 0.017073 0.019208
0 0.326754 0.101441 0.012052 0.015606
0 0.060106 0.045618 0.019082 0.014406
0 0.042029 0.107443 0.013056 0.013205
0 0.108314 0.055222 0.011048 0.014406
0 0.208746 0.226891 0.013056 0.016807
0 0.248417 0.471188 0.018078 0.018007
0 0.223309 0.489196 0.020086 0.022809
0 0.528623 0.434574 0.016069 0.014406
0 0.380988 0.651261 0.016069 0.013205
0 0.319222 0.948379 0.021091 0.019208
0 0.439741 0.898559 0.017073 0.018007
0 0.554233 0.948980 0.017073 0.015606
0 0.689817 0.647659 0.013056 0.013205
0 0.703375 0.687275 0.016069 0.020408
0 0.655670 0.676471 0.013056 0.013205
0 0.518580 0.297719 0.016069 0.016807
0 0.492970 0.272509 0.015065 0.019208
0 0.388520 0.087035 0.019082 0.015606
0 0.327759 0.038415 0.014061 0.019208
0 0.294114 0.105042 0.015065 0.013205
0 0.271516 0.131453 0.018078 0.020408
0 0.135933 0.072029 0.012052 0.014406
0 0.037007 0.078031 0.021091 0.016807
0 0.017423 0.052821 0.018078 0.021609
0 0.116851 0.965186 0.018078 0.021609
0 0.040522 0.973589 0.016069 0.016807
0 0.047552 0.891357 0.014061 0.015606
0 0.076176 0.917167 0.017073 0.016807
0 0.326252 0.821729 0.019082 0.018007
0 0.370442 0.571429 0.017073 0.016807
0 0.170582 0.467587 0.017073 0.018007
0 0.222305 0.429172 0.014061 0.018007
0 0.482424 0.145858 0.020086 0.022809
0 0.734007 0.548019 0.017073 0.020408
0 0.803306 0.404562 0.015065 0.016807
0 0.807825 0.679472 0.016069 0.016807
0 0.789245 0.939976 0.019082 0.019208
0 0.766146 0.950780 0.017073 0.019208
0 0.687306 0.971789 0.016069 0.018007
0 0.568294 0.627251 0.019082 0.022809
0 0.701367 0.588836 0.016069 0.020408
0 0.820881 0.621849 0.014061 0.019208
0 0.121370 0.260504 0.017073 0.016807
0 0.103794 0.290516 0.018078 0.019208
0 0.170080 0.556423 0.016069 0.015606
0 0.105803 0.551020 0.014061 0.021609