0 0.704038 0.273045 0.016371 0.021295
0 0.165564 0.023040 0.017030 0.020789
0 0.304425 0.579852 0.018439 0.021517
0 0.599901 0.097964 0.018365 0.019621
0 0.828894 0.595408 0.015462 0.019241
0 0.947566 0.329122 0.020239 0.025517
0 0.013765 0.314050 0.018976 0.021542
0 0.149847 0.557088 0.015416 0.019167
0 0.234150 0.314467 0.019516 0.024588
0 0.362025 0.824403 0.014538 0.018403
0 0.175665 0.548324 0.016022 0.020928
0 0.249116 0.387757 0.015848 0.020946
0 0.720085 0.253693 0.015560 0.021142
0 0.939441 0.812920 0.016330 0.020226
0 0.794417 0.864452 0.020081 0.021906
0 0.317776 0.551693 0.016058 0.020340
0 0.656458 0.601191 0.017600 0.022383
0 0.360023 0.334685 0.017054 0.021201
0 0.174925 0.257990 0.020270 0.025433
0 0.463140 0.261754 0.013655 0.017463
0 0.851048 0.918161 0.017694 0.021381
0 0.463057 0.939568 0.012618 0.015141
0 0.062661 0.155007 0.016023 0.019325
0 0.560055 0.520938 0.027997 0.034923
0 0.360123 0.470611 0.017359 0.022753
0 0.709509 0.728411 0.016670 0.022498
0 0.169749 0.811387 0.015949 0.021296
0 0.237589 0.669469 0.015522 0.019786
0 0.775411 0.904004 0.015752 0.019279
0 0.079863 0.251127 0.015578 0.019777
0 0.730298 0.882877 0.015054 0.017557
0 0.037209 0.787330 0.016855 0.020819
0 0.008822 0.250678 0.015408 0.017847
0 0.907928 0.704886 0.015119 0.018242
0 0.432906 0.754569 0.016264 0.021956
0 0.150162 0.444898 0.017246 0.022834
0 0.597909 0.183322 0.017284 0.022514
0 0.682202 0.654616 0.017700 0.021878
0 0.890170 0.937939 0.017896 0.022140
0 0.356862 0.284861 0.015327 0.019989
0 0.965638 0.459691 0.014484 0.019579
0 0.678792 0.960994 0.016123 0.020613
0 0.434240 0.433560 0.016179 0.020219
0 0.218147 0.453657 0.016725 0.019439
0 0.931549 0.877965 0.014160 0.019639
0 0.332576 0.293185 0.014862 0.018787
0 0.687894 0.713374 0.018073 0.025145
0 0.348896 0.943886 0.015679 0.019538
0 0.554805 0.316460 0.019630 0.024079
0 0.416050 0.552390 0.017754 0.021903
0 0.945189 0.295021 0.018467 0.020880
0 0.384522 0.840450 0.016008 0.018369
0 0.145494 0.114955 0.014454 0.018221
0 0.295732 0.810419 0.018086 0.023458
0 0.964377 0.139019 0.014520 0.018335
0 0.044174 0.384940 0.014202 0.018997
0 0.832230 0.233172 0.016694 0.019913
0 0.433641 0.245207 0.014783 0.019082
0 0.900768 0.777763 0.020476 0.023357
0 0.527950 0.577419 0.018288 0.022100
0 0.899880 0.466998 0.015569 0.018381
0 0.945196 0.457315 0.014744 0.019305
0 0.301770 0.051625 0.016103 0.021308
0 0.470173 0.614277 0.016419 0.020246
0 0.487913 0.458998 0.016911 0.021388
0 0.742448 0.902096 0.014070 0.018668
0 0.415326 0.093176 0.016336 0.022841
0 0.244052 0.519228 0.017102 0.020876
0 0.235745 0.928669 0.015865 0.019832
0 0.846803 0.271282 0.016947 0.022402
0 0.348316 0.730533 0.017413 0.020526
0 0.603807 0.860179 0.017469 0.022267
0 0.692689 0.408333 0.015722 0.018433
0 0.312329 0.106949 0.016350 0.019833
0 0.425585 0.284450 0.014053 0.017976
0 0.044450 0.212744 0.015433 0.019159
0 0.855659 0.867604 0.015211 0.019183
0 0.136182 0.358812 0.017653 0.022606
0 0.684034 0.287913 0.014906 0.018480
0 0.789964 0.330457 0.015736 0.020617
0 0.793292 0.603774 0.015536 0.019751
0 0.477772 0.308555 0.016450 0.019791
0 0.349159 0.543768 0.016123 0.020118
0 0.083357 0.569749 0.014268 0.017645
0 0.912608 0.751276 0.015560 0.018326
0 0.907021 0.731693 0.015085 0.019084
0 0.961807 0.180711 0.013320 0.016598
0 0.853802 0.569745 0.015998 0.019794
0 0.065266 0.907758 0.014950 0.018686
0 0.424161 0.149809 0.015627 0.020116
0 0.291175 0.383815 0.016025 0.022092
0 0.975419 0.192745 0.015351 0.019484
0 0.799518 0.822802 0.015911 0.019463
0 0.954961 0.765358 0.015704 0.020186
0 0.033824 0.897284 0.016064 0.019571
0 0.067964 0.491789 0.015899 0.019158
0 0.747273 0.279005 0.017726 0.020908
0 0.854376 0.394630 0.015827 0.020539
0 0.779883 0.458202 0.017397 0.021907
0 0.227507 0.367320 0.016406 0.019053
0 0.337891 0.584511 0.014669 0.019791
0 0.964217 0.971177 0.018069 0.023162
0 0.620369 0.059845 0.017359 0.020571
0 0.695090 0.057689 0.017045 0.020346
0 0.439210 0.618451 0.018007 0.021971
0 0.293100 0.131064 0.019063 0.019845
0 0.423464 0.470195 0.014136 0.017083
0 0.558753 0.982593 0.020086 0.022809
0 0.753089 0.653061 0.015065 0.019208
0 0.776189 0.683673 0.013056 0.018007
0 0.430200 0.870348 0.014061 0.014406
0 0.418650 0.855942 0.011048 0.016807
0 0.796275 0.061825 0.013056 0.015606