0 0.559464 0.520380 0.023927 0.029180
0 0.512122 0.033720 0.015678 0.018607
0 0.165816 0.012940 0.020533 0.021732
0 0.438003 0.110529 0.017200 0.025539
0 0.213383 0.316147 0.020696 0.024876
0 0.422981 0.844375 0.017559 0.020612
0 0.904921 0.770537 0.019523 0.022967
0 0.826620 0.861343 0.017749 0.023198
0 0.413248 0.105939 0.019036 0.023737
0 0.514950 0.881097 0.017965 0.024796
0 0.421368 0.146830 0.017914 0.023435
0 0.937979 0.917214 0.020282 0.026859
0 0.141352 0.358762 0.017869 0.021505
0 0.851299 0.565804 0.019969 0.023800
0 0.702043 0.051752 0.017701 0.022014
0 0.316802 0.607993 0.017578 0.023637
0 0.481498 0.526774 0.018672 0.022918
0 0.438165 0.743585 0.016369 0.019468
0 0.607857 0.174742 0.016569 0.020542
0 0.900410 0.721279 0.019468 0.023124
0 0.552687 0.470141 0.017116 0.019991
0 0.252000 0.514639 0.018883 0.024412
0 0.979315 0.855748 0.016773 0.020358
0 0.686967 0.706887 0.018344 0.023185
0 0.487133 0.458808 0.017284 0.022526
0 0.945693 0.447916 0.019456 0.023154
0 0.314219 0.122706 0.014192 0.017966
0 0.563858 0.098481 0.014689 0.018072
0 0.409498 0.229165 0.017528 0.021518
0 0.941228 0.325299 0.017898 0.022092
0 0.249330 0.380652 0.016162 0.020850
0 0.446543 0.611120 0.017759 0.021664
0 0.475461 0.886581 0.018560 0.022598
0 0.793091 0.822308 0.021257 0.025029
0 0.105234 0.475842 0.018854 0.022673
0 0.626394 0.061993 0.017050 0.022273
0 0.273543 0.662517 0.019021 0.022483
0 0.424069 0.545568 0.018274 0.022859
0 0.605621 0.852070 0.020426 0.023995
0 0.048998 0.701125 0.017612 0.022870
0 0.038817 0.594836 0.023164 0.028484
0 0.129872 0.224452 0.017279 0.021494
0 0.335933 0.281373 0.016748 0.020308
0 0.911084 0.167543 0.017008 0.020734
0 0.297842 0.283940 0.016087 0.020837
0 0.174357 0.399327 0.019418 0.017139
0 0.324925 0.826248 0.016040 0.020773
0 0.181203 0.320380 0.013332 0.017180
0 0.681783 0.115879 0.016966 0.020582
0 0.360804 0.474427 0.015482 0.020200
0 0.802027 0.763394 0.017678 0.019995
0 0.892938 0.681722 0.018348 0.024630
0 0.528924 0.050912 0.016091 0.019372
0 0.347862 0.807675 0.016609 0.019866
0 0.986710 0.645185 0.017354 0.023437
0 0.729103 0.250890 0.018632 0.025179
0 0.037648 0.534413 0.017168 0.022696
0 0.333762 0.145352 0.017687 0.021623
0 0.243582 0.333015 0.019079 0.022265
0 0.550833 0.307278 0.019785 0.023417
0 0.691148 0.286632 0.016106 0.019294
0 0.433340 0.242989 0.015568 0.015794
0 0.958854 0.958729 0.018992 0.025893
0 0.778354 0.448397 0.019409 0.023997
0 0.756771 0.639835 0.017473 0.020251
0 0.385620 0.017279 0.016554 0.019531
0 0.620690 0.109712 0.013954 0.017604
0 0.142718 0.106255 0.017949 0.021924
0 0.215058 0.446766 0.017934 0.020456
0 0.422790 0.581078 0.015644 0.020014
0 0.493011 0.300454 0.016767 0.020403
0 0.684208 0.952587 0.019754 0.023386
0 0.697676 0.758744 0.018652 0.021765
0 0.533373 0.527664 0.015137 0.018634
0 0.432529 0.896305 0.019768 0.023140
0 0.820674 0.656749 0.018819 0.018583
0 0.653393 0.519835 0.014932 0.018745
0 0.050376 0.379079 0.017304 0.019999
0 0.230542 0.364693 0.017495 0.021157
0 0.378171 0.656528 0.015608 0.019333
0 0.321176 0.100304 0.017571 0.021149
0 0.230979 0.421535 0.016824 0.020064
0 0.423632 0.450860 0.015954 0.020135
0 0.243728 0.853440 0.015791 0.018457
0 0.330275 0.719318 0.014104 0.017620
0 0.058852 0.418532 0.015672 0.020877
0 0.148306 0.438411 0.017268 0.021594
0 0.439934 0.398779 0.018012 0.025043
0 0.324800 0.557798 0.019395 0.022527
0 0.546678 0.437113 0.016735 0.018996
0 0.487781 0.968742 0.017497 0.019608
0 0.889460 0.615626 0.015737 0.021136
0 0.436936 0.227625 0.014632 0.016290
0 0.825547 0.029704 0.015548 0.019986
0 0.700389 0.239788 0.013190 0.016378
0 0.560259 0.491597 0.015065 0.020408
0 0.580848 0.477791 0.016069 0.019208
0 0.513056 0.735294 0.015065 0.015606
0 0.702873 0.268307 0.017073 0.015606
0 0.252936 0.686675 0.011048 0.014406
0 0.437732 0.981393 0.015065 0.018007