0 0.655509 0.051187 0.016709 0.021380
0 0.516120 0.967064 0.022528 0.026407
0 0.721912 0.542632 0.016632 0.021710
0 0.484239 0.133521 0.018869 0.024686
0 0.125593 0.167390 0.020891 0.025367
0 0.283711 0.388564 0.019070 0.023479
0 0.665508 0.144584 0.024866 0.024402
0 0.630948 0.947416 0.019308 0.024566
0 0.044691 0.071279 0.017270 0.023949
0 0.392067 0.089060 0.016100 0.019682
0 0.742069 0.211228 0.018589 0.022007
0 0.792338 0.854657 0.014556 0.019439
0 0.254934 0.467474 0.019917 0.024419
0 0.787263 0.654644 0.017055 0.021270
0 0.760856 0.898359 0.020702 0.024229
0 0.381688 0.040098 0.016199 0.018979
0 0.043333 0.905821 0.014629 0.018641
0 0.039738 0.935591 0.017410 0.023765
0 0.658664 0.682638 0.017035 0.022625
0 0.856932 0.549708 0.017199 0.021621
0 0.225011 0.510854 0.018897 0.022537
0 0.469085 0.677242 0.017850 0.022447
0 0.778721 0.989235 0.014585 0.017742
0 0.312779 0.040947 0.015744 0.020793
0 0.818079 0.872125 0.017101 0.020800
0 0.654227 0.854321 0.016304 0.021082
0 0.328378 0.102865 0.018039 0.023765
0 0.707977 0.589092 0.016298 0.021803
0 0.808332 0.641564 0.018148 0.021129
0 0.551084 0.062078 0.014682 0.018122
0 0.938589 0.890712 0.014382 0.018171
0 0.847019 0.032923 0.014875 0.017535
0 0.459621 0.967582 0.017498 0.019800
0 0.860997 0.522114 0.018560 0.022415
0 0.634580 0.674712 0.015195 0.019057
0 0.758775 0.053423 0.018854 0.023127
0 0.304903 0.827585 0.017025 0.020346
0 0.522062 0.636711 0.016113 0.020354
0 0.743227 0.520446 0.013460 0.018490
0 0.817354 0.269517 0.017765 0.022246
0 0.536926 0.435558 0.017458 0.022028
0 0.384052 0.652399 0.013958 0.018986
0 0.320555 0.895055 0.018689 0.023469
0 0.882467 0.665484 0.019063 0.022550
0 0.064809 0.945071 0.017787 0.022561
0 0.071005 0.040456 0.019075 0.022316
0 0.173726 0.250988 0.015038 0.018076
0 0.424856 0.038608 0.017666 0.022402
0 0.747584 0.567528 0.019382 0.023343
0 0.290501 0.022650 0.017637 0.022050
0 0.011319 0.657143 0.019188 0.021043
0 0.793732 0.268350 0.014296 0.019314
0 0.666239 0.828297 0.014920 0.016374
0 0.010173 0.067866 0.018561 0.020103
0 0.466768 0.868495 0.014929 0.017980
0 0.634504 0.390643 0.015513 0.020265
0 0.520224 0.074014 0.015631 0.020484
0 0.300557 0.100049 0.015706 0.020015
0 0.879578 0.934654 0.015840 0.021068
0 0.842734 0.974440 0.015232 0.019132
0 0.810735 0.419665 0.016080 0.020588
0 0.091141 0.851569 0.018401 0.023448
0 0.615152 0.693724 0.017229 0.021789
0 0.437330 0.128916 0.018024 0.023776
0 0.120909 0.491633 0.017100 0.022180
0 0.829579 0.576381 0.015616 0.018550
0 0.509837 0.288775 0.019397 0.024060
0 0.794518 0.778144 0.018103 0.021738
0 0.062059 0.810388 0.018024 0.024438
0 0.843312 0.065035 0.015267 0.019431
0 0.020958 0.893795 0.015642 0.021635
0 0.123302 0.133129 0.016462 0.019467
0 0.012751 0.502302 0.015927 0.019914
0 0.244234 0.982888 0.015768 0.020263
0 0.835143 0.909622 0.016929 0.020991
0 0.371361 0.849659 0.021014 0.024655
0 0.914846 0.140629 0.016140 0.021465
0 0.487896 0.562071 0.016201 0.019203
0 0.022235 0.013963 0.016054 0.023434
0 0.029009 0.479912 0.015413 0.018728
0 0.854493 0.673377 0.019054 0.022916
0 0.219943 0.230609 0.017492 0.021247
0 0.244056 0.530316 0.016186 0.020902
0 0.113213 0.540752 0.017197 0.021423
0 0.219844 0.965448 0.016828 0.019701
0 0.993282 0.736430 0.013436 0.021882
0 0.832178 0.728052 0.017351 0.021160
0 0.135574 0.236648 0.017094 0.022310
0 0.892597 0.101060 0.017330 0.023335
0 0.318610 0.848608 0.015543 0.018537
0 0.682367 0.697191 0.019009 0.022393
0 0.580316 0.715221 0.015520 0.018722
0 0.456194 0.261905 0.017311 0.022907
0 0.531252 0.339876 0.016967 0.022020
0 0.635708 0.070382 0.014103 0.018541
0 0.462807 0.915528 0.017952 0.021777
0 0.369328 0.643371 0.014979 0.020985
0 0.462624 0.135503 0.015346 0.022087
0 0.211717 0.320272 0.016862 0.020139
0 0.806469 0.986593 0.014853 0.019554
0 0.280002 0.448898 0.018094 0.022119
0 0.667898 0.599491 0.017881 0.025166
0 0.579194 0.368463 0.018897 0.023038
0 0.448232 0.758063 0.012251 0.016933
0 0.142484 0.943917 0.015190 0.020256
0 0.051368 0.108905 0.014834 0.019364
0 0.383669 0.525012 0.013787 0.018297
0 0.242749 0.799326 0.020785 0.026493
0 0.106528 0.077472 0.016219 0.020643
0 0.312190 0.016949 0.015108 0.019913
0 0.471579 0.620503 0.016842 0.021711
0 0.458369 0.365815 0.015027 0.017609
0 0.187477 0.960870 0.016934 0.023345
0 0.820965 0.969282 0.017972 0.022905
0 0.009368 0.704295 0.016407 0.019209
0 0.891324 0.990212 0.016965 0.016456
0 0.687445 0.031366 0.016092 0.019468
0 0.957292 0.525819 0.017156 0.021030
0 0.070617 0.075180 0.014930 0.022413
0 0.394723 0.681902 0.016003 0.019747
0 0.613667 0.111366 0.017218 0.021839
0 0.631234 0.806877 0.017815 0.025126
0 0.526617 0.121595 0.012514 0.014020
0 0.350205 0.041061 0.016310 0.019118
0 0.666854 0.542919 0.018743 0.023270
0 0.025477 0.767572 0.017533 0.021793
0 0.330111 0.049156 0.014793 0.020436
0 0.430172 0.657809 0.018295 0.022604
0 0.230624 0.618209 0.015954 0.018867
0 0.715937 0.261311 0.015755 0.020184
0 0.081587 0.510217 0.016911 0.022054
0 0.364609 0.976539 0.015010 0.017732
0 0.760270 0.976860 0.015454 0.018180
0 0.558935 0.452440 0.012760 0.017075
0 0.783290 0.077553 0.017097 0.022995
0 0.482754 0.281909 0.013431 0.017882
0 0.278514 0.572350 0.015859 0.020369
0 0.814855 0.060024 0.012052 0.016807
0 0.398563 0.010804 0.013056 0.016807
0 0.335793 0.015606 0.016069 0.019208
0 0.175604 0.340936 0.015065 0.016807
0 0.172088 0.667467 0.014061 0.019208