0 0.310566 0.065832 0.017403 0.023810
0 0.344002 0.370130 0.019201 0.023749
0 0.009345 0.743249 0.017272 0.020585
0 0.101313 0.872461 0.023352 0.028531
0 0.141747 0.285623 0.020965 0.025705
0 0.677959 0.809236 0.020161 0.025300
0 0.610353 0.511769 0.021097 0.024423
0 0.476598 0.036966 0.019055 0.022366
0 0.603784 0.054629 0.020151 0.021659
0 0.318587 0.189838 0.020999 0.024923
0 0.810426 0.880435 0.020847 0.026257
0 0.495734 0.216468 0.021330 0.025183
0 0.171150 0.900500 0.019976 0.025248
0 0.580233 0.158662 0.017424 0.023332
0 0.428173 0.729047 0.016747 0.022705
0 0.332588 0.247353 0.020699 0.023817
0 0.714651 0.837136 0.018628 0.020925
0 0.492866 0.152076 0.019774 0.024935
0 0.326640 0.857978 0.023034 0.022765
0 0.989657 0.296478 0.017990 0.021051
0 0.709458 0.262725 0.019579 0.025490
0 0.574991 0.316570 0.019765 0.023523
0 0.250770 0.558734 0.018825 0.024585
0 0.485432 0.484786 0.018878 0.021955
0 0.184045 0.964965 0.021588 0.024094
0 0.980772 0.693023 0.019542 0.023004
0 0.443213 0.557405 0.017583 0.019774
0 0.789004 0.242483 0.018308 0.022126
0 0.530864 0.414941 0.018829 0.022054
0 0.483451 0.860023 0.020473 0.026037
0 0.782558 0.383789 0.021267 0.020467
0 0.717822 0.804787 0.019228 0.023833
0 0.101888 0.029474 0.021590 0.023019
0 0.899222 0.289945 0.021975 0.027373
0 0.896725 0.426840 0.020438 0.024563
0 0.043134 0.746577 0.017146 0.019990
0 0.103144 0.508792 0.019647 0.023857
0 0.547983 0.708245 0.020484 0.020634
0 0.700884 0.026506 0.019548 0.024025
0 0.950563 0.687013 0.016026 0.021130
0 0.352727 0.300559 0.016305 0.021065
0 0.078599 0.641283 0.018266 0.020803
0 0.884720 0.880090 0.018677 0.022912
0 0.731102 0.542613 0.018624 0.022491
0 0.088145 0.309805 0.020504 0.025471
0 0.992049 0.813412 0.015902 0.023307
0 0.279075 0.581504 0.015771 0.018773
0 0.913296 0.120636 0.019746 0.026046
0 0.859488 0.727292 0.019626 0.023822
0 0.945022 0.473149 0.019374 0.023610
0 0.879299 0.640681 0.018805 0.023265
0 0.767489 0.792832 0.018270 0.023900
0 0.122128 0.205095 0.018753 0.024521
0 0.815423 0.767144 0.017434 0.021187
0 0.619741 0.034465 0.015047 0.018873
0 0.143481 0.744679 0.017262 0.021856
0 0.276059 0.742475 0.016887 0.023818
0 0.312076 0.719220 0.018889 0.021315
0 0.041973 0.186894 0.021683 0.025055
0 0.456856 0.320527 0.016128 0.021213
0 0.317107 0.158066 0.018467 0.021903
0 0.529670 0.088887 0.016693 0.020845
0 0.815076 0.324583 0.015506 0.021403
0 0.161120 0.524523 0.023546 0.018891
0 0.252898 0.746910 0.014655 0.020138
0 0.573040 0.079627 0.024521 0.026113
0 0.860892 0.269528 0.017386 0.022142
0 0.296339 0.085123 0.015668 0.018503
0 0.561167 0.156859 0.014822 0.018568
0 0.818099 0.091287 0.017331 0.024136
0 0.079658 0.095096 0.019713 0.022935
0 0.784772 0.214649 0.015369 0.019076
0 0.408276 0.342955 0.012550 0.016724
0 0.449785 0.931312 0.020661 0.024498
0 0.446372 0.678268 0.016705 0.021119
0 0.184150 0.049008 0.018735 0.021856
0 0.284958 0.790678 0.019414 0.024889
0 0.426714 0.357269 0.017764 0.021185
0 0.318747 0.270086 0.020415 0.025072
0 0.807725 0.593393 0.017774 0.021906
0 0.144180 0.169585 0.018523 0.022502
0 0.557143 0.660499 0.018664 0.023416
0 0.618530 0.161648 0.016493 0.019985
0 0.234560 0.887493 0.019141 0.023582
0 0.402417 0.595412 0.016013 0.019531
0 0.483358 0.520446 0.018866 0.020378
0 0.056768 0.423541 0.017830 0.021836
0 0.840871 0.327944 0.017830 0.022204
0 0.934355 0.267842 0.015671 0.019768
0 0.550700 0.532581 0.016462 0.019812
0 0.376933 0.324584 0.018586 0.022660
0 0.652490 0.408661 0.018066 0.020785
0 0.340856 0.040239 0.016048 0.020309
0 0.408537 0.735658 0.015567 0.019483
0 0.799226 0.133353 0.017003 0.021064
0 0.484937 0.262087 0.016996 0.021164
0 0.058210 0.882439 0.015761 0.019753
0 0.896047 0.903170 0.017897 0.020806
0 0.929348 0.890156 0.010043 0.018007
0 0.944413 0.894958 0.012052 0.013205