0 0.912469 0.882957 0.016936 0.021090
0 0.074724 0.108744 0.017075 0.021015
0 0.123853 0.909232 0.017208 0.022158
0 0.982463 0.293352 0.017688 0.022086
0 0.791639 0.201985 0.015286 0.019830
0 0.835327 0.136450 0.017372 0.022458
0 0.325234 0.911247 0.016518 0.022399
0 0.435414 0.118432 0.016730 0.020678
0 0.049544 0.680689 0.015723 0.020899
0 0.212517 0.775303 0.019889 0.022632
0 0.031153 0.824594 0.018335 0.020234
0 0.166768 0.986759 0.017594 0.018588
0 0.614619 0.061596 0.015844 0.021538
0 0.233836 0.554042 0.019459 0.022696
0 0.361700 0.807905 0.017135 0.022139
0 0.125926 0.796913 0.018081 0.022442
0 0.790476 0.869319 0.019311 0.022899
0 0.774754 0.149608 0.019307 0.025195
0 0.212070 0.733786 0.017706 0.021029
0 0.087052 0.502969 0.019856 0.024118
0 0.948644 0.776647 0.017607 0.021227
0 0.170903 0.565437 0.016608 0.020976
0 0.341013 0.113357 0.017875 0.022131
0 0.034592 0.774253 0.014599 0.019915
0 0.771541 0.203105 0.014029 0.019272
0 0.878437 0.312690 0.016234 0.020729
0 0.178251 0.911718 0.016424 0.021120
0 0.089020 0.868919 0.015135 0.017818
0 0.878567 0.871591 0.015323 0.019261
0 0.080425 0.946668 0.016964 0.021759
0 0.238122 0.737417 0.015508 0.025028
0 0.726426 0.893482 0.017320 0.022679
0 0.308363 0.573085 0.015223 0.020105
0 0.636745 0.365386 0.014320 0.019488
0 0.419783 0.036774 0.015350 0.019272
0 0.154173 0.897050 0.017356 0.022400
0 0.302202 0.295844 0.013496 0.016224
0 0.782457 0.110555 0.017904 0.022561
0 0.435236 0.380170 0.016632 0.020464
0 0.145090 0.143132 0.013861 0.020494
0 0.558172 0.165658 0.015178 0.017877
0 0.830220 0.975698 0.018592 0.019643
0 0.666479 0.130260 0.015333 0.018277
0 0.049065 0.413808 0.016994 0.021073
0 0.268866 0.381019 0.016219 0.018535
0 0.790255 0.836686 0.022266 0.024579
0 0.341069 0.306097 0.016260 0.018364
0 0.146711 0.623355 0.021475 0.025338
0 0.630135 0.252805 0.015434 0.020260
0 0.481919 0.784941 0.017030 0.023098
0 0.140111 0.168078 0.017308 0.022131
0 0.651167 0.243182 0.016285 0.022260
0 0.522927 0.633134 0.017348 0.021043
0 0.289857 0.542670 0.016110 0.017607
0 0.522409 0.408569 0.016791 0.020091
0 0.277767 0.301656 0.017559 0.020471
0 0.072474 0.043956 0.014619 0.018039
0 0.794424 0.388415 0.015593 0.019575
0 0.484935 0.406363 0.015065 0.015606
0 0.273023 0.597839 0.013056 0.016807
0 0.262478 0.572029 0.014061 0.020408
0 0.237369 0.582233 0.016069 0.014406
0 0.327256 0.376351 0.013056 0.018007
0 0.344832 0.357143 0.014061 0.018007
0 0.045544 0.846339 0.014061 0.014406
0 0.268001 0.742497 0.017073 0.018007
0 0.435221 0.662065 0.014061 0.015606
0 0.542182 0.659064 0.013056 0.016807
0 0.489455 0.581032 0.012052 0.014406
0 0.470372 0.566026 0.016069 0.018007
0 0.640103 0.298319 0.014061 0.013205
0 0.771167 0.235294 0.013056 0.014406
0 0.664207 0.171669 0.016069 0.016807
0 0.601939 0.150060 0.014061 0.016807
0 0.365923 0.218487 0.016069 0.014406
0 0.299135 0.153061 0.015065 0.018007
0 0.305663 0.261705 0.016069 0.014406
0 0.246408 0.357143 0.016069 0.018007
0 0.301646 0.397959 0.014061 0.013205
0 0.309681 0.420768 0.016069 0.018007
0 0.092747 0.132653 0.018078 0.015606
0 0.032488 0.181273 0.018078 0.016807
0 0.145474 0.334934 0.015065 0.016807
0 0.872604 0.256303 0.019082 0.022809
0 0.864067 0.636255 0.018078 0.019208
0 0.884154 0.423169 0.020086 0.018007
0 0.930855 0.143457 0.017073 0.015606
0 0.905747 0.109844 0.015065 0.015606