0 0.674967 0.014705 0.024530 0.028903
0 0.569178 0.510620 0.020956 0.027070
0 0.258677 0.470903 0.021097 0.025645
0 0.819072 0.885225 0.022274 0.026907
0 0.727636 0.513386 0.018664 0.026223
0 0.491557 0.126994 0.019245 0.023239
0 0.796249 0.661537 0.019708 0.025615
0 0.045843 0.938805 0.017123 0.022547
0 0.281603 0.461192 0.017750 0.023719
0 0.875243 0.715316 0.020473 0.024705
0 0.500590 0.090353 0.018410 0.023772
0 0.499386 0.950858 0.018038 0.023575
0 0.522442 0.971410 0.021934 0.027405
0 0.817869 0.650116 0.017835 0.022891
0 0.077162 0.856395 0.019583 0.026056
0 0.459814 0.909551 0.019588 0.023923
0 0.537172 0.500527 0.018151 0.022566
0 0.053682 0.836445 0.016115 0.020179
0 0.024122 0.898680 0.017826 0.021156
0 0.093358 0.262232 0.019555 0.021781
0 0.755540 0.518480 0.019732 0.024040
0 0.945943 0.897225 0.022382 0.024484
0 0.703062 0.742985 0.019442 0.024702
0 0.143621 0.237365 0.016186 0.020231
0 0.290679 0.389517 0.020411 0.023842
0 0.395982 0.652822 0.016435 0.021703
0 0.684510 0.704396 0.017761 0.023085
0 0.812024 0.942324 0.019135 0.022769
0 0.041786 0.119969 0.018965 0.023626
0 0.612804 0.052322 0.019920 0.024849
0 0.377542 0.649091 0.014924 0.022084
0 0.035732 0.988481 0.017436 0.018586
0 0.183003 0.973243 0.018128 0.022146
0 0.229372 0.465309 0.016852 0.019797
0 0.755049 0.566184 0.018678 0.023087
0 0.543182 0.440003 0.016512 0.021688
0 0.174056 0.565441 0.018124 0.021575
0 0.098751 0.402019 0.019386 0.025708
0 0.944807 0.361919 0.020403 0.023749
0 0.127756 0.986395 0.016465 0.019246
0 0.706394 0.181561 0.018580 0.024143
0 0.744863 0.221426 0.021347 0.025859
0 0.601253 0.272418 0.019558 0.023217
0 0.127904 0.493674 0.018617 0.024025
0 0.766296 0.057128 0.018660 0.025097
0 0.339875 0.104579 0.017363 0.021562
0 0.878923 0.659841 0.018420 0.021557
0 0.929500 0.383077 0.020438 0.025510
0 0.877797 0.967494 0.015178 0.020222
0 0.145201 0.064736 0.018434 0.021962
0 0.097304 0.287668 0.016667 0.021197
0 0.552236 0.812324 0.017780 0.021063
0 0.047533 0.904762 0.014708 0.018188
0 0.155316 0.093945 0.018999 0.024743
0 0.081857 0.017313 0.017754 0.019416
0 0.466257 0.266465 0.018939 0.022835
0 0.313452 0.837174 0.017654 0.021264
0 0.529969 0.415479 0.017140 0.020676
0 0.061410 0.093223 0.017972 0.024578
0 0.030920 0.787989 0.018729 0.020809
0 0.277725 0.811102 0.017705 0.021962
0 0.681951 0.641029 0.021655 0.024902
0 0.661235 0.704696 0.016569 0.021193
0 0.865993 0.512863 0.021423 0.025320
0 0.353958 0.038405 0.016981 0.022615
0 0.496462 0.528048 0.018908 0.022775
0 0.393737 0.089404 0.017117 0.022409
0 0.790196 0.087217 0.019932 0.025408
0 0.437294 0.833819 0.017398 0.021890
0 0.310009 0.101321 0.016693 0.022278
0 0.665217 0.980001 0.017307 0.019121
0 0.580440 0.040845 0.018243 0.024132
0 0.213077 0.954039 0.017026 0.020719
0 0.239762 0.937535 0.016866 0.021418
0 0.311923 0.011739 0.015759 0.019859
0 0.318104 0.034967 0.015586 0.020941
0 0.423483 0.020143 0.014361 0.016166
0 0.240289 0.811153 0.019299 0.022974
0 0.812418 0.732883 0.018928 0.023075
0 0.228701 0.233531 0.017440 0.022728
0 0.150192 0.330401 0.018440 0.021584
0 0.239574 0.442614 0.017166 0.019491
0 0.902236 0.960913 0.017088 0.021444
0 0.077365 0.081201 0.014053 0.022758
0 0.517431 0.444838 0.015616 0.022350
0 0.855112 0.964034 0.016135 0.022332
0 0.304421 0.462883 0.016236 0.021920
0 0.791634 0.287095 0.018637 0.023742
0 0.373108 0.878728 0.020529 0.027261
0 0.857345 0.811978 0.018620 0.023117
0 0.200439 0.661811 0.016818 0.021587
0 0.474787 0.145368 0.016941 0.022181
0 0.295318 0.027525 0.017489 0.023006
0 0.506191 0.390962 0.017771 0.021743
0 0.215551 0.335548 0.017677 0.020888
0 0.513668 0.144121 0.018182 0.021585
0 0.324916 0.749209 0.016319 0.020161
0 0.581259 0.569687 0.019749 0.024572
0 0.383967 0.607117 0.016443 0.021485
0 0.728820 0.572424 0.018024 0.022207
0 0.561346 0.941993 0.017802 0.023118
0 0.858595 0.933115 0.016483 0.020027
0 0.610698 0.120518 0.021479 0.027771
0 0.857536 0.674282 0.017823 0.021704
0 0.718706 0.596039 0.015808 0.020013
0 0.732829 0.765693 0.017033 0.020316
0 0.924325 0.985716 0.015383 0.019417
0 0.899421 0.988783 0.015176 0.017998
0 0.402482 0.013199 0.015957 0.020418
0 0.479112 0.008635 0.017951 0.015563
0 0.500449 0.418706 0.015382 0.017885
0 0.044675 0.513848 0.015173 0.018499
0 0.894052 0.625979 0.018023 0.023472
0 0.664207 0.681873 0.016069 0.016807
0 0.335793 0.049820 0.016069 0.015606
0 0.335793 0.018607 0.018078 0.018007
0 0.831427 0.976591 0.015065 0.018007
0 0.896206 0.090636 0.024104 0.025210