0 0.540649 0.481203 0.024441 0.030005
0 0.242915 0.602176 0.017402 0.022283
0 0.209360 0.338596 0.019185 0.021337
0 0.085133 0.422632 0.019936 0.024462
0 0.191536 0.259070 0.020900 0.026329
0 0.137910 0.229336 0.021356 0.026268
0 0.146895 0.923597 0.022887 0.026867
0 0.254674 0.630010 0.016480 0.019298
0 0.875954 0.459354 0.020841 0.024933
0 0.937640 0.916663 0.023599 0.025496
0 0.236502 0.345747 0.015557 0.020512
0 0.692912 0.966465 0.020597 0.034295
0 0.582048 0.795367 0.018988 0.025518
0 0.007462 0.494512 0.014924 0.024741
0 0.608731 0.027342 0.020110 0.026025
0 0.974953 0.738482 0.020904 0.025070
0 0.235890 0.492509 0.020293 0.024535
0 0.508878 0.387872 0.020001 0.024556
0 0.241520 0.724071 0.019421 0.022982
0 0.510101 0.443029 0.021541 0.026806
0 0.914107 0.280822 0.024315 0.025140
0 0.025332 0.325150 0.021639 0.024913
0 0.334108 0.775742 0.018878 0.021814
0 0.968207 0.199868 0.019661 0.024512
0 0.936628 0.137130 0.017921 0.020248
0 0.451690 0.635803 0.020004 0.024221
0 0.259457 0.363896 0.018259 0.022593
0 0.199776 0.411120 0.018697 0.022872
0 0.049224 0.377396 0.017099 0.020444
0 0.404837 0.109356 0.018101 0.023411
0 0.371508 0.954039 0.020250 0.024520
0 0.529885 0.277991 0.018895 0.024883
0 0.685674 0.697656 0.019717 0.023639
0 0.741002 0.132631 0.020845 0.025401
0 0.710523 0.208792 0.021778 0.025302
0 0.836176 0.673044 0.020782 0.023270
0 0.121585 0.299119 0.018312 0.022352
0 0.113875 0.199499 0.018255 0.021184
0 0.340138 0.514101 0.020028 0.023726
0 0.124999 0.080925 0.017336 0.020704
0 0.618057 0.780084 0.017983 0.021850
0 0.810819 0.397071 0.018263 0.021920
0 0.666252 0.636008 0.024329 0.026538
0 0.920320 0.647181 0.018087 0.021519
0 0.511776 0.805635 0.019941 0.022852
0 0.734347 0.610350 0.019653 0.021993
0 0.089509 0.840330 0.020360 0.023516
0 0.957270 0.608008 0.021661 0.023862
0 0.127450 0.401150 0.017682 0.022731
0 0.418661 0.723716 0.017970 0.022236
0 0.316562 0.248863 0.015507 0.019748
0 0.341337 0.449247 0.016867 0.021774
0 0.874499 0.413988 0.021716 0.024793
0 0.793930 0.306798 0.018109 0.022335
0 0.923803 0.418211 0.019522 0.023995
0 0.930579 0.971364 0.022920 0.025547
0 0.422736 0.587467 0.019507 0.024044
0 0.253582 0.447923 0.019047 0.022710
0 0.543774 0.129164 0.017420 0.023751
0 0.255638 0.407154 0.017759 0.022226
0 0.622039 0.632885 0.019843 0.028117
0 0.307576 0.941926 0.024784 0.029446
0 0.217318 0.212818 0.020275 0.023097
0 0.277178 0.250692 0.016414 0.021604
0 0.409342 0.212850 0.016349 0.020101
0 0.602147 0.979351 0.018907 0.023108
0 0.471548 0.934243 0.018312 0.021805
0 0.946511 0.158628 0.020803 0.022247
0 0.813303 0.830706 0.018976 0.022197
0 0.384764 0.325972 0.015597 0.019567
0 0.337961 0.751032 0.016582 0.019365