0 0.912599 0.883034 0.016825 0.020777
0 0.189042 0.931433 0.026044 0.031383
0 0.249961 0.759452 0.018863 0.022579
0 0.201873 0.896123 0.020589 0.023389
0 0.198099 0.519172 0.021872 0.024275
0 0.763708 0.942605 0.017141 0.020960
0 0.021517 0.849194 0.018431 0.022569
0 0.795533 0.069984 0.019168 0.025247
0 0.791223 0.862594 0.019800 0.023868
0 0.660511 0.202530 0.017023 0.023630
0 0.103737 0.094461 0.017621 0.021468
0 0.072439 0.771631 0.017068 0.021798
0 0.140800 0.052723 0.019656 0.023897
0 0.407675 0.684318 0.016120 0.020914
0 0.962758 0.689930 0.016618 0.020842
0 0.010448 0.092694 0.017051 0.019284
0 0.847491 0.033667 0.016430 0.021437
0 0.878447 0.871928 0.014891 0.020184
0 0.301239 0.293965 0.016105 0.021188
0 0.214433 0.732558 0.015754 0.023071
0 0.776974 0.233864 0.015178 0.019723
0 0.236994 0.739669 0.014917 0.021590
0 0.233671 0.552552 0.019169 0.023886
0 0.644801 0.007521 0.015702 0.013473
0 0.270385 0.363593 0.015948 0.019623
0 0.050927 0.416796 0.017779 0.021233
0 0.951932 0.822296 0.017721 0.022079
0 0.343911 0.306606 0.016084 0.017806
0 0.129841 0.911043 0.016319 0.020985
0 0.090437 0.626911 0.017012 0.021583
0 0.037157 0.136327 0.019165 0.022763
0 0.818331 0.008629 0.017903 0.016030
0 0.083486 0.944960 0.018700 0.023862
0 0.724198 0.039364 0.015117 0.019969
0 0.525133 0.408835 0.016513 0.019864
0 0.805520 0.138880 0.018721 0.021925
0 0.187259 0.110914 0.016323 0.022002
0 0.585939 0.517543 0.017947 0.022937
0 0.475604 0.059305 0.018228 0.022619
0 0.391850 0.055416 0.018534 0.020876
0 0.981251 0.290633 0.017599 0.022238
0 0.087539 0.502568 0.019346 0.022831
0 0.795997 0.381515 0.019563 0.021386
0 0.778287 0.206490 0.019131 0.020978
0 0.583105 0.123221 0.013660 0.016996
0 0.220240 0.497341 0.014566 0.017226
0 0.159202 0.895190 0.018763 0.024927
0 0.494992 0.276901 0.015305 0.019748
0 0.126950 0.796448 0.016288 0.020460
0 0.033681 0.821815 0.017090 0.021303
0 0.398878 0.180434 0.016147 0.021756
0 0.214712 0.117789 0.016199 0.020371
0 0.517491 0.680804 0.015853 0.018880
0 0.406487 0.769107 0.016521 0.020525
0 0.049549 0.376699 0.015135 0.018825
0 0.708832 0.088280 0.015867 0.019825
0 0.380916 0.434339 0.017066 0.020418
0 0.420916 0.035656 0.015213 0.017696
0 0.994243 0.108329 0.011514 0.018423
0 0.324746 0.512605 0.014061 0.016807
0 0.349854 0.443577 0.014061 0.015606
0 0.309179 0.423770 0.017073 0.016807
0 0.317213 0.394358 0.017073 0.013205
0 0.288088 0.404562 0.013056 0.014406
0 0.282062 0.315726 0.015065 0.019208
0 0.324746 0.288115 0.012052 0.012005
0 0.304659 0.149460 0.014061 0.013205
0 0.218789 0.256303 0.013056 0.020408
0 0.121872 0.018607 0.014061 0.013205
0 0.024453 0.055222 0.014061 0.012005
0 0.637592 0.196279 0.017073 0.018007
0 0.671739 0.276110 0.015065 0.016807
0 0.882647 0.212485 0.013056 0.016807
0 0.895201 0.156663 0.016069 0.015606
0 0.643116 0.299520 0.014061 0.018007
0 0.754596 0.762905 0.016069 0.018007
0 0.792258 0.831333 0.019082 0.020408
0 0.825903 0.981993 0.016069 0.019208
0 0.219794 0.825930 0.015065 0.016807
0 0.099777 0.806723 0.016069 0.016807
0 0.088730 0.865546 0.012052 0.014406
0 0.111829 0.679472 0.016069 0.014406
0 0.071656 0.585234 0.016069 0.015606
0 0.242893 0.578631 0.013056 0.014406
0 0.339308 0.343337 0.015065 0.016807
0 0.361403 0.333733 0.019082 0.021609
0 0.552727 0.152461 0.012052 0.019208
0 0.540173 0.322329 0.015065 0.015606
0 0.603445 0.154862 0.015065 0.016807
0 0.898716 0.115246 0.011048 0.016807
0 0.825401 0.396158 0.013056 0.012005
0 0.885158 0.423770 0.016069 0.019208
0 0.868587 0.626651 0.017073 0.019208
0 0.544692 0.652461 0.016069 0.015606
0 0.436728 0.662665 0.015065 0.019208