0 0.952200 0.678856 0.018343 0.025678
0 0.236911 0.554384 0.019480 0.024914
0 0.049138 0.270718 0.018699 0.024240
0 0.639553 0.305091 0.018191 0.021732
0 0.237410 0.742269 0.016017 0.020414
0 0.771669 0.211751 0.017308 0.018805
0 0.885043 0.750505 0.020292 0.025228
0 0.740594 0.343115 0.017373 0.021416
0 0.758172 0.369061 0.019534 0.023577
0 0.100796 0.308420 0.018315 0.023758
0 0.541405 0.741640 0.029302 0.029560
0 0.796908 0.874042 0.019253 0.024564
0 0.297808 0.215677 0.018973 0.024574
0 0.412753 0.348434 0.018860 0.022947
0 0.976079 0.294257 0.018400 0.023556
0 0.915379 0.884993 0.017674 0.022501
0 0.443063 0.316377 0.016367 0.020727
0 0.549703 0.043272 0.016547 0.020715
0 0.133272 0.918023 0.019948 0.023108
0 0.209714 0.743918 0.016286 0.019791
0 0.790100 0.112358 0.019192 0.023014
0 0.075781 0.302971 0.017415 0.023991
0 0.282705 0.925497 0.017974 0.021700
0 0.157109 0.890258 0.018895 0.024391
0 0.422001 0.228470 0.017709 0.022728
0 0.297141 0.060020 0.018929 0.024301
0 0.093837 0.503425 0.019629 0.025130
0 0.263688 0.738672 0.016189 0.020813
0 0.294968 0.518730 0.018715 0.023377
0 0.423012 0.553810 0.014919 0.019416
0 0.958455 0.445442 0.019523 0.023365
0 0.480862 0.148594 0.018389 0.022613
0 0.405658 0.109139 0.018388 0.023005
0 0.320936 0.267721 0.013835 0.019780
0 0.184907 0.885642 0.016276 0.022526
0 0.312342 0.854387 0.019529 0.027441
0 0.439132 0.441261 0.019497 0.024773
0 0.257613 0.413068 0.021515 0.025987
0 0.083213 0.362803 0.019581 0.024280
0 0.847753 0.897339 0.015723 0.019796
0 0.572401 0.789274 0.017318 0.020450
0 0.726553 0.441472 0.018225 0.022537
0 0.305053 0.154401 0.017911 0.022147
0 0.606609 0.155219 0.016247 0.021372
0 0.016099 0.436601 0.015701 0.019594
0 0.127558 0.285136 0.020820 0.024022
0 0.866635 0.880222 0.016900 0.020780
0 0.605670 0.266465 0.017861 0.022592
0 0.586647 0.596946 0.019684 0.022806
0 0.843007 0.130850 0.019326 0.024567
0 0.854788 0.522604 0.018353 0.022313
0 0.795345 0.362880 0.017599 0.021639
0 0.043088 0.417650 0.016669 0.020785
0 0.866064 0.630367 0.019499 0.022835
0 0.337557 0.253083 0.014916 0.018476
0 0.396191 0.936283 0.017620 0.021171
0 0.694691 0.082461 0.018163 0.023555
0 0.086690 0.218734 0.018416 0.023246
0 0.541214 0.114681 0.020918 0.024932
0 0.889159 0.287587 0.022676 0.021258
0 0.887977 0.420869 0.020724 0.024360
0 0.336443 0.402098 0.020139 0.022055
0 0.148560 0.234114 0.018308 0.021827
0 0.470412 0.480767 0.016685 0.020659
0 0.930560 0.225529 0.018986 0.023242
0 0.519944 0.411237 0.019397 0.022058
0 0.776593 0.237313 0.018519 0.022915
0 0.055845 0.893082 0.018499 0.022563
0 0.047718 0.232749 0.018342 0.025925
0 0.430902 0.670947 0.016141 0.017216
0 0.239923 0.179773 0.016248 0.018555
0 0.253882 0.930172 0.014865 0.019780
0 0.317560 0.241726 0.015571 0.019550
0 0.992263 0.247491 0.015474 0.020247
0 0.029624 0.181968 0.018715 0.022624
0 0.160522 0.977842 0.017050 0.018891
0 0.544451 0.657762 0.016532 0.021308
0 0.439587 0.691755 0.016906 0.022327
0 0.897146 0.112676 0.021977 0.024267
0 0.069686 0.202736 0.014619 0.017990
0 0.264875 0.576414 0.014630 0.018756
0 0.524491 0.694036 0.018115 0.022895
0 0.216146 0.898019 0.016220 0.020965
0 0.181273 0.718877 0.024513 0.031526
0 0.479083 0.258947 0.015240 0.019807
0 0.640092 0.506009 0.018738 0.022823
0 0.331266 0.298452 0.016767 0.020988
0 0.556400 0.160218 0.014624 0.017914
0 0.299564 0.264074 0.018370 0.022052
0 0.800873 0.086314 0.019193 0.018667
0 0.089892 0.870464 0.018845 0.020320
0 0.929885 0.680502 0.016579 0.022170