0 0.102886 0.874452 0.023747 0.028744
0 0.939650 0.890511 0.025569 0.024456
0 0.253946 0.748250 0.016029 0.022523
0 0.584320 0.162368 0.016607 0.022374
0 0.034092 0.440365 0.018958 0.023990
0 0.091158 0.310132 0.019423 0.024436
0 0.175280 0.899808 0.021208 0.026911
0 0.333752 0.250036 0.021028 0.028409
0 0.499195 0.220573 0.021929 0.026147
0 0.545452 0.669820 0.021337 0.025005
0 0.887670 0.881133 0.018793 0.021297
0 0.057186 0.300601 0.017532 0.021582
0 0.900009 0.290207 0.023345 0.032131
0 0.375935 0.241082 0.022700 0.026812
0 0.842048 0.973602 0.020511 0.022840
0 0.330376 0.861898 0.022888 0.023444
0 0.815009 0.123819 0.020453 0.023331
0 0.864613 0.893130 0.018287 0.021696
0 0.843265 0.440280 0.022704 0.029749
0 0.237301 0.889017 0.021427 0.025924
0 0.615126 0.513696 0.020706 0.027280
0 0.131249 0.863385 0.017881 0.022543
0 0.014515 0.098580 0.019235 0.024010
0 0.278642 0.058128 0.018489 0.022402
0 0.301879 0.187569 0.017481 0.020871
0 0.143281 0.287518 0.019245 0.024378
0 0.567114 0.549768 0.018097 0.022393
0 0.919489 0.735877 0.021811 0.024494
0 0.788876 0.242259 0.020594 0.023614
0 0.085481 0.208157 0.019602 0.023863
0 0.236967 0.177524 0.018651 0.023654
0 0.164530 0.525118 0.022641 0.026548
0 0.419766 0.828016 0.020499 0.025702
0 0.667188 0.297266 0.023302 0.027093
0 0.459556 0.323250 0.019342 0.024313
0 0.076897 0.253732 0.018504 0.023457
0 0.902682 0.426799 0.018802 0.022528
0 0.081199 0.619967 0.020264 0.025583
0 0.606672 0.054328 0.021351 0.028404
0 0.497945 0.152142 0.020837 0.026891
0 0.968104 0.407679 0.019044 0.023412
0 0.100227 0.919321 0.017865 0.021281
0 0.411807 0.733685 0.019730 0.023373
0 0.349273 0.303840 0.017493 0.022576
0 0.024608 0.343446 0.019546 0.023319
0 0.535343 0.417170 0.020090 0.023595
0 0.464075 0.209021 0.016412 0.020631
0 0.177150 0.257798 0.018850 0.023741
0 0.094729 0.123099 0.016279 0.020564
0 0.190931 0.757308 0.015205 0.019238
0 0.245143 0.048133 0.020370 0.024866
0 0.898892 0.755428 0.019369 0.022692
0 0.104275 0.503420 0.020437 0.024756
0 0.253785 0.560349 0.020167 0.025438
0 0.407137 0.949737 0.019717 0.023133
0 0.270765 0.351189 0.017729 0.024184
0 0.389556 0.162915 0.016876 0.020612
0 0.886413 0.641019 0.020658 0.024227
0 0.819432 0.094258 0.020559 0.023202
0 0.166022 0.859631 0.017673 0.022061
0 0.549601 0.706100 0.017738 0.020564
0 0.570061 0.777169 0.020565 0.022094
0 0.921551 0.310930 0.016681 0.022455
0 0.277509 0.745142 0.019449 0.027973
0 0.786632 0.384066 0.023851 0.025284
0 0.381065 0.323229 0.021756 0.023595
0 0.817136 0.880678 0.020556 0.026372
0 0.836698 0.203005 0.020535 0.024158
0 0.285218 0.320472 0.017649 0.021965
0 0.816679 0.325773 0.019688 0.022845
0 0.603235 0.944072 0.020726 0.024496
0 0.788091 0.213769 0.018447 0.021673
0 0.188019 0.156029 0.018115 0.021924
0 0.572541 0.698086 0.017808 0.023615
0 0.731290 0.507300 0.019954 0.024751
0 0.578430 0.075392 0.022003 0.023981
0 0.059591 0.423865 0.017149 0.021027
0 0.166028 0.100212 0.018798 0.022665
0 0.633835 0.210590 0.020864 0.024333
0 0.962309 0.035149 0.021353 0.024564
0 0.554150 0.504363 0.020142 0.024229
0 0.948881 0.686954 0.017860 0.021775
0 0.916865 0.122170 0.021486 0.026493
0 0.042803 0.187510 0.021966 0.024958
0 0.321607 0.161019 0.018274 0.022584
0 0.487089 0.485309 0.018755 0.022245
0 0.363507 0.111779 0.019516 0.026652
0 0.144813 0.744879 0.018770 0.023449
0 0.925609 0.416108 0.017840 0.022200
0 0.789371 0.572988 0.018468 0.023424
0 0.619711 0.160224 0.018186 0.022111
0 0.110966 0.156237 0.020190 0.022991
0 0.280957 0.582453 0.016703 0.020457
0 0.655748 0.735665 0.020588 0.026290
0 0.424598 0.486531 0.018503 0.024067
0 0.319036 0.272469 0.018495 0.022233
0 0.639815 0.104162 0.017726 0.022870
0 0.097841 0.282179 0.016017 0.019266
0 0.444254 0.679843 0.022089 0.023208
0 0.563980 0.158336 0.015958 0.021558
0 0.904590 0.554464 0.016993 0.020102
0 0.701846 0.098245 0.017520 0.022950
0 0.483560 0.263371 0.017319 0.022037
0 0.410523 0.343678 0.015052 0.018843
0 0.916197 0.894825 0.015360 0.020008
0 0.529664 0.058722 0.016955 0.020159
0 0.894994 0.906693 0.016763 0.021012