0 0.545822 0.510750 0.021501 0.029001
0 0.526820 0.477704 0.019081 0.024589
0 0.568993 0.469671 0.018469 0.022461
0 0.412624 0.537728 0.016955 0.022826
0 0.200973 0.306718 0.020206 0.025912
0 0.241044 0.369709 0.016923 0.020848
0 0.519457 0.519921 0.016307 0.021649
0 0.279581 0.104129 0.015912 0.020768
0 0.325459 0.270814 0.017876 0.023225
0 0.988353 0.407984 0.022385 0.024357
0 0.734969 0.251894 0.016511 0.023144
0 0.288985 0.539214 0.018208 0.023173
0 0.688901 0.253409 0.022223 0.026280
0 0.713537 0.250987 0.016195 0.024400
0 0.317152 0.237846 0.018380 0.024240
0 0.476860 0.898134 0.019965 0.023530
0 0.975510 0.634405 0.017034 0.020648
0 0.128136 0.347734 0.017851 0.021497
0 0.968948 0.860928 0.021165 0.024691
0 0.685161 0.043939 0.020637 0.026511
0 0.304324 0.506831 0.018761 0.022778
0 0.992768 0.613695 0.014430 0.019302
0 0.975757 0.147844 0.018045 0.022122
0 0.242051 0.661952 0.020104 0.023374
0 0.087449 0.462449 0.017545 0.022489
0 0.950031 0.944900 0.020447 0.026243
0 0.615535 0.044727 0.020126 0.025506
0 0.203020 0.433345 0.018218 0.021700
0 0.820595 0.231285 0.019953 0.024073
0 0.285094 0.270017 0.017188 0.022823
0 0.256295 0.076010 0.018779 0.022232
0 0.543068 0.297101 0.021169 0.025303
0 0.952981 0.652895 0.018281 0.020993
0 0.837824 0.556036 0.022354 0.026150
0 0.826116 0.816059 0.022611 0.026884
0 0.963973 0.612972 0.016442 0.018867
0 0.349198 0.464495 0.015895 0.019592
0 0.051088 0.401868 0.017208 0.021657
0 0.986199 0.761752 0.019224 0.023089
0 0.242285 0.503502 0.019578 0.023127
0 0.890130 0.716735 0.019300 0.023640
0 0.850073 0.745447 0.020841 0.022222
0 0.412739 0.132471 0.017592 0.022592
0 0.767177 0.718716 0.019797 0.024657
0 0.685377 0.746929 0.021383 0.024649
0 0.585687 0.849965 0.021429 0.027506
0 0.320291 0.579212 0.018216 0.021989
0 0.409816 0.844046 0.018191 0.022620
0 0.263101 0.647033 0.016736 0.020808
0 0.632965 0.795750 0.018943 0.024827
0 0.720900 0.600251 0.021286 0.024898
0 0.969984 0.067853 0.018472 0.024020
0 0.547208 0.478590 0.014141 0.020942
0 0.016400 0.520076 0.018818 0.022598
0 0.132894 0.095581 0.017616 0.023859
0 0.426828 0.742214 0.017911 0.022099
0 0.515386 0.118974 0.018430 0.023173
0 0.390619 0.533141 0.016453 0.021436
0 0.299061 0.084632 0.015865 0.021873
0 0.918158 0.485363 0.020297 0.024162
0 0.431026 0.602798 0.019625 0.023639
0 0.201158 0.507336 0.017006 0.020579
0 0.164548 0.906402 0.021719 0.027558
0 0.218956 0.353963 0.018290 0.023299
0 0.934846 0.434729 0.019450 0.024085
0 0.292372 0.869747 0.019517 0.024532
0 0.419745 0.230236 0.018969 0.024269
0 0.699700 0.815849 0.023566 0.027463
0 0.337386 0.790814 0.019324 0.022755
0 0.507450 0.725440 0.016800 0.021656
0 0.031317 0.282919 0.017626 0.021985
0 0.753210 0.637257 0.019898 0.025875
0 0.409764 0.447955 0.018193 0.021819
0 0.637121 0.330586 0.019381 0.023123
0 0.139046 0.429213 0.017452 0.021146
0 0.459286 0.959783 0.019933 0.024943
0 0.675114 0.698544 0.021003 0.026008
0 0.956903 0.894219 0.018120 0.020647
0 0.368844 0.648992 0.016197 0.021295
0 0.118932 0.218444 0.017712 0.023630
0 0.368123 0.144177 0.016629 0.020811
0 0.902769 0.155899 0.019110 0.024536
0 0.846217 0.039518 0.018979 0.024669
0 0.135224 0.320422 0.018825 0.022295
0 0.525537 0.427741 0.016028 0.020106
0 0.906306 0.540544 0.019738 0.022143
0 0.564097 0.736666 0.016636 0.020560
0 0.948205 0.160805 0.015976 0.019591
0 0.245271 0.336334 0.018332 0.022836
0 0.937160 0.992476 0.021540 0.014857
0 0.574731 0.069456 0.015243 0.018716
0 0.063119 0.363145 0.023099 0.020408