0 0.247070 0.744226 0.015704 0.019385
0 0.548187 0.399197 0.019611 0.024584
0 0.702339 0.416476 0.018967 0.023327
0 0.775063 0.383160 0.021044 0.022677
0 0.779722 0.211431 0.017633 0.019839
0 0.490644 0.646027 0.018171 0.022772
0 0.985451 0.292764 0.019046 0.023315
0 0.301233 0.369284 0.029780 0.033518
0 0.733304 0.385831 0.019326 0.022504
0 0.430004 0.363804 0.020642 0.027977
0 0.586310 0.105875 0.020833 0.026978
0 0.826407 0.902170 0.022014 0.024751
0 0.271646 0.740495 0.016279 0.020899
0 0.135552 0.286807 0.020196 0.025140
0 0.097976 0.873921 0.023562 0.026731
0 0.262049 0.765616 0.016296 0.019645
0 0.282326 0.930700 0.020891 0.024718
0 0.804205 0.874313 0.020572 0.025218
0 0.080953 0.305844 0.020603 0.026139
0 0.098650 0.505562 0.018683 0.024238
0 0.296973 0.755750 0.018099 0.024184
0 0.165954 0.895413 0.021212 0.025960
0 0.878076 0.881569 0.018771 0.022571
0 0.797910 0.374269 0.017648 0.025152
0 0.877686 0.055046 0.021416 0.027982
0 0.408784 0.518721 0.018482 0.022204
0 0.208461 0.550388 0.016474 0.021298
0 0.247624 0.824777 0.019215 0.024137
0 0.134498 0.556499 0.019063 0.023231
0 0.245896 0.556946 0.019394 0.024420
0 0.556816 0.155260 0.016410 0.019677
0 0.230914 0.885122 0.022835 0.025234
0 0.923931 0.887713 0.019156 0.023357
0 0.109419 0.297271 0.015322 0.018535
0 0.358118 0.488040 0.017372 0.023030
0 0.786149 0.239352 0.018765 0.021711
0 0.314683 0.157782 0.018757 0.022902
0 0.137813 0.741765 0.017434 0.022068
0 0.455505 0.212496 0.017912 0.023901
0 0.743953 0.691980 0.024300 0.028705
0 0.505442 0.443530 0.017407 0.021607
0 0.508814 0.554138 0.019659 0.024231
0 0.327514 0.245015 0.019048 0.023380
0 0.314144 0.267883 0.017894 0.020846
0 0.963037 0.038106 0.019161 0.022602
0 0.849524 0.697536 0.018984 0.023260
0 0.450920 0.318762 0.017478 0.023521
0 0.009348 0.466505 0.018696 0.024973
0 0.089332 0.169206 0.018972 0.023687
0 0.905847 0.117120 0.019756 0.027282
0 0.876549 0.636813 0.020368 0.024285
0 0.051173 0.420438 0.018040 0.022264
0 0.411014 0.151203 0.020142 0.022744
0 0.494601 0.769855 0.018279 0.023222
0 0.892772 0.419069 0.021692 0.026527
0 0.275690 0.300411 0.018476 0.022311
0 0.569127 0.346422 0.020976 0.025483
0 0.479685 0.229941 0.016054 0.020181
0 0.632219 0.170361 0.017914 0.021257
0 0.896432 0.288347 0.024313 0.024996
0 0.482374 0.482765 0.017613 0.020171
0 0.869488 0.679342 0.016207 0.019449
0 0.729761 0.671005 0.018159 0.021652
0 0.320528 0.857224 0.022310 0.023657
0 0.974081 0.931298 0.019163 0.023472
0 0.395036 0.725303 0.017167 0.019679
0 0.523679 0.411464 0.019544 0.023411
0 0.460915 0.272600 0.016789 0.021438
0 0.810056 0.089780 0.018504 0.023610
0 0.101752 0.126862 0.018560 0.023147
0 0.371573 0.318863 0.017642 0.021822
0 0.472905 0.757519 0.017890 0.022689
0 0.488207 0.148222 0.018750 0.024274
0 0.772111 0.343683 0.018411 0.023341
0 0.559968 0.868366 0.018339 0.024633
0 0.438260 0.671014 0.017907 0.020498
0 0.656494 0.067414 0.017819 0.022404
0 0.614291 0.158432 0.015549 0.021428
0 0.485241 0.262367 0.014479 0.019770
0 0.761055 0.813470 0.019967 0.025397
0 0.534871 0.698961 0.019517 0.022266
0 0.552154 0.660009 0.017726 0.021606
0 0.180792 0.673278 0.018432 0.022077
0 0.040922 0.183022 0.019366 0.022876
0 0.080085 0.458737 0.016860 0.026928
0 0.337699 0.300432 0.018016 0.020824
0 0.941786 0.685858 0.017792 0.021677
0 0.315019 0.339620 0.015992 0.018467
0 0.445552 0.478727 0.015545 0.018822
0 0.275144 0.579466 0.017771 0.020635
0 0.896818 0.899459 0.016212 0.019564
0 0.624883 0.133937 0.017713 0.020503
0 0.523753 0.143123 0.015601 0.018564