0 0.559572 0.527455 0.023056 0.031345
0 0.491451 0.976077 0.016892 0.018166
0 0.308318 0.576699 0.015380 0.021167
0 0.420626 0.489954 0.018597 0.022380
0 0.984374 0.647087 0.018002 0.022434
0 0.214794 0.322083 0.019277 0.025689
0 0.031474 0.539128 0.016168 0.020743
0 0.946129 0.331592 0.017138 0.020820
0 0.376169 0.827317 0.017510 0.029756
0 0.578442 0.483288 0.017351 0.020785
0 0.251036 0.386954 0.015724 0.019508
0 0.404808 0.231670 0.017074 0.022503
0 0.270828 0.665802 0.019123 0.025965
0 0.419784 0.547571 0.018396 0.023524
0 0.380863 0.777927 0.016931 0.022346
0 0.484990 0.305068 0.016214 0.020397
0 0.451551 0.818119 0.018408 0.021045
0 0.219886 0.452478 0.016850 0.020182
0 0.398813 0.837214 0.017630 0.023050
0 0.705970 0.270777 0.015776 0.021564
0 0.864220 0.593863 0.015401 0.018141
0 0.051200 0.386155 0.016151 0.018005
0 0.795006 0.822541 0.019845 0.024840
0 0.797157 0.773472 0.016407 0.019751
0 0.968752 0.795213 0.015879 0.019437
0 0.379169 0.081915 0.019322 0.023836
0 0.979245 0.853628 0.018045 0.022315
0 0.144993 0.361865 0.018367 0.023616
0 0.962021 0.963836 0.017944 0.025505
0 0.440180 0.751760 0.017044 0.021631
0 0.756198 0.645443 0.017154 0.024921
0 0.232493 0.366596 0.017039 0.023380
0 0.514300 0.029031 0.020913 0.020967
0 0.440576 0.398015 0.019804 0.022228
0 0.962058 0.311585 0.017087 0.022951
0 0.238651 0.317173 0.017407 0.024050
0 0.678062 0.959994 0.017076 0.020811
0 0.514396 0.464129 0.014597 0.017294
0 0.163278 0.019348 0.022850 0.024978
0 0.948411 0.454214 0.016294 0.020862
0 0.701341 0.763215 0.016390 0.021564
0 0.159809 0.299248 0.014601 0.017667
0 0.685079 0.283412 0.015674 0.020165
0 0.578244 0.053184 0.014435 0.017364
0 0.382172 0.661851 0.016177 0.019618
0 0.742252 0.765491 0.017742 0.023165
0 0.254790 0.526839 0.018645 0.022426
0 0.353481 0.810288 0.015732 0.019884
0 0.902747 0.776039 0.020271 0.024447
0 0.603045 0.859744 0.019164 0.023719
0 0.145649 0.111852 0.017062 0.020409
0 0.850900 0.827094 0.020052 0.022576
0 0.325462 0.114862 0.017367 0.020488
0 0.299931 0.287929 0.016320 0.022094
0 0.184862 0.410436 0.016411 0.019395
0 0.781665 0.452248 0.019051 0.023117
0 0.561672 0.314875 0.019592 0.025303
0 0.414979 0.091868 0.020971 0.023175
0 0.629030 0.063558 0.017844 0.022393
0 0.527988 0.063723 0.015010 0.018373
0 0.966074 0.699695 0.016291 0.020233
0 0.340437 0.286611 0.015156 0.018821
0 0.072891 0.400711 0.019363 0.022537
0 0.767480 0.556231 0.017101 0.021575
0 0.117525 0.213936 0.016660 0.021007
0 0.855621 0.570053 0.018005 0.020477
0 0.011022 0.550192 0.014380 0.017826
0 0.325154 0.558844 0.016486 0.021778
0 0.805178 0.896765 0.016231 0.021212
0 0.550309 0.441589 0.014145 0.016809
0 0.435154 0.246096 0.015970 0.017893
0 0.425188 0.150177 0.017845 0.022409
0 0.863712 0.679409 0.018622 0.023400
0 0.290894 0.571342 0.014335 0.019335
0 0.210835 0.762310 0.017459 0.018710
0 0.492437 0.458172 0.014796 0.020870
0 0.292747 0.793828 0.017030 0.021190
0 0.903758 0.730541 0.017230 0.019851
0 0.151546 0.442394 0.015381 0.020039
0 0.684048 0.120577 0.017920 0.021282
0 0.138891 0.320786 0.016644 0.021334
0 0.504211 0.483826 0.015863 0.019142
0 0.610276 0.178549 0.016662 0.020901
0 0.556521 0.980931 0.016318 0.020519
0 0.429868 0.462914 0.017316 0.019339
0 0.363029 0.539658 0.016259 0.019242
0 0.176900 0.167836 0.013814 0.017583
0 0.690777 0.711894 0.016498 0.021372
0 0.440886 0.618580 0.017052 0.021489
0 0.725177 0.253253 0.016797 0.021960
0 0.365916 0.475330 0.020221 0.022475
0 0.265899 0.116442 0.017864 0.022076
0 0.296303 0.080678 0.013690 0.016726
0 0.518945 0.738868 0.016738 0.020446
0 0.536038 0.533621 0.015234 0.020244
0 0.059792 0.422031 0.015981 0.018726
0 0.705774 0.056494 0.017453 0.020300
0 0.299043 0.132255 0.017572 0.021591
0 0.580160 0.409898 0.015172 0.018298
0 0.942902 0.437164 0.013112 0.012766
0 0.435723 0.985594 0.015065 0.024010
0 0.913781 0.168067 0.015065 0.019208
0 0.271014 0.604442 0.015065 0.015606