0 0.703678 0.272400 0.016693 0.021764
0 0.416610 0.854291 0.014264 0.018868
0 0.351217 0.292800 0.017511 0.023109
0 0.833028 0.826319 0.015896 0.020378
0 0.944981 0.328852 0.019589 0.022939
0 0.926191 0.730782 0.014244 0.019033
0 0.451456 0.858856 0.012019 0.014988
0 0.361202 0.823312 0.014958 0.018398
0 0.297043 0.857437 0.015490 0.019765
0 0.774036 0.650943 0.013229 0.016388
0 0.660426 0.574420 0.015775 0.020878
0 0.811610 0.853060 0.016374 0.019884
0 0.427812 0.431080 0.017354 0.020579
0 0.806367 0.558048 0.015190 0.018811
0 0.809132 0.781967 0.013796 0.017623
0 0.421641 0.826520 0.015190 0.018737
0 0.729359 0.972887 0.017259 0.021599
0 0.090123 0.343171 0.013311 0.016107
0 0.633924 0.568767 0.017168 0.021940
0 0.985755 0.897555 0.018150 0.022751
0 0.940166 0.811043 0.015739 0.019646
0 0.937465 0.707641 0.014786 0.017592
0 0.015786 0.151608 0.014406 0.018676
0 0.321839 0.228503 0.016130 0.021328
0 0.430560 0.184253 0.013715 0.017968
0 0.139317 0.159091 0.020784 0.026432
0 0.982937 0.650818 0.018598 0.024634
0 0.752247 0.866761 0.015352 0.019305
0 0.721272 0.250789 0.015769 0.020380
0 0.966311 0.480061 0.014813 0.021627
0 0.595093 0.050618 0.015402 0.020748
0 0.945703 0.456603 0.015219 0.018962
0 0.164303 0.021557 0.019024 0.022154
0 0.674776 0.621775 0.016058 0.020137
0 0.135136 0.359395 0.016006 0.020482
0 0.304593 0.578677 0.018246 0.019737
0 0.960465 0.935140 0.014040 0.017169
0 0.143451 0.508482 0.014973 0.018951
0 0.898044 0.681890 0.014772 0.018587
0 0.055867 0.104089 0.015195 0.019862
0 0.554668 0.493187 0.024452 0.030378
0 0.956499 0.526136 0.014872 0.019068
0 0.678667 0.960789 0.016271 0.019909
0 0.216152 0.451426 0.015620 0.018740
0 0.974222 0.949583 0.012867 0.015934
0 0.434036 0.246248 0.015142 0.019738
0 0.236926 0.669419 0.016383 0.019794
0 0.943964 0.295304 0.015597 0.020252
0 0.436751 0.573304 0.015916 0.021031
0 0.970736 0.457168 0.014071 0.015791
0 0.614620 0.934031 0.016574 0.019797
0 0.965618 0.972055 0.015984 0.020366
0 0.303170 0.052953 0.016272 0.020149
0 0.033031 0.783977 0.013777 0.017056
0 0.701587 0.838911 0.014279 0.016357
0 0.348967 0.541217 0.013998 0.017247
0 0.244756 0.517708 0.016549 0.021204
0 0.597723 0.183626 0.016738 0.021113
0 0.900810 0.464865 0.014478 0.019336
0 0.844312 0.568545 0.016565 0.022382
0 0.387395 0.842200 0.014229 0.017833
0 0.749908 0.961604 0.013252 0.018200
0 0.640893 0.977957 0.013992 0.017505
0 0.289975 0.805872 0.018388 0.023238
0 0.360288 0.468992 0.016813 0.021197
0 0.699748 0.762453 0.016057 0.020860
0 0.143222 0.735207 0.016394 0.019525
0 0.230819 0.311649 0.018788 0.022928
0 0.415720 0.552511 0.017699 0.022191
0 0.840784 0.446632 0.018007 0.019965
0 0.699824 0.861876 0.014536 0.019221
0 0.931728 0.877559 0.015692 0.019368
0 0.940669 0.100945 0.015611 0.019297
0 0.604827 0.859688 0.016526 0.021888
0 0.153422 0.484983 0.015231 0.019742
0 0.644516 0.331510 0.014502 0.019820
0 0.319892 0.550594 0.016891 0.019869
0 0.145457 0.112990 0.015336 0.018695
0 0.764391 0.290542 0.013752 0.020472
0 0.739776 0.767956 0.017742 0.019710
0 0.413553 0.090985 0.017779 0.021224
0 0.982174 0.212104 0.014032 0.016984
0 0.888751 0.757811 0.017274 0.023706
0 0.152606 0.443989 0.016399 0.021191
0 0.951578 0.133299 0.015597 0.019039
0 0.210322 0.816718 0.014745 0.018437
0 0.905806 0.731330 0.013857 0.018698
0 0.962160 0.180383 0.013617 0.015973
0 0.199507 0.483554 0.011938 0.014101
0 0.775504 0.571377 0.015831 0.018350
0 0.487668 0.460505 0.015436 0.019774
0 0.875969 0.078369 0.016858 0.019183
0 0.878252 0.941999 0.015578 0.020770
0 0.484032 0.511997 0.017720 0.022909
0 0.075260 0.242510 0.014573 0.019796
0 0.840415 0.945394 0.016337 0.020246
0 0.684129 0.286131 0.013766 0.018368
0 0.557629 0.317640 0.018054 0.022642
0 0.922954 0.829521 0.012692 0.018097
0 0.799477 0.171299 0.016302 0.020233
0 0.346884 0.730323 0.017271 0.021554
0 0.347336 0.810360 0.013573 0.018043
0 0.269299 0.179241 0.014021 0.018834
0 0.441382 0.616083 0.016340 0.019574
0 0.693217 0.713487 0.016269 0.020415
0 0.311758 0.101403 0.015600 0.018154
0 0.346200 0.088184 0.014092 0.017465
0 0.294004 0.127350 0.014843 0.019609
0 0.797594 0.822758 0.017076 0.019344
0 0.767532 0.192512 0.015727 0.019165
0 0.250569 0.385729 0.016175 0.020535
0 0.699166 0.248576 0.012353 0.014580
0 0.815553 0.323890 0.016730 0.019756
0 0.930639 0.418952 0.014027 0.018108
0 0.424869 0.145802 0.016734 0.018795
0 0.326252 0.287515 0.015065 0.020408
0 0.261975 0.301321 0.019082 0.024010