0 0.912372 0.883635 0.017365 0.021258
0 0.982158 0.293727 0.018297 0.022709
0 0.233786 0.554724 0.018641 0.023862
0 0.787964 0.190214 0.018022 0.023720
0 0.008376 0.192567 0.016695 0.022054
0 0.124686 0.908920 0.017583 0.022582
0 0.976686 0.860807 0.018264 0.021740
0 0.858854 0.233460 0.017144 0.021952
0 0.177734 0.865506 0.018307 0.021994
0 0.234209 0.737455 0.019453 0.028216
0 0.154508 0.899487 0.018798 0.025556
0 0.825470 0.480606 0.019921 0.023349
0 0.344337 0.920866 0.018049 0.021283
0 0.030091 0.820748 0.018825 0.022663
0 0.418808 0.035115 0.014852 0.018511
0 0.278368 0.312633 0.018609 0.022994
0 0.558977 0.180615 0.016067 0.020010
0 0.808990 0.166520 0.018287 0.023183
0 0.669316 0.203199 0.014799 0.018944
0 0.327249 0.147971 0.017950 0.026419
0 0.014772 0.858221 0.015911 0.017633
0 0.086876 0.504306 0.019499 0.023032
0 0.130669 0.180653 0.017626 0.021033
0 0.423440 0.174644 0.017849 0.021572
0 0.145507 0.641304 0.017531 0.020287
0 0.315861 0.039252 0.017585 0.021401
0 0.482887 0.779578 0.018308 0.023597
0 0.277082 0.602297 0.014157 0.017272
0 0.210439 0.736890 0.018574 0.021811
0 0.873618 0.874890 0.016788 0.020636
0 0.272731 0.422728 0.016767 0.019872
0 0.769273 0.207248 0.015577 0.019069
0 0.542535 0.737412 0.018063 0.024907
0 0.808023 0.237098 0.016849 0.020429
0 0.626902 0.102809 0.015333 0.021099
0 0.083281 0.875208 0.014175 0.018303
0 0.627976 0.261510 0.015851 0.023705
0 0.118588 0.712332 0.021188 0.026865
0 0.753294 0.988615 0.016051 0.016901
0 0.114925 0.404379 0.017151 0.021101
0 0.124668 0.794489 0.017739 0.021499
0 0.653592 0.261553 0.018289 0.023913
0 0.694373 0.837589 0.019037 0.021955
0 0.433905 0.667665 0.014387 0.019565
0 0.343360 0.308394 0.016897 0.021276
0 0.783193 0.843546 0.022509 0.025894
0 0.265673 0.627614 0.017479 0.022773
0 0.060468 0.152475 0.017974 0.021439
0 0.686944 0.223493 0.018190 0.021504
0 0.048971 0.414127 0.017833 0.021816
0 0.065031 0.185259 0.018811 0.023907
0 0.908582 0.386267 0.016290 0.021881
0 0.641741 0.460454 0.014905 0.018426
0 0.111207 0.034524 0.013291 0.017017
0 0.792569 0.874330 0.019116 0.021369
0 0.321674 0.409597 0.014725 0.016144
0 0.410968 0.470479 0.017132 0.021510
0 0.773342 0.232874 0.017315 0.018137
0 0.296459 0.688420 0.016707 0.019818
0 0.055721 0.082490 0.016842 0.021782
0 0.549113 0.146719 0.014056 0.016388
0 0.122801 0.217031 0.019067 0.023289
0 0.034437 0.886283 0.018038 0.020991
0 0.299646 0.152722 0.016966 0.018964
0 0.543684 0.654483 0.015548 0.019217
0 0.867302 0.625606 0.019340 0.021439
0 0.641324 0.296796 0.014721 0.017942
0 0.784040 0.046493 0.014698 0.016593
0 0.364919 0.257503 0.018078 0.022809
0 0.522597 0.411765 0.014061 0.016807
0 0.340815 0.396759 0.014061 0.020408
0 0.348347 0.376351 0.021091 0.018007
0 0.298131 0.282713 0.013056 0.015606
0 0.305161 0.261705 0.017073 0.016807
0 0.312694 0.235294 0.016069 0.014406
0 0.497991 0.087035 0.017073 0.015606
0 0.158530 0.031813 0.013056 0.015606
0 0.057093 0.121849 0.019082 0.020408
0 0.026964 0.178872 0.013056 0.019208
0 0.297127 0.423770 0.013056 0.016807
0 0.262478 0.570228 0.016069 0.014406
0 0.239378 0.579832 0.016069 0.019208
0 0.051570 0.686074 0.016069 0.018007
0 0.012903 0.690276 0.017073 0.016807
0 0.112833 0.861945 0.016069 0.016807
0 0.149993 0.974790 0.014061 0.021609
0 0.079189 0.949580 0.015065 0.019208
0 0.048557 0.942977 0.012052 0.018007
0 0.261473 0.743697 0.016069 0.018007
0 0.476901 0.672269 0.013056 0.019208
0 0.492970 0.659664 0.013056 0.013205
0 0.638094 0.510204 0.016069 0.016807
0 0.486442 0.480792 0.014061 0.018007
0 0.250426 0.423770 0.016069 0.019208
0 0.330772 0.286315 0.014061 0.020408
0 0.600934 0.151861 0.014061 0.013205
0 0.889175 0.333733 0.020086 0.014406
0 0.882145 0.426771 0.012052 0.020408
0 0.953954 0.224490 0.013056 0.014406
0 0.901729 0.105042 0.017073 0.018007
0 0.866578 0.078031 0.019082 0.019208
0 0.817868 0.201681 0.016069 0.016807
0 0.811340 0.663265 0.015065 0.020408