0 0.626202 0.944555 0.020153 0.025714
0 0.280859 0.385538 0.020021 0.025234
0 0.499750 0.201373 0.020206 0.023558
0 0.240201 0.031445 0.013297 0.018551
0 0.802592 0.231198 0.020282 0.024600
0 0.717701 0.168707 0.021305 0.028472
0 0.939274 0.892989 0.015081 0.019035
0 0.123397 0.172068 0.021771 0.025787
0 0.075432 0.930381 0.017497 0.022440
0 0.128864 0.458488 0.013685 0.016045
0 0.815542 0.868319 0.019564 0.023702
0 0.315585 0.061346 0.016908 0.019129
0 0.214087 0.226551 0.017526 0.021558
0 0.768786 0.949616 0.016801 0.021459
0 0.033090 0.932853 0.016809 0.022004
0 0.024478 0.150702 0.018421 0.024589
0 0.131157 0.231688 0.019988 0.025148
0 0.084538 0.661669 0.017956 0.021477
0 0.328922 0.820428 0.015591 0.020020
0 0.116268 0.490341 0.019573 0.023143
0 0.801288 0.955947 0.015824 0.018542
0 0.606019 0.145862 0.018035 0.021327
0 0.048342 0.154399 0.015826 0.022327
0 0.060034 0.361980 0.015844 0.018679
0 0.804561 0.621371 0.020005 0.023853
0 0.932048 0.833418 0.018530 0.024228
0 0.241777 0.210961 0.020582 0.023768
0 0.722803 0.899198 0.017423 0.020744
0 0.096039 0.363709 0.015221 0.020058
0 0.491515 0.075691 0.017176 0.022407
0 0.331098 0.040985 0.016808 0.018125
0 0.301555 0.040303 0.016009 0.013379
0 0.288424 0.527015 0.020251 0.025231
0 0.566736 0.942691 0.015690 0.020707
0 0.307183 0.826919 0.015610 0.019100
0 0.465254 0.677004 0.018764 0.021998
0 0.512102 0.965978 0.024074 0.027842
0 0.114325 0.634492 0.019558 0.024074
0 0.660632 0.140516 0.014864 0.018297
0 0.206936 0.926084 0.015746 0.019004
0 0.825385 0.526267 0.017209 0.021834
0 0.767874 0.802678 0.019273 0.024323
0 0.905129 0.989598 0.017809 0.017584
0 0.832309 0.291582 0.020255 0.022902
0 0.249394 0.467035 0.019037 0.024921
0 0.785079 0.652987 0.018656 0.022276
0 0.195835 0.877733 0.018982 0.022476
0 0.432816 0.765770 0.019986 0.025022
0 0.380151 0.654659 0.017567 0.019332
0 0.275982 0.908267 0.018065 0.019625
0 0.280583 0.299245 0.014841 0.017331
0 0.733780 0.533291 0.020199 0.024549
0 0.502436 0.876786 0.017944 0.022435
0 0.610230 0.624653 0.017234 0.021784
0 0.699848 0.897831 0.014792 0.019811
0 0.468525 0.794984 0.018307 0.023360
0 0.651267 0.680864 0.015939 0.020546
0 0.022593 0.479216 0.021237 0.021523
0 0.474691 0.176031 0.015665 0.021483
0 0.519332 0.299847 0.018891 0.021691
0 0.529864 0.433444 0.018036 0.021567
0 0.043535 0.986795 0.020086 0.021609
0 0.266495 0.046819 0.020086 0.021609
0 0.288088 0.023409 0.015065 0.013205
0 0.329265 0.018007 0.013056 0.016807
0 0.425178 0.040816 0.014061 0.016807
0 0.453801 0.043818 0.015065 0.020408
0 0.801799 0.055822 0.016069 0.020408
0 0.830422 0.051621 0.015065 0.016807
0 0.064124 0.048019 0.015065 0.014406
0 0.044037 0.106242 0.017073 0.018007
0 0.093249 0.188475 0.015065 0.021609
0 0.216279 0.961585 0.014061 0.019208
0 0.233854 0.930372 0.015065 0.014406
0 0.322235 0.093637 0.015065 0.014406
0 0.574320 0.591837 0.013056 0.016807
0 0.551723 0.616447 0.022095 0.020408
0 0.786232 0.753902 0.013056 0.019208
0 0.531636 0.847539 0.018078 0.021609
0 0.741540 0.127251 0.018078 0.019208