0 0.249536 0.471473 0.019794 0.024836
0 0.281000 0.385023 0.019165 0.024619
0 0.117479 0.488505 0.016743 0.023088
0 0.622338 0.946604 0.017751 0.022171
0 0.492619 0.170991 0.021502 0.025585
0 0.066996 0.040103 0.016653 0.022124
0 0.759510 0.803406 0.020599 0.023519
0 0.008003 0.668238 0.015860 0.018691
0 0.302913 0.825414 0.016202 0.021618
0 0.247453 0.271126 0.014662 0.018360
0 0.979064 0.667135 0.016371 0.021020
0 0.076407 0.425364 0.016956 0.021935
0 0.034644 0.933317 0.015964 0.020359
0 0.607021 0.617661 0.016532 0.020600
0 0.057787 0.815583 0.014536 0.019812
0 0.509915 0.963866 0.022432 0.027544
0 0.455135 0.257399 0.016405 0.022133
0 0.260106 0.008388 0.014546 0.015884
0 0.530708 0.437256 0.016712 0.021953
0 0.231586 0.938166 0.017314 0.020829
0 0.053885 0.324759 0.016401 0.020132
0 0.443578 0.797790 0.018050 0.024303
0 0.192311 0.180791 0.018401 0.022787
0 0.574748 0.111574 0.016296 0.020165
0 0.642734 0.348682 0.015236 0.020044
0 0.779518 0.207139 0.017118 0.021184
0 0.784718 0.653361 0.016248 0.019118
0 0.329344 0.812695 0.015613 0.020355
0 0.067373 0.346637 0.015601 0.018964
0 0.720126 0.526578 0.017748 0.022500
0 0.124699 0.168921 0.019547 0.024179
0 0.130205 0.232854 0.016925 0.023710
0 0.844027 0.857967 0.014743 0.018048
0 0.824754 0.524054 0.016377 0.020956
0 0.485364 0.876745 0.016692 0.020959
0 0.293534 0.462242 0.014378 0.019229
0 0.506714 0.849312 0.016977 0.022323
0 0.959549 0.510017 0.017277 0.020652
0 0.832413 0.498585 0.017503 0.019852
0 0.814683 0.867527 0.019904 0.023676
0 0.844000 0.557095 0.014575 0.017664
0 0.796282 0.618736 0.017904 0.021618
0 0.262343 0.508447 0.017150 0.023204
0 0.325276 0.494271 0.016709 0.023397
0 0.944933 0.971438 0.019400 0.021048
0 0.614730 0.069296 0.014712 0.019390
0 0.559367 0.562772 0.015555 0.018586
0 0.314701 0.054934 0.017295 0.019448
0 0.766558 0.947266 0.015706 0.019880
0 0.938387 0.890946 0.015139 0.019689
0 0.207413 0.927469 0.014733 0.019411
0 0.013332 0.489592 0.016383 0.022747
0 0.215276 0.226042 0.017071 0.022821
0 0.817358 0.276103 0.019085 0.021878
0 0.466418 0.051686 0.016351 0.020492
0 0.704197 0.139815 0.017906 0.023046
0 0.377487 0.653343 0.014899 0.017356
0 0.452568 0.163441 0.017037 0.022320
0 0.725364 0.895647 0.017087 0.021634
0 0.790717 0.750232 0.019355 0.024043
0 0.167628 0.692182 0.015570 0.020544
0 0.650985 0.679208 0.017029 0.020406
0 0.067236 0.157451 0.015724 0.021688
0 0.080617 0.599830 0.017983 0.021358
0 0.253916 0.959972 0.014826 0.018214
0 0.106544 0.468851 0.014436 0.017586
0 0.838158 0.094905 0.014368 0.017893
0 0.096890 0.499207 0.014236 0.020527
0 0.742229 0.923362 0.018645 0.022923
0 0.741592 0.092976 0.019389 0.022341
0 0.196993 0.875693 0.017608 0.022062
0 0.235754 0.019290 0.013536 0.018744
0 0.252050 0.891666 0.016106 0.022173
0 0.465183 0.337013 0.013672 0.017858
0 0.467371 0.677848 0.016765 0.020622
0 0.188661 0.944382 0.014235 0.020111
0 0.647230 0.105195 0.017225 0.019843
0 0.385770 0.085390 0.015310 0.020217
0 0.977860 0.233789 0.018372 0.023893
0 0.042080 0.633560 0.016888 0.020936
0 0.668920 0.769279 0.015328 0.020386
0 0.077097 0.925312 0.018935 0.023266
0 0.665506 0.605655 0.017333 0.019755
0 0.413302 0.761354 0.020290 0.022415
0 0.011036 0.889462 0.014550 0.022237
0 0.805853 0.402661 0.017446 0.021293
0 0.539274 0.584173 0.015977 0.018482
0 0.802258 0.052865 0.012720 0.017823
0 0.701282 0.926596 0.014802 0.019414
0 0.320226 0.091236 0.015065 0.014406
0 0.418148 0.036014 0.016069 0.016807
0 0.329767 0.018607 0.018078 0.015606
0 0.042531 0.070828 0.018078 0.019208
0 0.050063 0.109844 0.017073 0.018007
0 0.378477 0.061224 0.015065 0.019208
0 0.218789 0.966387 0.019082 0.021609
0 0.616502 0.975990 0.015065 0.014406
0 0.590891 0.646459 0.016069 0.018007