0 0.786473 0.836996 0.022059 0.026006
0 0.233110 0.554581 0.018612 0.024280
0 0.911707 0.883379 0.017306 0.021225
0 0.616405 0.302312 0.018944 0.022880
0 0.851313 0.246247 0.019103 0.022210
0 0.009040 0.245650 0.017554 0.023058
0 0.860681 0.304969 0.016480 0.021246
0 0.975445 0.291176 0.016273 0.020527
0 0.923728 0.358908 0.016981 0.022505
0 0.793776 0.869704 0.019499 0.024949
0 0.770874 0.233532 0.016529 0.020294
0 0.155074 0.818560 0.021116 0.026476
0 0.124716 0.909410 0.018120 0.023515
0 0.716497 0.310056 0.017504 0.022562
0 0.151068 0.922940 0.017792 0.022662
0 0.212802 0.739809 0.016845 0.021437
0 0.630161 0.015847 0.018025 0.023542
0 0.888595 0.655711 0.020498 0.023237
0 0.428399 0.267509 0.018436 0.023786
0 0.432939 0.670218 0.014989 0.019795
0 0.325525 0.202001 0.020084 0.024473
0 0.451238 0.010658 0.017302 0.018427
0 0.155855 0.888926 0.019711 0.025131
0 0.136899 0.247712 0.016797 0.023955
0 0.123428 0.797531 0.017060 0.020283
0 0.327517 0.108881 0.018455 0.022532
0 0.792697 0.247933 0.017847 0.024977
0 0.870092 0.873092 0.016476 0.020168
0 0.770428 0.204824 0.015886 0.020803
0 0.683734 0.269024 0.015469 0.019471
0 0.259314 0.612088 0.016687 0.021551
0 0.053295 0.789272 0.016948 0.021146
0 0.411384 0.325038 0.018078 0.023791
0 0.914492 0.453914 0.016774 0.020585
0 0.486332 0.789869 0.018569 0.023150
0 0.293518 0.330882 0.020120 0.022874
0 0.057046 0.201109 0.018437 0.021610
0 0.083156 0.874876 0.015407 0.020111
0 0.660163 0.535874 0.014819 0.019956
0 0.044021 0.413750 0.016605 0.020661
0 0.428255 0.519129 0.018189 0.022787
0 0.581089 0.936909 0.018433 0.022346
0 0.085695 0.504723 0.019285 0.024538
0 0.372385 0.028174 0.017572 0.020949
0 0.540677 0.656338 0.016610 0.020452
0 0.513068 0.608507 0.017069 0.021444
0 0.065803 0.268136 0.018335 0.023284
0 0.734776 0.988825 0.018190 0.018612
0 0.298387 0.687486 0.015764 0.019066
0 0.054813 0.159513 0.019420 0.023225
0 0.283379 0.523719 0.016476 0.020322
0 0.887220 0.840972 0.014377 0.019411
0 0.940117 0.457221 0.014859 0.020638
0 0.236697 0.740041 0.015929 0.022171
0 0.882201 0.420223 0.019334 0.024343
0 0.169726 0.065844 0.016994 0.021413
0 0.866108 0.621947 0.018963 0.020244
0 0.155837 0.733985 0.015969 0.021297
0 0.655687 0.166235 0.016286 0.019752
0 0.581711 0.241435 0.017542 0.019986
0 0.634494 0.503138 0.015392 0.018248
0 0.287828 0.720992 0.017463 0.022809
0 0.046840 0.128677 0.016497 0.018458
0 0.006962 0.729966 0.013924 0.021892
0 0.370570 0.343972 0.015140 0.019303
0 0.310365 0.276866 0.014561 0.017733
0 0.329381 0.408140 0.014279 0.017810
0 0.827808 0.982234 0.017410 0.022724
0 0.218289 0.035251 0.014352 0.016262
0 0.120197 0.272031 0.018766 0.023786
0 0.538351 0.165829 0.015954 0.019577
0 0.260856 0.572154 0.013755 0.017480
0 0.940574 0.819323 0.012485 0.016137
0 0.520785 0.405818 0.017546 0.021441
0 0.551745 0.149473 0.014086 0.017500
0 0.030389 0.916131 0.018170 0.025999
0 0.314780 0.391123 0.017540 0.020902
0 0.652766 0.274269 0.020638 0.023499
0 0.600790 0.153095 0.015724 0.020154
0 0.297455 0.841077 0.018502 0.023234
0 0.135640 0.075261 0.014643 0.017303
0 0.525572 0.818880 0.014142 0.019075
0 0.108578 0.521962 0.016028 0.019318
0 0.800901 0.081827 0.016294 0.020613
0 0.641316 0.299631 0.014631 0.018488
0 0.924664 0.176125 0.017543 0.022442
0 0.314817 0.241107 0.015505 0.017756
0 0.298988 0.152200 0.016976 0.020774
0 0.935238 0.679442 0.015116 0.020689
0 0.330362 0.451325 0.015428 0.019076
0 0.244400 0.450180 0.018078 0.016807
0 0.372451 0.420168 0.017073 0.016807
0 0.376468 0.439976 0.015065 0.015606
0 0.261975 0.740696 0.013056 0.016807
0 0.084210 0.954382 0.013056 0.014406
0 0.108314 0.943577 0.013056 0.014406
0 0.023951 0.183673 0.015065 0.014406
0 0.991114 0.244898 0.015065 0.014406
0 0.992621 0.271309 0.012052 0.016807
0 0.436728 0.091236 0.015065 0.016807
0 0.295118 0.256903 0.017073 0.016807
0 0.474892 0.255702 0.017073 0.014406