0 0.139875 0.369114 0.018674 0.022185
0 0.559783 0.528958 0.023353 0.032018
0 0.520149 0.468225 0.016339 0.021093
0 0.216438 0.321498 0.019911 0.028045
0 0.983842 0.646752 0.018080 0.021890
0 0.780246 0.789471 0.020241 0.022486
0 0.234141 0.742463 0.018307 0.020662
0 0.706286 0.272352 0.015961 0.021530
0 0.961116 0.313735 0.016624 0.022101
0 0.251006 0.388092 0.016011 0.019647
0 0.294310 0.562562 0.015730 0.019227
0 0.326422 0.109152 0.018236 0.023517
0 0.405620 0.233522 0.016882 0.022394
0 0.240122 0.316317 0.017879 0.025086
0 0.723905 0.253751 0.015860 0.020451
0 0.316604 0.059864 0.019708 0.023130
0 0.319849 0.558762 0.019051 0.024871
0 0.795066 0.824852 0.021192 0.024163
0 0.717467 0.747118 0.016697 0.022192
0 0.231975 0.368694 0.017192 0.022868
0 0.946640 0.332799 0.016652 0.019891
0 0.398570 0.486880 0.017565 0.023053
0 0.781370 0.454287 0.018690 0.023549
0 0.903886 0.774469 0.018362 0.022971
0 0.958528 0.695935 0.016420 0.020083
0 0.121899 0.293857 0.014766 0.018497
0 0.390419 0.844572 0.017741 0.022497
0 0.420006 0.548606 0.017869 0.023606
0 0.436865 0.753248 0.017536 0.025949
0 0.482330 0.488222 0.015651 0.020335
0 0.067005 0.390973 0.018278 0.022631
0 0.440377 0.402314 0.017793 0.022001
0 0.398373 0.783465 0.018663 0.020272
0 0.061275 0.423994 0.016133 0.020340
0 0.629854 0.066955 0.018051 0.022448
0 0.957829 0.848084 0.018609 0.024004
0 0.750594 0.751257 0.015213 0.019907
0 0.382191 0.663616 0.016455 0.019912
0 0.352346 0.768713 0.016818 0.018128
0 0.497880 0.020041 0.017083 0.024868
0 0.255293 0.523848 0.018138 0.022105
0 0.139451 0.574496 0.017892 0.023033
0 0.307614 0.579675 0.016558 0.019695
0 0.299879 0.287741 0.016063 0.023201
0 0.426497 0.154916 0.018195 0.021930
0 0.032181 0.539378 0.018485 0.021866
0 0.731922 0.863948 0.016495 0.021211
0 0.340263 0.287834 0.016905 0.021646
0 0.605715 0.859450 0.018590 0.023146
0 0.969578 0.286123 0.016761 0.020820
0 0.600105 0.186394 0.016609 0.020427
0 0.927782 0.776659 0.015360 0.020401
0 0.948966 0.456504 0.016300 0.021042
0 0.469610 0.065382 0.013584 0.017606
0 0.480141 0.300290 0.017696 0.021351
0 0.492361 0.461183 0.015940 0.020647
0 0.700867 0.764630 0.016138 0.020974
0 0.218961 0.452738 0.018415 0.020332
0 0.962085 0.965545 0.017307 0.025807
0 0.549997 0.443171 0.015418 0.018533
0 0.684795 0.286748 0.015295 0.021566
0 0.803926 0.570987 0.016254 0.019476
0 0.363268 0.830629 0.019442 0.028188
0 0.435564 0.245180 0.015241 0.019772
0 0.560240 0.319625 0.020326 0.024617
0 0.691089 0.713662 0.017840 0.022152
0 0.427581 0.466270 0.016010 0.018178
0 0.856765 0.571963 0.018824 0.022471
0 0.904602 0.732828 0.017679 0.018982
0 0.483153 0.970455 0.016106 0.021917
0 0.146373 0.113120 0.016920 0.020546
0 0.805740 0.640438 0.019272 0.022279
0 0.362396 0.468170 0.016528 0.019457
0 0.350058 0.546236 0.015580 0.019190
0 0.504487 0.047076 0.014528 0.018632
0 0.153930 0.391329 0.016263 0.021674
0 0.163826 0.020675 0.024058 0.024058
0 0.151339 0.444706 0.016325 0.022995
0 0.440237 0.623393 0.016394 0.022321
0 0.559776 0.980048 0.015744 0.018895
0 0.106139 0.204442 0.016270 0.021059
0 0.520454 0.742594 0.015761 0.019660
0 0.101466 0.283307 0.013980 0.020158
0 0.261756 0.661607 0.019211 0.029198
0 0.711727 0.494236 0.015216 0.018749
0 0.536107 0.536017 0.015012 0.018388
0 0.185652 0.724479 0.015351 0.021617
0 0.693345 0.057534 0.017848 0.020702
0 0.268038 0.117703 0.017119 0.021396
0 0.351537 0.806519 0.016597 0.020656
0 0.684463 0.122884 0.017341 0.020899
0 0.414611 0.089938 0.021734 0.024961
0 0.464926 0.478806 0.014581 0.017796
0 0.046433 0.383197 0.016092 0.021052
0 0.756650 0.647657 0.016898 0.022850
0 0.501228 0.374400 0.014075 0.017667
0 0.295363 0.131346 0.016909 0.021578
0 0.942076 0.438574 0.014683 0.015047
0 0.272930 0.072798 0.014358 0.017593
0 0.904397 0.168482 0.015365 0.018003
0 0.351360 0.489196 0.015065 0.013205
0 0.677263 0.965786 0.016069 0.018007