0 0.911974 0.883354 0.017284 0.021059
0 0.818357 0.260853 0.017198 0.020152
0 0.233476 0.554129 0.018708 0.023726
0 0.676957 0.238570 0.014851 0.020594
0 0.154191 0.893898 0.018886 0.025457
0 0.007593 0.207992 0.015186 0.022704
0 0.086646 0.504399 0.019923 0.023550
0 0.873250 0.286474 0.018298 0.022207
0 0.124395 0.909339 0.017479 0.023783
0 0.211274 0.738807 0.018179 0.022391
0 0.776367 0.840731 0.024612 0.027714
0 0.843591 0.549302 0.020104 0.027369
0 0.167206 0.923028 0.017352 0.022226
0 0.980737 0.293456 0.017614 0.022216
0 0.319679 0.167076 0.019834 0.022352
0 0.830283 0.199487 0.019965 0.023470
0 0.791346 0.211227 0.017996 0.023846
0 0.135926 0.679430 0.016183 0.019054
0 0.132048 0.761900 0.020996 0.022467
0 0.652767 0.266182 0.019192 0.027994
0 0.700833 0.893355 0.019240 0.025143
0 0.480274 0.779991 0.018312 0.022325
0 0.107069 0.257091 0.017786 0.021379
0 0.873248 0.873358 0.016424 0.020246
0 0.626109 0.264326 0.017802 0.025104
0 0.007339 0.729227 0.014386 0.020615
0 0.413841 0.048528 0.016810 0.020359
0 0.638411 0.136778 0.016536 0.021076
0 0.122507 0.796944 0.015819 0.020693
0 0.054619 0.179641 0.017947 0.019972
0 0.236110 0.742301 0.014655 0.019135
0 0.791236 0.868569 0.016928 0.022073
0 0.061379 0.218263 0.020374 0.024250
0 0.419033 0.209092 0.017830 0.021593
0 0.029056 0.839620 0.018928 0.024458
0 0.006288 0.914317 0.012575 0.021252
0 0.767249 0.207324 0.017198 0.019890
0 0.882742 0.134835 0.019149 0.021758
0 0.265459 0.659261 0.018458 0.024403
0 0.300089 0.148995 0.015821 0.021785
0 0.306890 0.388680 0.015875 0.019248
0 0.043962 0.412123 0.016858 0.020342
0 0.269193 0.629926 0.014757 0.017871
0 0.321100 0.402096 0.013141 0.015180
0 0.522464 0.409894 0.018340 0.024385
0 0.335861 0.987924 0.016135 0.017899
0 0.413315 0.470572 0.017386 0.020782
0 0.285791 0.754269 0.017180 0.020398
0 0.038702 0.924840 0.018884 0.023094
0 0.376058 0.283000 0.017543 0.020710
0 0.152515 0.039188 0.015574 0.020004
0 0.906954 0.417516 0.016658 0.020042
0 0.277171 0.321842 0.018140 0.023171
0 0.556254 0.205736 0.018004 0.020991
0 0.120229 0.215766 0.017499 0.022180
0 0.049491 0.698712 0.016348 0.019971
0 0.311968 0.063518 0.019112 0.021855
0 0.772180 0.233779 0.017361 0.020081
0 0.431244 0.667934 0.017852 0.021884
0 0.864022 0.629172 0.018405 0.022479
0 0.906436 0.381159 0.015645 0.019599
0 0.083032 0.874519 0.014495 0.016945
0 0.696031 0.252661 0.018416 0.021016
0 0.650767 0.486243 0.014996 0.019724
0 0.546568 0.149803 0.014549 0.017443
0 0.242544 0.450817 0.015382 0.019525
0 0.275221 0.460508 0.015650 0.019907
0 0.820413 0.989099 0.018093 0.017934
0 0.099286 0.444899 0.015787 0.020646
0 0.545195 0.806723 0.017073 0.019208
0 0.259967 0.567227 0.017073 0.013205
0 0.241889 0.585234 0.013056 0.015606
0 0.541177 0.649460 0.015065 0.019208
0 0.825401 0.234094 0.021091 0.016807
0 0.597419 0.152461 0.015065 0.014406
0 0.492970 0.125450 0.015065 0.020408
0 0.351862 0.315726 0.012052 0.014406
0 0.342321 0.372749 0.015065 0.015606
0 0.347845 0.392557 0.012052 0.014406
0 0.098773 0.896158 0.016069 0.015606
0 0.081699 0.955582 0.014061 0.019208
0 0.025457 0.179472 0.014061 0.018007
0 0.049561 0.103842 0.016069 0.022809
0 0.052072 0.136855 0.019082 0.019208
0 0.116851 0.057023 0.016069 0.018007
0 0.302650 0.266507 0.014061 0.016807
0 0.313698 0.243697 0.014061 0.014406
0 0.330269 0.286315 0.011048 0.013205
0 0.486442 0.530012 0.016069 0.018007
0 0.631064 0.506603 0.014061 0.019208
0 0.311187 0.427971 0.013056 0.013205
0 0.118357 0.472989 0.015065 0.021609
0 0.961989 0.258103 0.015065 0.016807
0 0.882647 0.427971 0.013056 0.018007
0 0.827912 0.740096 0.012052 0.018007
0 0.482424 0.728691 0.014061 0.016807
0 0.504017 0.724490 0.013056 0.013205
0 0.307672 0.293517 0.012052 0.013205
0 0.794769 0.076230 0.016069 0.015606