0 0.307862 0.580324 0.015739 0.020270
0 0.492334 0.976902 0.017337 0.017921
0 0.215929 0.323062 0.019569 0.025995
0 0.559301 0.528678 0.023401 0.031442
0 0.068163 0.398315 0.018385 0.021420
0 0.171182 0.404742 0.017060 0.020152
0 0.568704 0.483093 0.017303 0.020300
0 0.439871 0.814200 0.019264 0.022477
0 0.724839 0.763612 0.016262 0.021749
0 0.352506 0.809140 0.016128 0.020746
0 0.992080 0.314050 0.015185 0.019519
0 0.958607 0.695976 0.016613 0.020475
0 0.322184 0.557568 0.017261 0.022236
0 0.412485 0.487310 0.018344 0.023412
0 0.251021 0.387883 0.015890 0.019404
0 0.359962 0.081684 0.019431 0.023891
0 0.983602 0.646428 0.017945 0.022357
0 0.980513 0.853422 0.018093 0.022118
0 0.513589 0.467125 0.014997 0.018288
0 0.363102 0.770803 0.018872 0.024680
0 0.946517 0.332741 0.017000 0.020309
0 0.795136 0.824885 0.019196 0.024527
0 0.684118 0.286554 0.015505 0.019659
0 0.362429 0.467579 0.015635 0.018502
0 0.960233 0.310842 0.016855 0.022715
0 0.262972 0.662727 0.018445 0.025792
0 0.419700 0.548655 0.018920 0.024185
0 0.233534 0.367833 0.016204 0.021723
0 0.278808 0.790773 0.017001 0.020116
0 0.781274 0.453126 0.018740 0.022597
0 0.372017 0.008353 0.015575 0.015090
0 0.781780 0.889831 0.016172 0.020800
0 0.601019 0.184849 0.015838 0.019305
0 0.156134 0.299061 0.014674 0.017336
0 0.291520 0.092058 0.013508 0.015579
0 0.550784 0.442676 0.014528 0.016641
0 0.255095 0.527724 0.018490 0.022054
0 0.291246 0.570705 0.014585 0.019467
0 0.510016 0.071597 0.014590 0.018448
0 0.503840 0.030335 0.019998 0.026370
0 0.700889 0.764237 0.015648 0.020040
0 0.842488 0.674036 0.017798 0.022906
0 0.219993 0.454374 0.017612 0.020831
0 0.152177 0.444257 0.015192 0.020455
0 0.706191 0.271552 0.015881 0.020986
0 0.297444 0.134875 0.017783 0.022171
0 0.607065 0.858848 0.019677 0.024130
0 0.440490 0.751463 0.017872 0.023700
0 0.948818 0.455565 0.016283 0.020490
0 0.145926 0.361854 0.018169 0.022315
0 0.110999 0.215099 0.016572 0.020920
0 0.404681 0.232678 0.016564 0.021657
0 0.300013 0.288158 0.016655 0.022046
0 0.442279 0.401656 0.016423 0.021448
0 0.370191 0.828104 0.017109 0.029927
0 0.562048 0.053698 0.014540 0.017694
0 0.903325 0.779039 0.018409 0.023256
0 0.492925 0.459907 0.015253 0.020625
0 0.140216 0.571406 0.017350 0.020685
0 0.425672 0.151105 0.018069 0.022523
0 0.962459 0.965216 0.017613 0.025212
0 0.787544 0.774774 0.016546 0.018903
0 0.630965 0.065054 0.018346 0.022219
0 0.382353 0.663004 0.015009 0.019442
0 0.241712 0.316151 0.019419 0.023621
0 0.146007 0.113730 0.016807 0.021039
0 0.830051 0.821343 0.018068 0.019985
0 0.691286 0.713473 0.017372 0.021148
0 0.856178 0.571150 0.018311 0.020600
0 0.049850 0.384852 0.015158 0.018723
0 0.031361 0.541155 0.016811 0.020498
0 0.163033 0.021969 0.024010 0.025096
0 0.340345 0.288041 0.016475 0.020226
0 0.535134 0.529350 0.014625 0.021893
0 0.847706 0.597408 0.015769 0.018300
0 0.726171 0.255152 0.017944 0.024357
0 0.679133 0.961025 0.016751 0.021049
0 0.441301 0.617771 0.017668 0.021218
0 0.127856 0.313784 0.014066 0.018484
0 0.756267 0.647313 0.017083 0.024706
0 0.562233 0.316942 0.019924 0.024342
0 0.352120 0.543878 0.016667 0.019617
0 0.435404 0.246783 0.015376 0.018277
0 0.950528 0.798691 0.015857 0.018927
0 0.684461 0.121987 0.017109 0.020541
0 0.324328 0.113915 0.017582 0.021996
0 0.059417 0.423217 0.015167 0.019743
0 0.415048 0.091581 0.020775 0.022669
0 0.752156 0.549746 0.017372 0.027333
0 0.519910 0.741845 0.015419 0.019499
0 0.904166 0.731993 0.017142 0.018902
0 0.253823 0.604626 0.013707 0.017278
0 0.201077 0.758667 0.016630 0.020066
0 0.486610 0.308048 0.016298 0.020998
0 0.429923 0.463154 0.015775 0.017471
0 0.708355 0.247507 0.011611 0.015010
0 0.393199 0.839863 0.016903 0.021372
0 0.504271 0.487140 0.015767 0.019427
0 0.267162 0.117524 0.015432 0.019589
0 0.437127 0.980690 0.016367 0.018987
0 0.557106 0.983156 0.015813 0.018400
0 0.560862 0.410108 0.014536 0.017372
0 0.355901 0.482814 0.012245 0.013965
0 0.704501 0.055442 0.017091 0.020636