0 0.147642 0.916500 0.017619 0.022925
0 0.912222 0.883514 0.017121 0.020876
0 0.015469 0.275497 0.018123 0.022336
0 0.297556 0.024118 0.018267 0.024307
0 0.309875 0.278567 0.014641 0.016966
0 0.767013 0.211043 0.018363 0.020284
0 0.233409 0.553096 0.019595 0.024965
0 0.206264 0.741954 0.016778 0.020679
0 0.658788 0.284846 0.020059 0.024316
0 0.316881 0.390639 0.016588 0.020419
0 0.125266 0.912762 0.018110 0.023389
0 0.664971 0.043125 0.020139 0.022760
0 0.803378 0.896514 0.023137 0.028455
0 0.695064 0.303924 0.017056 0.020975
0 0.774337 0.235078 0.017153 0.021493
0 0.336985 0.232941 0.019811 0.024738
0 0.900630 0.310964 0.020663 0.024747
0 0.442108 0.311644 0.016775 0.021078
0 0.792060 0.251349 0.018502 0.025013
0 0.514931 0.905215 0.018654 0.023473
0 0.950730 0.783282 0.020621 0.025257
0 0.235453 0.739663 0.016193 0.023101
0 0.757652 0.397686 0.019601 0.024883
0 0.085995 0.505690 0.020092 0.023233
0 0.188610 0.885260 0.022925 0.028597
0 0.456486 0.613615 0.016921 0.019860
0 0.312522 0.347380 0.018852 0.024886
0 0.308037 0.962504 0.016904 0.021746
0 0.123524 0.279059 0.017347 0.023526
0 0.521464 0.406444 0.017660 0.022152
0 0.064146 0.228978 0.018059 0.021990
0 0.893122 0.358413 0.016511 0.020311
0 0.826509 0.987174 0.018070 0.019590
0 0.964661 0.465151 0.017305 0.020906
0 0.524998 0.685980 0.016968 0.022976
0 0.975643 0.289304 0.018820 0.023374
0 0.952130 0.525983 0.017526 0.022333
0 0.666996 0.382672 0.020528 0.023872
0 0.149044 0.287390 0.020753 0.023252
0 0.041862 0.414381 0.016739 0.021200
0 0.338914 0.135993 0.016831 0.021723
0 0.292273 0.690928 0.016816 0.021397
0 0.379354 0.053764 0.017063 0.022411
0 0.871409 0.871470 0.015850 0.018783
0 0.064152 0.879662 0.016053 0.021166
0 0.288470 0.622656 0.017671 0.021503
0 0.007437 0.732128 0.014570 0.021221
0 0.695807 0.622441 0.017920 0.022950
0 0.264414 0.575675 0.014790 0.017778
0 0.275410 0.759498 0.017790 0.020798
0 0.301809 0.152615 0.017309 0.021061
0 0.232119 0.085596 0.014873 0.018709
0 0.575335 0.907868 0.014077 0.016433
0 0.059563 0.138955 0.016972 0.019675
0 0.797286 0.083421 0.017835 0.017868
0 0.541434 0.655472 0.015729 0.019050
0 0.123068 0.800158 0.018139 0.021469
0 0.160357 0.887198 0.018623 0.024862
0 0.582169 0.189800 0.017001 0.020394
0 0.244663 0.455340 0.017096 0.020905
0 0.102998 0.623517 0.016984 0.019387
0 0.397412 0.375708 0.018037 0.021000
0 0.436598 0.373799 0.017823 0.021634
0 0.792577 0.868816 0.016499 0.020732
0 0.636968 0.299333 0.015058 0.017762
0 0.632398 0.027787 0.019178 0.022212
0 0.866478 0.626602 0.018240 0.021932
0 0.348493 0.518330 0.017962 0.020670
0 0.690668 0.197020 0.017071 0.020822
0 0.184669 0.008318 0.016481 0.015333
0 0.599957 0.298799 0.017008 0.019084
0 0.323647 0.763785 0.015191 0.018412
0 0.074230 0.303533 0.019092 0.023007
0 0.055905 0.179232 0.021615 0.024904
0 0.190666 0.087485 0.017615 0.020987
0 0.100273 0.962834 0.017161 0.019040
0 0.190132 0.756854 0.017016 0.020494
0 0.471077 0.039738 0.018440 0.022102
0 0.087301 0.872227 0.015240 0.019956
0 0.452841 0.130969 0.017869 0.020582
0 0.880540 0.419128 0.019468 0.025014
0 0.571724 0.931244 0.015330 0.019327
0 0.933801 0.676898 0.017866 0.020141
0 0.971669 0.546044 0.015915 0.018531
0 0.601949 0.152182 0.015810 0.019896
0 0.148322 0.100099 0.015563 0.017947
0 0.314813 0.243285 0.014619 0.019855
0 0.930444 0.218125 0.016956 0.020091
0 0.328591 0.411811 0.014570 0.017746
0 0.428230 0.667869 0.017044 0.020528
0 0.635684 0.505459 0.014428 0.017776
0 0.297127 0.254502 0.017073 0.019208
0 0.025457 0.180672 0.018078 0.022809
0 0.400070 0.539016 0.014061 0.014406
0 0.401576 0.511405 0.015065 0.016807
0 0.554233 0.144658 0.015065 0.015606
0 0.829920 0.228091 0.018078 0.016807
0 0.264486 0.739496 0.016069 0.016807