0 0.623474 0.945833 0.017799 0.022840
0 0.035524 0.934183 0.016325 0.022207
0 0.763856 0.947809 0.016903 0.021054
0 0.481457 0.875206 0.016186 0.021923
0 0.280592 0.384347 0.018540 0.024365
0 0.702543 0.136684 0.017896 0.022097
0 0.240101 0.885855 0.016785 0.020517
0 0.327159 0.811337 0.015865 0.019666
0 0.487919 0.157842 0.019304 0.024216
0 0.117911 0.488692 0.017007 0.023439
0 0.795305 0.610928 0.017380 0.021724
0 0.009459 0.662014 0.016586 0.021131
0 0.185507 0.941966 0.014618 0.017120
0 0.610521 0.617261 0.015923 0.020168
0 0.020697 0.074571 0.014800 0.021559
0 0.458790 0.045551 0.016594 0.020531
0 0.574225 0.110321 0.015751 0.020726
0 0.510801 0.962275 0.022158 0.027189
0 0.754694 0.809725 0.017573 0.021207
0 0.773481 0.199464 0.018616 0.022920
0 0.168645 0.428172 0.017337 0.022392
0 0.498724 0.855943 0.018531 0.021423
0 0.250858 0.470411 0.020812 0.023720
0 0.404592 0.762156 0.019483 0.023518
0 0.555284 0.561305 0.014144 0.018104
0 0.811521 0.278822 0.017800 0.020233
0 0.834855 0.499960 0.018358 0.020809
0 0.129274 0.233389 0.018696 0.024959
0 0.667283 0.335071 0.015558 0.019195
0 0.590205 0.645866 0.016301 0.021886
0 0.725668 0.898588 0.018158 0.023186
0 0.239863 0.269711 0.015444 0.020273
0 0.785940 0.653704 0.016119 0.020241
0 0.379584 0.651280 0.014329 0.020146
0 0.922524 0.988882 0.018440 0.018710
0 0.721703 0.526612 0.017935 0.021518
0 0.531433 0.573769 0.016871 0.019932
0 0.215404 0.227274 0.016261 0.018774
0 0.252647 0.505233 0.018004 0.022494
0 0.098360 0.039844 0.016075 0.020556
0 0.823247 0.523429 0.017786 0.021135
0 0.649144 0.676419 0.019080 0.021631
0 0.611055 0.064137 0.013557 0.015608
0 0.052812 0.337891 0.015475 0.019326
0 0.032750 0.323289 0.016907 0.020748
0 0.788216 0.747170 0.017625 0.021289
0 0.174845 0.175981 0.017224 0.020126
0 0.518989 0.295135 0.016406 0.020224
0 0.543446 0.935584 0.015063 0.019105
0 0.125286 0.169713 0.019514 0.024442
0 0.975919 0.238467 0.018041 0.021817
0 0.232666 0.007292 0.014842 0.011593
0 0.935402 0.888818 0.016088 0.019893
0 0.208426 0.925787 0.014555 0.019741
0 0.229006 0.938146 0.014645 0.017339
0 0.283367 0.606795 0.013898 0.018953
0 0.197245 0.877878 0.016671 0.021076
0 0.907493 0.137567 0.014782 0.019178
0 0.433059 0.807591 0.018842 0.024491
0 0.067357 0.039646 0.016434 0.020951
0 0.118471 0.544786 0.015751 0.020391
0 0.444557 0.152404 0.016495 0.019941
0 0.365665 0.642433 0.012548 0.018558
0 0.816536 0.867294 0.018568 0.022703
0 0.079662 0.923124 0.017374 0.021494
0 0.043604 0.071211 0.016121 0.019778
0 0.464455 0.675373 0.016109 0.020648
0 0.056212 0.150636 0.016229 0.022138
0 0.026419 0.626011 0.015328 0.018682
0 0.842317 0.555563 0.015558 0.020218
0 0.022039 0.129786 0.015346 0.018958
0 0.023484 0.209661 0.015113 0.017862
0 0.816377 0.026225 0.015062 0.018763
0 0.702233 0.896542 0.015551 0.019781
0 0.248253 0.862127 0.015384 0.018600
0 0.952670 0.508229 0.017133 0.020762
0 0.053706 0.416988 0.016774 0.018766
0 0.946514 0.967699 0.018143 0.023105
0 0.740294 0.072926 0.018844 0.023277
0 0.304458 0.826937 0.016548 0.020779
0 0.530410 0.436612 0.016958 0.022174
0 0.817998 0.970419 0.014789 0.020774
0 0.313947 0.053713 0.016568 0.016190
0 0.842929 0.856697 0.016426 0.016559
0 0.617216 0.971902 0.015331 0.017777
0 0.763462 0.739643 0.015648 0.020755
0 0.704584 0.933461 0.017005 0.021159
0 0.149659 0.689654 0.017077 0.019964
0 0.042734 0.897592 0.014461 0.017736
0 0.320899 0.093797 0.019313 0.023668
0 0.670928 0.750769 0.015516 0.017526
0 0.306850 0.490466 0.015038 0.017294
0 0.742338 0.920332 0.017182 0.021726
0 0.648417 0.093176 0.016695 0.018732
0 0.805954 0.402895 0.016232 0.020445
0 0.797001 0.965811 0.014941 0.018714
0 0.831594 0.085635 0.013558 0.018624
0 0.253457 0.958922 0.015363 0.018393
0 0.385771 0.086115 0.015371 0.020281
0 0.803055 0.055766 0.014636 0.017682
0 0.331259 0.044641 0.015795 0.018507
0 0.454805 0.262905 0.019082 0.016807
0 0.375966 0.057623 0.014061 0.016807
0 0.392537 0.023409 0.013056 0.020408
0 0.421663 0.038415 0.015065 0.019208
0 0.026964 0.183073 0.017073 0.020408
0 0.032990 0.285714 0.013056 0.016807
0 0.062115 0.595438 0.013056 0.014406
0 0.083708 0.851140 0.014061 0.016807
0 0.219292 0.692677 0.014061 0.016807
0 0.569800 0.623649 0.014061 0.015606
0 0.658683 0.129052 0.017073 0.015606
0 0.609471 0.111044 0.019082 0.020408
0 0.768656 0.085834 0.022095 0.020408
0 0.037509 0.813926 0.016069 0.016807