0 0.857993 0.987497 0.015492 0.020657
0 0.313116 0.396841 0.020371 0.024609
0 0.740957 0.406115 0.019816 0.023683
0 0.472120 0.024278 0.017241 0.020101
0 0.562238 0.703884 0.018413 0.024597
0 0.272813 0.481362 0.020179 0.027189
0 0.515676 0.099175 0.018830 0.023312
0 0.568908 0.734015 0.019438 0.021309
0 0.541551 0.975767 0.023731 0.029039
0 0.405132 0.014775 0.019617 0.022611
0 0.045426 0.184001 0.025866 0.031393
0 0.827369 0.667199 0.018216 0.020937
0 0.496579 0.012714 0.017861 0.021121
0 0.677628 0.158122 0.020064 0.026718
0 0.750250 0.235608 0.018540 0.023429
0 0.838339 0.988478 0.015750 0.018143
0 0.063809 0.496398 0.020928 0.025110
0 0.262428 0.810544 0.020043 0.024331
0 0.611537 0.320174 0.020707 0.024639
0 0.432216 0.816514 0.014797 0.018393
0 0.504019 0.497259 0.017417 0.021934
0 0.819519 0.728550 0.019762 0.024666
0 0.223910 0.429054 0.020856 0.026117
0 0.752816 0.049471 0.019381 0.024567
0 0.868280 0.770890 0.019989 0.025316
0 0.879566 0.974709 0.018769 0.022143
0 0.062558 0.944486 0.017727 0.023600
0 0.292214 0.463492 0.016559 0.019967
0 0.341049 0.985770 0.017730 0.021206
0 0.303892 0.489603 0.018470 0.022602
0 0.185891 0.803871 0.020285 0.025108
0 0.025746 0.583143 0.023709 0.029338
0 0.677824 0.813868 0.019606 0.025038
0 0.585618 0.474680 0.019580 0.024816
0 0.818223 0.692730 0.018925 0.020792
0 0.958455 0.045301 0.021515 0.026828
0 0.873373 0.679015 0.018972 0.023066
0 0.447361 0.827907 0.014975 0.019175
0 0.087398 0.817420 0.017005 0.021507
0 0.720329 0.433476 0.016645 0.020822
0 0.300389 0.724742 0.019245 0.022501
0 0.395498 0.653000 0.015951 0.019937
0 0.537005 0.824474 0.018165 0.022709
0 0.328885 0.436528 0.018592 0.023447
0 0.703282 0.158374 0.016439 0.021095
0 0.409316 0.572193 0.017278 0.022768
0 0.762579 0.599023 0.015751 0.019933
0 0.481315 0.500015 0.018427 0.019033
0 0.564883 0.187970 0.019610 0.024457
0 0.489871 0.161414 0.018049 0.022424
0 0.308416 0.043806 0.019895 0.023319
0 0.694785 0.966029 0.017437 0.020671
0 0.796534 0.899233 0.018944 0.021737
0 0.418132 0.830459 0.017400 0.022369
0 0.203097 0.060174 0.018781 0.021747
0 0.180573 0.103033 0.019695 0.023769
0 0.729322 0.597648 0.017793 0.021977
0 0.914876 0.602814 0.016902 0.020459
0 0.555667 0.447931 0.017243 0.022523
0 0.839266 0.565154 0.017781 0.021403
0 0.894186 0.164755 0.018025 0.022628
0 0.246225 0.242665 0.021486 0.024200
0 0.193911 0.334348 0.017713 0.022605
0 0.161160 0.243268 0.018331 0.023599
0 0.332111 0.834221 0.019266 0.022795
0 0.300384 0.363632 0.017205 0.020699
0 0.163877 0.075165 0.019263 0.022385
0 0.195370 0.726615 0.018172 0.022708
0 0.746822 0.950517 0.020446 0.028137
0 0.433584 0.982435 0.016466 0.019509
0 0.239736 0.166312 0.017771 0.020529
0 0.104928 0.837787 0.018902 0.023347
0 0.099688 0.536385 0.018045 0.022618
0 0.231283 0.593047 0.016700 0.022425
0 0.528551 0.211922 0.018297 0.022147
0 0.235124 0.338897 0.016781 0.021044
0 0.735424 0.876724 0.015800 0.019408
0 0.535728 0.654237 0.017269 0.021592
0 0.395733 0.288079 0.018085 0.022352
0 0.082336 0.978737 0.018960 0.023315
0 0.778226 0.261464 0.015837 0.019192
0 0.705629 0.886285 0.015425 0.020620
0 0.368558 0.798234 0.016922 0.020261
0 0.144188 0.502332 0.017780 0.023191
0 0.240909 0.898225 0.018071 0.022829
0 0.456234 0.526239 0.016581 0.020307
0 0.019707 0.515198 0.017248 0.021537
0 0.167014 0.894763 0.017298 0.021640
0 0.553958 0.760004 0.017472 0.020808
0 0.543603 0.374060 0.018454 0.021609
0 0.699291 0.515622 0.019567 0.025239
0 0.410320 0.100510 0.018853 0.022477
0 0.243860 0.282163 0.019230 0.024268
0 0.829882 0.399170 0.020419 0.028725
0 0.591133 0.232743 0.019014 0.022995
0 0.417557 0.653876 0.016479 0.021455
0 0.940717 0.429499 0.019016 0.023068
0 0.864707 0.139225 0.016908 0.021169
0 0.351912 0.121446 0.018178 0.021496
0 0.871143 0.492263 0.017998 0.024096
0 0.900909 0.266123 0.015749 0.018726
0 0.660942 0.049798 0.014715 0.016102
0 0.270108 0.336368 0.017196 0.020560
0 0.915519 0.683266 0.017600 0.023400
0 0.986665 0.654052 0.016132 0.020482
0 0.836170 0.797219 0.018814 0.021591
0 0.591914 0.614633 0.014317 0.018226
0 0.308608 0.307757 0.017701 0.021067
0 0.714664 0.269098 0.017426 0.021432
0 0.417668 0.218075 0.013924 0.019050
0 0.387456 0.953712 0.015388 0.018822
0 0.765900 0.945376 0.013075 0.021570
0 0.377127 0.972293 0.016344 0.016577
0 0.949910 0.766723 0.014846 0.016654
0 0.416244 0.532941 0.015831 0.018895
0 0.761330 0.889075 0.012891 0.016422
0 0.434175 0.927148 0.012835 0.017929
0 0.139845 0.795445 0.012330 0.015055
0 0.626877 0.118449 0.014586 0.017549
0 0.645114 0.644956 0.012513 0.018220
0 0.471199 0.850974 0.014213 0.018485
0 0.380780 0.235133 0.013299 0.014679
0 0.809462 0.458663 0.013387 0.015952