0 0.304003 0.823339 0.017911 0.021182
0 0.625619 0.945279 0.019429 0.025992
0 0.260133 0.897224 0.015978 0.020201
0 0.281146 0.384849 0.019513 0.026159
0 0.611698 0.614763 0.015588 0.019730
0 0.794820 0.210767 0.018434 0.023122
0 0.092716 0.605037 0.017677 0.022003
0 0.008679 0.123177 0.016408 0.020558
0 0.006513 0.460495 0.013026 0.019962
0 0.117486 0.488457 0.016842 0.022251
0 0.825953 0.282734 0.018324 0.020283
0 0.250734 0.470441 0.019925 0.025104
0 0.498113 0.179245 0.018308 0.023495
0 0.769659 0.802407 0.018784 0.022187
0 0.039647 0.140026 0.015352 0.018315
0 0.124712 0.170580 0.019846 0.023779
0 0.231696 0.937970 0.013803 0.018793
0 0.007703 0.668735 0.015328 0.019480
0 0.129572 0.232892 0.016186 0.022501
0 0.769844 0.946534 0.015710 0.020322
0 0.261634 0.274516 0.014131 0.017153
0 0.066794 0.352431 0.015189 0.020129
0 0.995334 0.627882 0.009332 0.020114
0 0.653382 0.682166 0.015616 0.020410
0 0.066368 0.044509 0.015450 0.020176
0 0.272502 0.513207 0.019496 0.025410
0 0.981374 0.674325 0.016142 0.020482
0 0.723730 0.900205 0.016345 0.020862
0 0.815482 0.867394 0.018640 0.023265
0 0.566635 0.570318 0.015981 0.019633
0 0.729074 0.534477 0.016697 0.022584
0 0.114140 0.548867 0.016311 0.020256
0 0.376300 0.635191 0.014090 0.015442
0 0.479609 0.057354 0.016984 0.022318
0 0.547531 0.590977 0.015002 0.019822
0 0.330617 0.816982 0.015887 0.020352
0 0.207297 0.928734 0.014304 0.018540
0 0.089273 0.456576 0.013767 0.016547
0 0.034232 0.934625 0.016112 0.020596
0 0.825170 0.524746 0.017343 0.022274
0 0.702985 0.150561 0.018595 0.024270
0 0.584144 0.123633 0.016324 0.020092
0 0.524450 0.841086 0.019109 0.024027
0 0.041009 0.899928 0.014231 0.018154
0 0.081397 0.163299 0.015890 0.021122
0 0.213046 0.190353 0.017045 0.021474
0 0.493842 0.877195 0.017610 0.020309
0 0.071575 0.806460 0.015810 0.020129
0 0.513377 0.966324 0.020720 0.026040
0 0.785693 0.654217 0.017109 0.020665
0 0.077546 0.928131 0.017848 0.020727
0 0.186608 0.944715 0.013970 0.021274
0 0.196809 0.876001 0.016496 0.020435
0 0.197261 0.693126 0.016753 0.019867
0 0.799184 0.960633 0.015932 0.019714
0 0.303137 0.033099 0.015848 0.018127
0 0.945772 0.970176 0.019101 0.022411
0 0.691572 0.661599 0.016994 0.020357
0 0.420966 0.762296 0.018471 0.025434
0 0.453049 0.795329 0.018823 0.023422
0 0.452722 0.260034 0.018130 0.022106
0 0.071358 0.328699 0.015525 0.018595
0 0.066194 0.641619 0.017540 0.022571
0 0.786070 0.747011 0.018084 0.022808
0 0.928278 0.824595 0.017501 0.022877
0 0.935980 0.893207 0.014199 0.016140
0 0.442474 0.013150 0.016209 0.021538
0 0.216068 0.226884 0.017106 0.021625
0 0.823667 0.040033 0.015351 0.019128
0 0.652284 0.112471 0.015583 0.019259
0 0.807493 0.404272 0.016750 0.024146
0 0.467838 0.680192 0.017645 0.021552
0 0.103665 0.432516 0.015638 0.015641
0 0.021564 0.212437 0.014003 0.016507
0 0.237234 0.020890 0.013716 0.018058
0 0.314702 0.060624 0.014061 0.020408
0 0.285075 0.023409 0.013056 0.020408
0 0.047050 0.111044 0.019082 0.018007
0 0.045042 0.070228 0.015065 0.020408
0 0.258460 0.019808 0.016069 0.020408
0 0.328763 0.046819 0.014061 0.016807
0 0.419152 0.039016 0.018078 0.018007
0 0.213768 0.450780 0.015065 0.020408
0 0.078686 0.486194 0.014061 0.016807
0 0.256954 0.697479 0.013056 0.016807
0 0.522597 0.668667 0.012052 0.012005
0 0.593904 0.648259 0.012052 0.016807
0 0.216781 0.965786 0.017073 0.020408
0 0.801297 0.623649 0.019082 0.015606
0 0.834440 0.499400 0.015065 0.016807
0 0.745557 0.105642 0.018078 0.019208
0 0.328763 0.021609 0.016069 0.016807
0 0.529628 0.436975 0.016069 0.019208