0 0.912295 0.882671 0.016577 0.020555
0 0.792150 0.867571 0.020845 0.022390
0 0.289864 0.298312 0.017028 0.020224
0 0.183973 0.941280 0.018060 0.021195
0 0.386278 0.744559 0.015900 0.019470
0 0.157045 0.894541 0.019873 0.025305
0 0.080918 0.095524 0.017620 0.022301
0 0.027307 0.410619 0.014051 0.018225
0 0.559205 0.575476 0.016233 0.020499
0 0.958354 0.749843 0.015808 0.020509
0 0.966787 0.909516 0.016569 0.020800
0 0.876491 0.871908 0.015866 0.020162
0 0.981199 0.292760 0.017342 0.022255
0 0.833250 0.079200 0.016577 0.020111
0 0.018566 0.146558 0.017328 0.021246
0 0.342784 0.493170 0.014471 0.017749
0 0.796309 0.054231 0.019144 0.023315
0 0.569158 0.148191 0.015516 0.018775
0 0.793833 0.170299 0.016068 0.019984
0 0.235791 0.763800 0.017774 0.021826
0 0.310350 0.417773 0.013534 0.016063
0 0.266619 0.378190 0.016478 0.021643
0 0.232986 0.552620 0.018195 0.023408
0 0.128852 0.796306 0.015873 0.021882
0 0.369764 0.839976 0.015414 0.020812
0 0.087440 0.501448 0.019028 0.024203
0 0.124950 0.909021 0.017320 0.020146
0 0.081560 0.726326 0.015312 0.018465
0 0.161681 0.142726 0.016247 0.023526
0 0.063403 0.665296 0.017968 0.023329
0 0.170387 0.967180 0.024643 0.026840
0 0.738081 0.824107 0.016379 0.020716
0 0.461136 0.081296 0.017670 0.022053
0 0.363901 0.082387 0.017841 0.022883
0 0.237017 0.738396 0.015100 0.019232
0 0.097856 0.025699 0.014848 0.018507
0 0.658639 0.213509 0.018120 0.025018
0 0.794166 0.835501 0.020390 0.023775
0 0.214377 0.730814 0.015648 0.023304
0 0.344770 0.308980 0.016162 0.019671
0 0.051352 0.415032 0.017119 0.020861
0 0.419853 0.036640 0.016345 0.019345
0 0.795609 0.382143 0.018866 0.021995
0 0.266690 0.324348 0.012688 0.017752
0 0.664684 0.316466 0.013819 0.017594
0 0.119042 0.086953 0.016626 0.024145
0 0.631155 0.031406 0.016622 0.021125
0 0.032092 0.820690 0.018001 0.022933
0 0.006188 0.102112 0.012376 0.021860
0 0.178530 0.158599 0.016924 0.020174
0 0.318252 0.488569 0.014984 0.019455
0 0.461954 0.317767 0.014984 0.019065
0 0.786119 0.102323 0.018533 0.025423
0 0.199811 0.524857 0.015756 0.019304
0 0.868352 0.633554 0.018093 0.022358
0 0.778026 0.204549 0.017548 0.020584
0 0.544593 0.655066 0.014598 0.019101
0 0.683674 0.131521 0.016140 0.018949
0 0.347766 0.229555 0.013693 0.017934
0 0.874475 0.262192 0.017742 0.020664
0 0.195065 0.863062 0.017034 0.020675
0 0.775235 0.232658 0.017696 0.019207
0 0.519901 0.409337 0.017489 0.021534
0 0.634579 0.223890 0.017073 0.020408
0 0.691826 0.076831 0.019082 0.016807
0 0.881141 0.191477 0.018078 0.020408
0 0.292607 0.547419 0.016069 0.019208
0 0.389022 0.187875 0.020086 0.015606
0 0.328763 0.356543 0.016069 0.019208
0 0.342321 0.338535 0.017073 0.016807
0 0.172591 0.571429 0.013056 0.021609
0 0.241889 0.582233 0.015065 0.016807
0 0.264486 0.568427 0.014061 0.018007
0 0.058600 0.809124 0.018078 0.016807
0 0.072158 0.845138 0.015065 0.016807
0 0.085214 0.870948 0.017073 0.020408
0 0.085717 0.945978 0.020086 0.021609
0 0.644623 0.300120 0.015065 0.016807
0 0.600432 0.154862 0.013056 0.016807
0 0.299135 0.258703 0.013056 0.015606
0 0.186149 0.284514 0.014061 0.016807
0 0.010720 0.439976 0.021440 0.020408
0 0.058600 0.577431 0.016069 0.021609
0 0.828916 0.976591 0.014061 0.015606
0 0.801297 0.136255 0.019082 0.018007
0 0.899721 0.108643 0.013056 0.010804
0 0.300642 0.150660 0.016069 0.013205
0 0.317213 0.240696 0.019082 0.018007
0 0.021942 0.180672 0.015065 0.015606
0 0.550718 0.149460 0.014061 0.018007
0 0.500000 0.737695 0.015065 0.020408