0 0.558540 0.520128 0.022269 0.029353
0 0.008156 0.622090 0.016121 0.023676
0 0.213492 0.314405 0.020286 0.024290
0 0.164898 0.012647 0.019039 0.021098
0 0.701424 0.265548 0.017642 0.022351
0 0.140150 0.358564 0.017398 0.021098
0 0.547964 0.473328 0.015552 0.018529
0 0.433252 0.242590 0.020081 0.020673
0 0.421018 0.843248 0.017931 0.021411
0 0.515884 0.046109 0.015804 0.021069
0 0.850227 0.563287 0.021054 0.026941
0 0.437150 0.742163 0.017736 0.021857
0 0.464453 0.543679 0.019368 0.022889
0 0.904808 0.769627 0.020515 0.023969
0 0.686679 0.706613 0.018591 0.023494
0 0.249506 0.378675 0.016220 0.020427
0 0.420676 0.146248 0.018087 0.022855
0 0.360373 0.473451 0.015355 0.019684
0 0.680974 0.114768 0.017432 0.021550
0 0.599041 0.116182 0.016807 0.021006
0 0.902666 0.719942 0.019909 0.023718
0 0.982134 0.857245 0.018788 0.022009
0 0.403021 0.103065 0.018190 0.023028
0 0.942870 0.326486 0.019493 0.023480
0 0.272505 0.661701 0.018991 0.022245
0 0.819956 0.899269 0.020109 0.024369
0 0.625765 0.061000 0.017882 0.022244
0 0.251673 0.516290 0.018350 0.022116
0 0.890092 0.682833 0.018749 0.023117
0 0.316697 0.854369 0.017441 0.021839
0 0.607450 0.852304 0.018958 0.024017
0 0.470771 0.479582 0.016694 0.021663
0 0.424869 0.115537 0.018570 0.020684
0 0.413338 0.942184 0.019528 0.023400
0 0.141818 0.105422 0.016863 0.021535
0 0.408057 0.227305 0.017389 0.022612
0 0.230628 0.364734 0.015134 0.019530
0 0.985967 0.645013 0.018177 0.023429
0 0.146901 0.437082 0.016520 0.020484
0 0.793968 0.821959 0.023445 0.025837
0 0.290379 0.618028 0.019514 0.029776
0 0.958531 0.957810 0.018952 0.024492
0 0.296948 0.282980 0.016174 0.021639
0 0.942449 0.922353 0.019724 0.025201
0 0.335243 0.280765 0.016044 0.020374
0 0.385010 0.014598 0.015380 0.019558
0 0.505246 0.911441 0.018352 0.024673
0 0.303043 0.118908 0.016232 0.018484
0 0.944340 0.446870 0.021574 0.024276
0 0.687385 0.953489 0.018484 0.023158
0 0.318610 0.149835 0.019276 0.023424
0 0.128389 0.228719 0.016886 0.021387
0 0.549522 0.306254 0.019549 0.023394
0 0.491556 0.301012 0.017083 0.021572
0 0.696682 0.235057 0.016724 0.021721
0 0.422227 0.543789 0.018733 0.023533
0 0.606584 0.175813 0.018073 0.023190
0 0.104995 0.475403 0.018412 0.022180
0 0.447013 0.608561 0.018636 0.022077
0 0.427317 0.402962 0.019901 0.025434
0 0.320656 0.098105 0.018021 0.023350
0 0.700861 0.051178 0.017418 0.022265
0 0.033198 0.710442 0.016326 0.020156
0 0.171049 0.323223 0.014011 0.017410
0 0.777451 0.450402 0.020284 0.025800
0 0.729136 0.250407 0.019220 0.025757
0 0.046827 0.383057 0.018051 0.021227
0 0.696556 0.758084 0.019658 0.023296
0 0.531445 0.525135 0.015751 0.019660
0 0.810785 0.678542 0.017773 0.019864
0 0.058321 0.416606 0.016176 0.021215
0 0.481431 0.048653 0.016200 0.021043
0 0.034926 0.530568 0.017018 0.022150
0 0.348694 0.807345 0.017592 0.020826
0 0.543154 0.111554 0.015784 0.020566
0 0.791891 0.767670 0.020668 0.022823
0 0.759326 0.640359 0.019141 0.021218
0 0.514119 0.735329 0.016666 0.020008
0 0.376730 0.656030 0.016521 0.020855
0 0.423958 0.455247 0.016317 0.020033
0 0.214384 0.446578 0.018159 0.020161
0 0.240667 0.689801 0.015054 0.017501
0 0.408002 0.592253 0.016480 0.020627
0 0.910354 0.166988 0.017801 0.021891
0 0.324307 0.556304 0.017977 0.022084
0 0.230053 0.337917 0.019779 0.022718
0 0.475194 0.886307 0.019550 0.024121
0 0.229607 0.421032 0.017506 0.021299
0 0.545138 0.437167 0.016760 0.019806
0 0.488391 0.968081 0.018477 0.020201
0 0.230467 0.872390 0.016325 0.020194
0 0.152631 0.404647 0.018760 0.018635
0 0.686554 0.285251 0.017404 0.019640
0 0.799382 0.059112 0.016396 0.020922
0 0.885051 0.629178 0.016896 0.021573
0 0.307474 0.744825 0.015235 0.019234
0 0.560762 0.492797 0.016069 0.013205
0 0.579342 0.479592 0.011048 0.013205