0 0.240393 0.743582 0.016337 0.018693
0 0.220253 0.442774 0.016730 0.020797
0 0.802664 0.903345 0.026303 0.026592
0 0.505769 0.153315 0.017499 0.023641
0 0.499446 0.649920 0.018202 0.021533
0 0.049681 0.137399 0.013919 0.019499
0 0.350970 0.269290 0.018665 0.023541
0 0.127823 0.281427 0.018304 0.023864
0 0.327525 0.264797 0.014127 0.019253
0 0.482339 0.148716 0.017135 0.023157
0 0.161291 0.893572 0.020704 0.026185
0 0.239813 0.555313 0.018366 0.023435
0 0.890290 0.285863 0.022317 0.023107
0 0.267991 0.740813 0.016549 0.021418
0 0.774530 0.212040 0.016359 0.018760
0 0.623704 0.818579 0.018606 0.023269
0 0.559628 0.432841 0.018843 0.022098
0 0.936281 0.445345 0.016418 0.019919
0 0.094009 0.506500 0.018353 0.022943
0 0.048778 0.742713 0.017264 0.022536
0 0.109591 0.299895 0.017432 0.020631
0 0.772416 0.381175 0.019338 0.020657
0 0.117512 0.491278 0.016832 0.020116
0 0.212337 0.745176 0.014781 0.017600
0 0.007559 0.525603 0.015117 0.024168
0 0.257873 0.992314 0.020887 0.015371
0 0.240602 0.291332 0.020964 0.021342
0 0.457094 0.507617 0.022256 0.028895
0 0.074846 0.305433 0.019647 0.025171
0 0.153261 0.299823 0.019790 0.022896
0 0.305566 0.263111 0.018752 0.023626
0 0.614714 0.564908 0.019810 0.023614
0 0.851409 0.773147 0.019798 0.023061
0 0.209987 0.367459 0.018846 0.022624
0 0.119844 0.337409 0.019505 0.023602
0 0.126112 0.426309 0.016982 0.020169
0 0.978186 0.292446 0.018484 0.023777
0 0.045086 0.419088 0.017035 0.021261
0 0.028997 0.634836 0.017561 0.022347
0 0.445651 0.316879 0.015935 0.021625
0 0.519715 0.619184 0.015287 0.019103
0 0.855740 0.113812 0.019601 0.023216
0 0.900784 0.148039 0.019293 0.022597
0 0.642701 0.306864 0.017624 0.021422
0 0.318326 0.856221 0.020842 0.026639
0 0.801317 0.964915 0.017830 0.019341
0 0.936159 0.678761 0.018026 0.020890
0 0.898526 0.110278 0.020461 0.026967
0 0.871651 0.632087 0.018865 0.023722
0 0.937334 0.223130 0.018457 0.023576
0 0.675273 0.117923 0.018459 0.020783
0 0.887502 0.421062 0.019963 0.023994
0 0.029260 0.137139 0.016463 0.022002
0 0.731696 0.366432 0.018451 0.022269
0 0.753252 0.150973 0.017291 0.021462
0 0.471972 0.334043 0.014913 0.017944
0 0.022126 0.746111 0.020416 0.024338
0 0.037536 0.184458 0.019219 0.024191
0 0.541162 0.276462 0.017010 0.021043
0 0.534327 0.699415 0.018096 0.021640
0 0.777761 0.237141 0.017498 0.020817
0 0.320976 0.240570 0.018531 0.019612
0 0.480439 0.117425 0.019342 0.022770
0 0.919340 0.885425 0.017224 0.020825
0 0.871589 0.878068 0.017501 0.021909
0 0.211520 0.276904 0.014021 0.018299
0 0.803780 0.089172 0.019621 0.019198
0 0.476570 0.483012 0.015538 0.018709
0 0.492637 0.457520 0.017649 0.021928
0 0.266514 0.572979 0.015328 0.019859
0 0.336572 0.300317 0.017632 0.020756
0 0.966456 0.431670 0.017192 0.021710
0 0.799291 0.873036 0.018813 0.021786
0 0.386100 0.025666 0.017621 0.020934
0 0.607776 0.154292 0.016415 0.019592
0 0.546842 0.656659 0.017420 0.020610
0 0.519961 0.412469 0.017809 0.021547
0 0.308500 0.157206 0.017631 0.021788
0 0.908623 0.906051 0.015373 0.018654
0 0.908859 0.541928 0.017535 0.021499
0 0.090035 0.872778 0.021119 0.026113
0 0.179272 0.557868 0.018853 0.022483
0 0.640552 0.503016 0.018856 0.024429
0 0.266442 0.317591 0.016386 0.020756
0 0.192841 0.009752 0.016413 0.017378
0 0.552949 0.158706 0.014814 0.017679
0 0.377853 0.216574 0.016022 0.019895
0 0.150572 0.501683 0.016587 0.027045
0 0.019407 0.402554 0.017022 0.020046
0 0.164262 0.012077 0.017864 0.020175
0 0.432759 0.671586 0.018282 0.021246
0 0.481140 0.257760 0.017706 0.020476
0 0.452244 0.058107 0.016726 0.020077
0 0.865380 0.006109 0.018799 0.011979