0 0.703825 0.272961 0.015994 0.021320
0 0.304434 0.579509 0.018805 0.021787
0 0.945621 0.329057 0.020639 0.023561
0 0.559585 0.519766 0.027962 0.034075
0 0.062882 0.154916 0.016070 0.019502
0 0.165433 0.023017 0.017787 0.021687
0 0.819797 0.896911 0.021976 0.023514
0 0.720269 0.254024 0.015351 0.020306
0 0.863698 0.938707 0.017041 0.021552
0 0.937820 0.812218 0.016701 0.021026
0 0.849635 0.620257 0.016640 0.019700
0 0.022958 0.336837 0.019068 0.022903
0 0.188142 0.285263 0.020449 0.027048
0 0.704185 0.735057 0.015591 0.019313
0 0.180430 0.839971 0.015969 0.020885
0 0.702986 0.683214 0.017607 0.021491
0 0.434584 0.754284 0.016213 0.020400
0 0.900672 0.777110 0.019615 0.022628
0 0.687292 0.714407 0.019740 0.022767
0 0.730331 0.884780 0.015510 0.019029
0 0.669750 0.623877 0.017125 0.022541
0 0.861019 0.415506 0.016190 0.020738
0 0.357532 0.829118 0.015955 0.019505
0 0.961962 0.180420 0.013140 0.018496
0 0.921558 0.724505 0.013858 0.017639
0 0.548731 0.587142 0.017257 0.022767
0 0.677242 0.960968 0.016436 0.021304
0 0.968406 0.787506 0.016290 0.019225
0 0.302013 0.051565 0.016422 0.020835
0 0.293994 0.129323 0.015328 0.019291
0 0.135998 0.360180 0.016969 0.021666
0 0.356091 0.966211 0.015306 0.017494
0 0.229680 0.368701 0.015551 0.020536
0 0.698999 0.763365 0.015912 0.021956
0 0.684728 0.288421 0.014785 0.018723
0 0.416614 0.854384 0.014448 0.016854
0 0.432885 0.244831 0.015941 0.019494
0 0.150436 0.444626 0.016946 0.022204
0 0.812422 0.639312 0.015012 0.019553
0 0.152616 0.585255 0.015439 0.019913
0 0.249295 0.387350 0.016123 0.019878
0 0.984442 0.152657 0.014767 0.019034
0 0.733086 0.981687 0.015059 0.018397
0 0.945362 0.294860 0.019820 0.021459
0 0.596894 0.184400 0.018186 0.022927
0 0.332966 0.291251 0.016698 0.021730
0 0.373504 0.345585 0.017698 0.023067
0 0.348981 0.543749 0.015753 0.020287
0 0.932358 0.877628 0.015242 0.019175
0 0.845564 0.251063 0.015896 0.019182
0 0.359017 0.292504 0.016820 0.019051
0 0.489038 0.459574 0.016688 0.022849
0 0.608428 0.106601 0.016326 0.020731
0 0.812249 0.090007 0.013872 0.018487
0 0.301587 0.837489 0.017718 0.023267
0 0.349469 0.733523 0.017928 0.020565
0 0.695267 0.053434 0.016033 0.019843
0 0.917450 0.971884 0.018334 0.022679
0 0.797604 0.822588 0.016934 0.020367
0 0.080092 0.250967 0.015555 0.019782
0 0.518431 0.743939 0.014503 0.019022
0 0.360877 0.469699 0.016965 0.020968
0 0.050609 0.236011 0.013361 0.017573
0 0.917517 0.759936 0.015470 0.020104
0 0.414611 0.551121 0.018932 0.021926
0 0.348843 0.809655 0.015643 0.017542
0 0.505995 0.387869 0.017408 0.021357
0 0.387831 0.841860 0.014973 0.019866
0 0.750351 0.278525 0.015712 0.020313
0 0.317450 0.552794 0.017136 0.021673
0 0.242323 0.521398 0.017929 0.020197
0 0.899054 0.468074 0.016673 0.019646
0 0.555383 0.315649 0.019636 0.022714
0 0.432360 0.432346 0.017698 0.020768
0 0.426306 0.872615 0.016184 0.020548
0 0.743101 0.901550 0.015037 0.017725
0 0.177105 0.573094 0.016125 0.020697
0 0.234337 0.314881 0.019367 0.025844
0 0.217136 0.452422 0.016288 0.019169
0 0.145289 0.114739 0.015824 0.019264
0 0.904264 0.732115 0.013622 0.017798
0 0.794950 0.713673 0.014523 0.017220
0 0.239884 0.666794 0.016470 0.020850
0 0.854932 0.570893 0.018612 0.021086
0 0.439471 0.618874 0.016332 0.021053
0 0.976716 0.191007 0.014192 0.020826
0 0.482050 0.615946 0.017530 0.021508
0 0.422202 0.470599 0.014279 0.017570
0 0.710914 0.433387 0.016156 0.019183
0 0.945164 0.458241 0.014283 0.018773
0 0.555276 0.981284 0.014625 0.018818
0 0.966115 0.898873 0.015098 0.016523
0 0.691241 0.444715 0.014635 0.019251
0 0.414697 0.093035 0.018634 0.022731
0 0.792666 0.936591 0.018606 0.019607
0 0.804398 0.348364 0.014413 0.019951
0 0.423347 0.152989 0.016378 0.019767
0 0.154319 0.689052 0.015842 0.019624
0 0.874735 0.899959 0.015769 0.017981
0 0.603589 0.861258 0.017184 0.020894
0 0.570790 0.454223 0.017492 0.019957
0 0.620650 0.060406 0.016854 0.019820
0 0.303022 0.400815 0.019512 0.022117
0 0.781365 0.461607 0.016422 0.020759
0 0.966394 0.972072 0.017546 0.020586
0 0.751865 0.655278 0.014656 0.018388
0 0.475923 0.307644 0.015932 0.017596
0 0.013347 0.272198 0.014368 0.017662
0 0.441342 0.323890 0.013061 0.017079
0 0.045042 0.815726 0.015065 0.020408
0 0.044539 0.917767 0.014061 0.015606
0 0.487446 0.282113 0.016069 0.016807
0 0.068643 0.953782 0.018078 0.020408