0 0.271113 0.571560 0.021874 0.025090
0 0.946129 0.899093 0.022812 0.027362
0 0.513431 0.609218 0.028061 0.036154
0 0.315902 0.600889 0.018301 0.024621
0 0.114143 0.877036 0.022545 0.029558
0 0.411104 0.793817 0.025145 0.035973
0 0.150493 0.070606 0.018492 0.023159
0 0.749070 0.675353 0.019430 0.024637
0 0.912086 0.105580 0.019425 0.024405
0 0.030231 0.819065 0.018581 0.022144
0 0.720641 0.033455 0.024623 0.030199
0 0.257507 0.656074 0.020897 0.023688
0 0.335832 0.274899 0.019118 0.023571
0 0.992031 0.256937 0.015938 0.028717
0 0.358617 0.176336 0.019479 0.025782
0 0.061260 0.717252 0.019668 0.026267
0 0.183295 0.952171 0.026143 0.029864
0 0.546676 0.488892 0.019446 0.024177
0 0.075984 0.211851 0.024680 0.027984
0 0.351441 0.249841 0.020324 0.023990
0 0.589708 0.079759 0.024472 0.028532
0 0.579875 0.487817 0.020278 0.024504
0 0.125961 0.451683 0.017655 0.021170
0 0.330044 0.173862 0.018686 0.023851
0 0.299197 0.588638 0.014360 0.019785
0 0.804484 0.474917 0.020565 0.025670
0 0.357661 0.544771 0.022232 0.025964
0 0.367169 0.725356 0.017269 0.024564
0 0.602385 0.229091 0.019661 0.024850
0 0.959136 0.652421 0.021429 0.023099
0 0.595869 0.882577 0.019878 0.025335
0 0.016623 0.077741 0.018437 0.024838
0 0.251525 0.814935 0.019449 0.021788
0 0.370051 0.125980 0.020071 0.024470
0 0.834379 0.398450 0.018921 0.022103
0 0.821869 0.883145 0.022553 0.026611
0 0.368603 0.027627 0.021888 0.027676
0 0.626621 0.859152 0.020196 0.024800
0 0.899384 0.889410 0.020203 0.024073
0 0.391134 0.348869 0.018478 0.022755
0 0.909605 0.433896 0.021737 0.025501
0 0.091677 0.729786 0.018030 0.021802
0 0.295583 0.749554 0.019069 0.023441
0 0.957557 0.067572 0.022275 0.028309
0 0.202485 0.822840 0.020283 0.024383
0 0.238761 0.919735 0.022353 0.028939
0 0.624481 0.289096 0.020197 0.026042
0 0.182143 0.912932 0.020838 0.024508
0 0.551531 0.430616 0.019777 0.023648
0 0.885666 0.142967 0.023514 0.030724
0 0.341856 0.731830 0.018117 0.024038
0 0.347866 0.502006 0.019399 0.025077
0 0.462788 0.684650 0.021500 0.023409
0 0.426943 0.742283 0.018315 0.024589
0 0.550654 0.738524 0.020192 0.025141
0 0.331210 0.347402 0.018405 0.024453
0 0.022991 0.501890 0.019430 0.022090
0 0.087973 0.657439 0.020465 0.028852
0 0.828432 0.099002 0.017824 0.023529
0 0.069438 0.414115 0.019268 0.022565
0 0.170519 0.814154 0.017139 0.021421
0 0.530390 0.297452 0.019545 0.028608
0 0.951762 0.768240 0.020304 0.026875
0 0.523564 0.955397 0.022043 0.027514
0 0.492330 0.738814 0.024108 0.027274
0 0.387534 0.599184 0.018302 0.022625
0 0.886098 0.102216 0.017140 0.021537
0 0.315239 0.096445 0.019480 0.025371
0 0.895158 0.649916 0.021017 0.024313
0 0.087328 0.897834 0.018556 0.022450
0 0.508898 0.168646 0.017235 0.024687
0 0.795153 0.986923 0.019491 0.020120
0 0.500850 0.493196 0.019381 0.023129
0 0.434703 0.855602 0.020971 0.027155
0 0.097772 0.370207 0.018460 0.021635
0 0.654417 0.353084 0.022184 0.026721
0 0.159179 0.041533 0.019850 0.022758
0 0.395130 0.635164 0.018902 0.023313
0 0.337589 0.777293 0.021628 0.024931
0 0.883603 0.557175 0.023253 0.026593
0 0.578613 0.163789 0.017908 0.024935
0 0.603485 0.195111 0.018982 0.021903
0 0.382541 0.907749 0.021011 0.026332
0 0.152820 0.854551 0.018201 0.024799
0 0.561220 0.633781 0.018919 0.024351
0 0.005041 0.240594 0.010082 0.025200
0 0.584821 0.440550 0.018190 0.021819
0 0.961025 0.414372 0.020220 0.023851
0 0.730225 0.565519 0.020092 0.023796
0 0.543873 0.536547 0.018948 0.023003
0 0.066131 0.557578 0.018375 0.021447
0 0.651600 0.878842 0.019399 0.023646
0 0.782284 0.917208 0.019757 0.025387
0 0.376871 0.074839 0.018300 0.023111
0 0.260133 0.627272 0.020516 0.023332
0 0.233326 0.419426 0.019991 0.026089
0 0.727160 0.822209 0.021413 0.025101
0 0.464849 0.427474 0.022363 0.023262
0 0.202509 0.149388 0.018731 0.026967
0 0.824337 0.517885 0.019786 0.022367
0 0.967312 0.008103 0.018660 0.016205
0 0.804375 0.252948 0.020341 0.024833
0 0.559811 0.712538 0.017978 0.022628
0 0.473224 0.653715 0.016995 0.020614
0 0.028075 0.314746 0.018566 0.020695
0 0.638569 0.164285 0.018721 0.026238
0 0.137479 0.429447 0.019674 0.023011
0 0.462096 0.327679 0.020723 0.024329
0 0.918897 0.907412 0.016624 0.021487
0 0.869712 0.466773 0.018478 0.022002
0 0.856484 0.848882 0.021163 0.026387
0 0.638756 0.088398 0.018695 0.021677
0 0.273122 0.007057 0.020203 0.014114
0 0.750495 0.645124 0.020074 0.023793
0 0.488392 0.071202 0.017066 0.021971
0 0.509122 0.257712 0.016013 0.020023
0 0.799867 0.226304 0.020194 0.020260
0 0.918992 0.479028 0.020082 0.020459
0 0.775251 0.572801 0.014453 0.017174
0 0.924850 0.500354 0.017586 0.021025
0 0.660538 0.009575 0.021443 0.017739
0 0.771296 0.553274 0.014864 0.016918