0 0.929352 0.889068 0.023152 0.024625
0 0.927019 0.835544 0.020362 0.030551
0 0.374977 0.322235 0.018177 0.021427
0 0.272336 0.743426 0.016788 0.023514
0 0.155674 0.054240 0.022015 0.027677
0 0.140177 0.743629 0.018051 0.023367
0 0.099350 0.872035 0.023013 0.026297
0 0.903776 0.829690 0.016160 0.021407
0 0.098641 0.903100 0.021398 0.023638
0 0.900004 0.455322 0.019859 0.025265
0 0.499429 0.240796 0.017723 0.021959
0 0.889541 0.542699 0.018884 0.022340
0 0.534011 0.606445 0.020699 0.026761
0 0.550357 0.016788 0.018528 0.024792
0 0.357476 0.836908 0.017021 0.019772
0 0.544746 0.435591 0.018986 0.027654
0 0.786854 0.241377 0.017705 0.021304
0 0.586583 0.729687 0.018685 0.023079
0 0.100673 0.508176 0.019220 0.023247
0 0.634881 0.161036 0.019770 0.024664
0 0.663513 0.694058 0.019205 0.024010
0 0.664915 0.940261 0.019067 0.026906
0 0.490673 0.151471 0.018002 0.023214
0 0.248319 0.559184 0.019088 0.025294
0 0.282235 0.668792 0.019380 0.024756
0 0.086017 0.306630 0.021216 0.026109
0 0.527817 0.411393 0.020448 0.023810
0 0.493120 0.214345 0.021802 0.024059
0 0.988953 0.293787 0.018242 0.021642
0 0.458902 0.892491 0.018423 0.021704
0 0.894440 0.422852 0.020740 0.024378
0 0.155295 0.595598 0.018082 0.022434
0 0.810733 0.878910 0.019977 0.026288
0 0.713489 0.557877 0.021890 0.025293
0 0.895849 0.288403 0.022053 0.025239
0 0.537246 0.700122 0.019355 0.022195
0 0.167081 0.897588 0.023058 0.025969
0 0.452188 0.318574 0.016715 0.022076
0 0.442010 0.552215 0.017923 0.022433
0 0.345579 0.302871 0.016423 0.021261
0 0.053799 0.422460 0.018518 0.023403
0 0.866444 0.569312 0.020585 0.025590
0 0.782400 0.214417 0.015334 0.019114
0 0.918215 0.474659 0.018559 0.024704
0 0.118015 0.136529 0.018319 0.021832
0 0.250086 0.746569 0.015578 0.020694
0 0.785936 0.180176 0.018631 0.022225
0 0.946447 0.044117 0.018691 0.023040
0 0.878248 0.640998 0.019564 0.024284
0 0.136278 0.280829 0.021370 0.024196
0 0.813867 0.091909 0.015826 0.021298
0 0.882728 0.879032 0.019350 0.022640
0 0.909494 0.117458 0.019221 0.028065
0 0.780010 0.384404 0.019602 0.020414
0 0.384848 0.350285 0.016978 0.020124
0 0.232497 0.887932 0.020371 0.024944
0 0.329338 0.246090 0.019715 0.022453
0 0.314274 0.157271 0.017844 0.022416
0 0.483820 0.484732 0.017641 0.021775
0 0.365196 0.891949 0.020009 0.025255
0 0.247594 0.294192 0.017835 0.022716
0 0.392593 0.414572 0.017924 0.020053
0 0.493368 0.055219 0.018804 0.022190
0 0.549343 0.658721 0.015813 0.020931
0 0.042438 0.899341 0.018652 0.023840
0 0.316449 0.268695 0.019184 0.023569
0 0.669711 0.604720 0.017750 0.022991
0 0.529217 0.276634 0.016714 0.021055
0 0.971192 0.791196 0.017477 0.022219
0 0.573215 0.664399 0.019076 0.024368
0 0.786895 0.301177 0.016745 0.020853
0 0.323264 0.855550 0.021600 0.023457
0 0.855093 0.917498 0.019781 0.023893
0 0.043355 0.184039 0.021503 0.027078
0 0.708025 0.474226 0.019506 0.024049
0 0.317393 0.619273 0.018288 0.022187
0 0.781275 0.080751 0.015456 0.019111
0 0.730916 0.986217 0.018897 0.020097
0 0.948177 0.685579 0.017716 0.021144
0 0.546366 0.534922 0.015775 0.018131
0 0.278404 0.580878 0.014920 0.018613
0 0.592961 0.363778 0.018014 0.022878
0 0.440397 0.675738 0.017042 0.020989
0 0.744410 0.235324 0.017771 0.023302
0 0.246613 0.433696 0.017936 0.021142
0 0.407565 0.735126 0.017579 0.020324
0 0.215949 0.739981 0.016689 0.021012
0 0.559147 0.160569 0.015389 0.017570
0 0.674151 0.281642 0.017760 0.020073
0 0.572907 0.081498 0.022340 0.026044
0 0.158902 0.524294 0.017878 0.029386
0 0.486487 0.260886 0.015428 0.019423
0 0.896337 0.900393 0.016254 0.021463
0 0.612484 0.154862 0.017073 0.021609