0 0.705600 0.272626 0.015397 0.020924
0 0.558806 0.529529 0.023698 0.032144
0 0.983137 0.647269 0.018387 0.022568
0 0.961349 0.313062 0.016156 0.021236
0 0.216542 0.321889 0.020040 0.027191
0 0.978743 0.519080 0.022281 0.023760
0 0.734781 0.737103 0.014444 0.021666
0 0.382996 0.478720 0.017729 0.024449
0 0.138019 0.367813 0.018437 0.021544
0 0.512222 0.465509 0.016361 0.020821
0 0.293971 0.561467 0.015819 0.021183
0 0.240951 0.316263 0.018974 0.024871
0 0.250514 0.388542 0.016974 0.021116
0 0.562367 0.320457 0.019620 0.026340
0 0.958184 0.696267 0.016598 0.021146
0 0.903722 0.774202 0.017502 0.022999
0 0.946051 0.333325 0.017599 0.020523
0 0.440019 0.401520 0.017607 0.021907
0 0.110966 0.291148 0.014949 0.019312
0 0.405514 0.231725 0.017485 0.023973
0 0.319372 0.557029 0.017677 0.023436
0 0.067419 0.393928 0.018355 0.023567
0 0.920555 0.835726 0.018394 0.022605
0 0.711536 0.744771 0.016508 0.020239
0 0.421421 0.548995 0.017921 0.023609
0 0.723518 0.254598 0.015668 0.019911
0 0.700719 0.764811 0.016465 0.021191
0 0.795946 0.564945 0.017315 0.021720
0 0.445917 0.934758 0.018530 0.022842
0 0.304358 0.053978 0.019167 0.022683
0 0.685343 0.285630 0.015426 0.021183
0 0.232255 0.367941 0.016902 0.024326
0 0.794726 0.823844 0.022970 0.023687
0 0.706334 0.835997 0.015491 0.019923
0 0.436715 0.755556 0.016503 0.023211
0 0.146110 0.113517 0.017003 0.020478
0 0.438936 0.620707 0.016367 0.021236
0 0.600693 0.186787 0.017150 0.021177
0 0.379763 0.766426 0.018960 0.020135
0 0.391026 0.843523 0.016899 0.021149
0 0.962040 0.965391 0.017790 0.026778
0 0.216979 0.451487 0.018116 0.021639
0 0.467408 0.483130 0.015288 0.019408
0 0.626665 0.068135 0.017572 0.022042
0 0.756801 0.782527 0.023261 0.026571
0 0.048426 0.382649 0.014531 0.020969
0 0.488001 0.037849 0.014169 0.017878
0 0.926485 0.773899 0.015469 0.019470
0 0.330213 0.761358 0.015147 0.018675
0 0.150385 0.444236 0.016043 0.021079
0 0.426149 0.154659 0.018762 0.022583
0 0.254233 0.525076 0.017357 0.021414
0 0.948389 0.456516 0.016329 0.021063
0 0.306917 0.580076 0.016678 0.020365
0 0.105868 0.201368 0.015966 0.019073
0 0.690678 0.714211 0.017288 0.020686
0 0.774764 0.619878 0.019913 0.022545
0 0.781314 0.454739 0.018688 0.023950
0 0.381776 0.663841 0.016342 0.019988
0 0.968381 0.287841 0.017005 0.020751
0 0.339472 0.288733 0.016556 0.020764
0 0.349244 0.547271 0.016595 0.021246
0 0.475254 0.302220 0.017700 0.020999
0 0.692027 0.474808 0.015027 0.018301
0 0.164917 0.021632 0.020693 0.023454
0 0.327834 0.108558 0.018613 0.022666
0 0.435017 0.246114 0.014795 0.019187
0 0.605020 0.859666 0.018283 0.023648
0 0.089157 0.276842 0.013985 0.017637
0 0.676510 0.963680 0.016577 0.020251
0 0.856137 0.571989 0.019441 0.022112
0 0.675363 0.110297 0.011076 0.014819
0 0.415002 0.089895 0.019516 0.025983
0 0.754918 0.651073 0.016774 0.022048
0 0.352031 0.808709 0.016333 0.019888
0 0.030940 0.540555 0.019380 0.022967
0 0.337935 0.746182 0.014319 0.015552
0 0.903920 0.733227 0.017252 0.019182
0 0.905279 0.168722 0.015399 0.019348
0 0.967572 0.590440 0.016466 0.019516
0 0.428272 0.462405 0.015921 0.018464
0 0.488230 0.013729 0.015222 0.018636
0 0.151929 0.389127 0.016348 0.019979
0 0.550043 0.443326 0.015120 0.017416
0 0.261546 0.664302 0.017628 0.026209
0 0.298994 0.287280 0.016545 0.023080
0 0.221341 0.730909 0.016701 0.022142
0 0.491391 0.461377 0.014776 0.020130
0 0.176462 0.717399 0.017444 0.019096
0 0.696877 0.057014 0.017664 0.020652
0 0.215189 0.565235 0.014617 0.017557
0 0.364046 0.830258 0.018311 0.027561
0 0.451240 0.470708 0.015879 0.019510
0 0.560051 0.980716 0.016071 0.019080
0 0.684462 0.123450 0.016723 0.019741
0 0.519972 0.742628 0.015299 0.020123
0 0.470439 0.360647 0.015266 0.018201
0 0.294646 0.131219 0.016425 0.021288
0 0.892934 0.037248 0.018803 0.021408
0 0.447988 0.059840 0.014720 0.017472
0 0.533499 0.532715 0.016138 0.021164
0 0.362408 0.468187 0.013056 0.016807
0 0.258460 0.067827 0.010043 0.013205