0 0.836358 0.919357 0.021912 0.027028
0 0.896795 0.648303 0.018582 0.023105
0 0.181127 0.945459 0.024324 0.029333
0 0.495698 0.590214 0.027792 0.036783
0 0.359438 0.720925 0.019534 0.030019
0 0.592685 0.081176 0.024097 0.029178
0 0.266911 0.569809 0.022268 0.026215
0 0.799879 0.253568 0.021471 0.025022
0 0.945635 0.153495 0.022414 0.027589
0 0.112856 0.876651 0.026309 0.031458
0 0.579147 0.776736 0.018401 0.022546
0 0.944896 0.898239 0.019793 0.024389
0 0.820064 0.885179 0.021833 0.027941
0 0.085295 0.791212 0.019450 0.024993
0 0.897624 0.888248 0.018595 0.022856
0 0.683643 0.590294 0.020522 0.025506
0 0.124324 0.739628 0.018455 0.025077
0 0.178667 0.857023 0.021822 0.025747
0 0.341040 0.302931 0.018929 0.023072
0 0.509046 0.160918 0.019913 0.023302
0 0.829415 0.470158 0.017483 0.022563
0 0.193693 0.552809 0.018048 0.021882
0 0.843913 0.063899 0.018578 0.023907
0 0.273423 0.526034 0.020269 0.022955
0 0.335238 0.275445 0.018605 0.021719
0 0.527678 0.435989 0.017632 0.022151
0 0.317253 0.096898 0.018601 0.020589
0 0.439923 0.693628 0.018176 0.022519
0 0.725861 0.985241 0.020463 0.022087
0 0.324355 0.752116 0.018034 0.022097
0 0.901300 0.562875 0.020061 0.022225
0 0.829974 0.098782 0.015402 0.021061
0 0.694519 0.864586 0.021205 0.025704
0 0.887048 0.470070 0.014287 0.017401
0 0.459251 0.683651 0.015839 0.022815
0 0.346598 0.247934 0.019250 0.022636
0 0.580795 0.252331 0.022264 0.026363
0 0.830616 0.394091 0.015975 0.020701
0 0.803255 0.488205 0.016094 0.020406
0 0.912639 0.433844 0.019311 0.023595
0 0.873397 0.662290 0.018546 0.023458
0 0.702235 0.806647 0.018443 0.022295
0 0.538795 0.186248 0.019233 0.022665
0 0.497773 0.492214 0.016962 0.021920
0 0.294700 0.752207 0.018587 0.022434
0 0.182778 0.902923 0.021811 0.026598
0 0.943859 0.085452 0.017993 0.022863
0 0.550561 0.425248 0.017274 0.021912
0 0.263989 0.445479 0.021719 0.026806
0 0.519561 0.494507 0.016034 0.021057
0 0.603579 0.194463 0.019001 0.021133
0 0.551205 0.737500 0.018022 0.022872
0 0.556709 0.770809 0.016333 0.020217
0 0.582262 0.016595 0.018417 0.020659
0 0.063686 0.196748 0.022316 0.030121
0 0.249653 0.401062 0.021198 0.025031
0 0.156207 0.560241 0.020796 0.026670
0 0.334421 0.863804 0.020108 0.023322
0 0.515269 0.559680 0.017981 0.022386
0 0.297003 0.659170 0.019499 0.027707
0 0.170847 0.344385 0.021335 0.025987
0 0.458058 0.989780 0.019074 0.017317
0 0.966725 0.062802 0.019272 0.024937
0 0.461627 0.886763 0.020440 0.026435
0 0.390714 0.540089 0.016365 0.019716
0 0.886397 0.048673 0.020676 0.024742
0 0.308025 0.121226 0.019054 0.022085
0 0.029183 0.593251 0.020479 0.020605
0 0.327405 0.523765 0.016960 0.021560
0 0.357956 0.775309 0.020583 0.024384
0 0.027538 0.290222 0.019438 0.024007
0 0.681269 0.556347 0.019932 0.022773
0 0.046453 0.978281 0.019753 0.020601
0 0.960605 0.414013 0.019666 0.022377
0 0.368028 0.121369 0.019449 0.021235
0 0.124282 0.450890 0.017957 0.023744
0 0.327038 0.167508 0.019035 0.022217
0 0.147038 0.080418 0.018599 0.024744
0 0.504349 0.771686 0.019650 0.024300
0 0.653296 0.441163 0.018141 0.023466
0 0.469536 0.042171 0.016867 0.020312
0 0.030310 0.825183 0.019105 0.021002
0 0.408858 0.250097 0.018878 0.023137
0 0.791108 0.466652 0.018403 0.022028
0 0.646546 0.710026 0.018184 0.020536
0 0.479641 0.398850 0.021024 0.024987
0 0.902155 0.457193 0.015936 0.017457
0 0.584161 0.441541 0.017161 0.021562
0 0.702133 0.461650 0.014080 0.016115
0 0.551456 0.160991 0.017094 0.019001
0 0.809475 0.787845 0.017232 0.024222
0 0.393207 0.635513 0.018464 0.022974
0 0.249314 0.800663 0.018486 0.020790
0 0.111125 0.764924 0.015619 0.020343
0 0.878364 0.927005 0.017293 0.020701
0 0.799002 0.227464 0.015545 0.018118
0 0.578877 0.160905 0.014731 0.022237
0 0.299790 0.588247 0.015578 0.020802
0 0.943786 0.719133 0.018354 0.022602
0 0.283517 0.296174 0.016005 0.019964
0 0.396978 0.344789 0.019324 0.022257
0 0.916987 0.906527 0.016948 0.021659
0 0.638096 0.164161 0.018429 0.021695
0 0.340198 0.728761 0.015595 0.019937
0 0.024738 0.653373 0.019470 0.024119
0 0.712139 0.478618 0.014845 0.017611
0 0.559188 0.709088 0.018396 0.021416
0 0.466871 0.221683 0.021256 0.020443
0 0.310084 0.979828 0.017617 0.019509
0 0.426090 0.745068 0.016554 0.021577
0 0.273019 0.979756 0.017652 0.017561
0 0.259827 0.960325 0.023248 0.022956
0 0.057254 0.343490 0.019322 0.024388
0 0.868800 0.464635 0.014471 0.020052
0 0.461517 0.184150 0.014957 0.018025
0 0.920424 0.757293 0.014264 0.018002