0 0.557012 0.524213 0.026683 0.035487
0 0.704088 0.272649 0.015948 0.021284
0 0.925438 0.773516 0.016059 0.019434
0 0.026824 0.345806 0.019115 0.021482
0 0.211180 0.322899 0.021185 0.027749
0 0.902152 0.774740 0.019302 0.023361
0 0.305028 0.580100 0.018474 0.020710
0 0.759235 0.710939 0.018005 0.022392
0 0.166198 0.022155 0.017555 0.021966
0 0.720266 0.255233 0.015577 0.021430
0 0.417316 0.854929 0.015265 0.019553
0 0.724550 0.742481 0.016043 0.019612
0 0.683982 0.286581 0.014596 0.021107
0 0.236762 0.921244 0.015912 0.019974
0 0.699890 0.765478 0.015499 0.020175
0 0.427864 0.427535 0.016277 0.019109
0 0.402544 0.237265 0.019178 0.023777
0 0.899764 0.467856 0.016360 0.018957
0 0.060643 0.336534 0.017475 0.019596
0 0.313840 0.554935 0.016362 0.020569
0 0.236597 0.315368 0.017639 0.025975
0 0.540766 0.349704 0.014809 0.017453
0 0.358992 0.827686 0.015792 0.019629
0 0.149759 0.443203 0.017556 0.022320
0 0.321515 0.423983 0.017440 0.022870
0 0.249353 0.387221 0.016358 0.019869
0 0.063588 0.275076 0.014333 0.016917
0 0.794098 0.927536 0.014472 0.017899
0 0.358266 0.917258 0.018661 0.023283
0 0.675938 0.961664 0.016526 0.021029
0 0.074321 0.176038 0.016578 0.019201
0 0.939955 0.810363 0.015732 0.019707
0 0.607288 0.640179 0.016857 0.021787
0 0.425077 0.888881 0.016992 0.021210
0 0.732676 0.983530 0.016227 0.018914
0 0.489746 0.458933 0.017551 0.024364
0 0.780218 0.457786 0.018378 0.024555
0 0.750029 0.511530 0.018066 0.022770
0 0.300472 0.049932 0.015871 0.020900
0 0.334620 0.290440 0.016566 0.020651
0 0.225169 0.632164 0.018826 0.022639
0 0.384655 0.845033 0.016317 0.021320
0 0.703535 0.738178 0.015388 0.021647
0 0.230765 0.369677 0.016529 0.020503
0 0.955710 0.292041 0.015724 0.022598
0 0.296729 0.128209 0.016484 0.021437
0 0.080619 0.251148 0.015362 0.019557
0 0.932607 0.878569 0.015114 0.018279
0 0.961790 0.971037 0.016682 0.022780
0 0.433950 0.244667 0.015160 0.019327
0 0.775151 0.936334 0.016162 0.019946
0 0.797254 0.822617 0.017595 0.021335
0 0.136142 0.361248 0.016912 0.021816
0 0.248153 0.516441 0.017636 0.021558
0 0.597163 0.185574 0.016441 0.019837
0 0.543993 0.435450 0.019657 0.020198
0 0.701018 0.249187 0.010590 0.014331
0 0.423668 0.153186 0.015829 0.021837
0 0.602825 0.861112 0.017428 0.023052
0 0.431696 0.753333 0.017089 0.020517
0 0.081786 0.910407 0.017526 0.022559
0 0.348520 0.810319 0.015387 0.018341
0 0.556139 0.314095 0.018171 0.022105
0 0.415768 0.550785 0.018595 0.022193
0 0.919957 0.978038 0.014975 0.016839
0 0.940199 0.984018 0.013013 0.017338
0 0.920285 0.667059 0.015277 0.018842
0 0.217662 0.452008 0.017290 0.020610
0 0.391062 0.338772 0.017120 0.019946
0 0.540679 0.674362 0.018278 0.021934
0 0.188251 0.652106 0.015841 0.019950
0 0.434408 0.402752 0.017921 0.021959
0 0.145821 0.114179 0.015686 0.018577
0 0.415019 0.092131 0.017296 0.022796
0 0.695023 0.057364 0.017352 0.021305
0 0.437424 0.620379 0.017268 0.021072
0 0.688063 0.713099 0.018436 0.020429
0 0.861102 0.381464 0.015660 0.021548
0 0.834486 0.326280 0.018148 0.023171
0 0.360680 0.469384 0.016982 0.022807
0 0.243173 0.673938 0.019312 0.021830
0 0.903976 0.730974 0.014881 0.019432
0 0.849240 0.569637 0.017687 0.022071
0 0.620454 0.060361 0.018228 0.022160
0 0.944468 0.790766 0.015353 0.017400
0 0.838724 0.921509 0.017170 0.019957
0 0.348094 0.544320 0.015486 0.019916
0 0.843252 0.986667 0.017108 0.019493
0 0.947432 0.342350 0.019699 0.023273
0 0.419414 0.446091 0.013802 0.014814
0 0.870768 0.250357 0.016458 0.022452
0 0.316317 0.100583 0.017671 0.019878
0 0.352726 0.634104 0.018674 0.022376
0 0.349250 0.734668 0.020455 0.021651
0 0.963452 0.466975 0.015771 0.019787
0 0.477881 0.304491 0.016038 0.019741
0 0.204354 0.773296 0.014872 0.019232
0 0.046154 0.383594 0.015353 0.019453
0 0.425132 0.468697 0.015423 0.018569
0 0.923535 0.748285 0.013516 0.016009
0 0.854790 0.786395 0.014240 0.018656
0 0.780238 0.504644 0.014602 0.019317
0 0.965644 0.150281 0.015326 0.020146
0 0.636750 0.508728 0.020311 0.024484
0 0.899844 0.444371 0.015646 0.016676
0 0.060897 0.422541 0.015801 0.018544
0 0.876114 0.701489 0.015736 0.020019
0 0.267385 0.115962 0.014068 0.019495
0 0.932807 0.322317 0.017343 0.021099
0 0.944610 0.456718 0.015289 0.020977
0 0.364609 0.293721 0.013195 0.015662
0 0.106491 0.642432 0.015256 0.017141
0 0.650535 0.095036 0.014405 0.017213
0 0.663203 0.111044 0.018078 0.018007
0 0.559255 0.987395 0.017073 0.025210