0 0.009167 0.661175 0.015790 0.019062
0 0.510178 0.961171 0.022526 0.027504
0 0.017442 0.120494 0.014637 0.016928
0 0.796655 0.609903 0.018410 0.021468
0 0.624984 0.946336 0.018866 0.025001
0 0.811044 0.274245 0.016657 0.020047
0 0.280968 0.384768 0.019196 0.023733
0 0.977963 0.658177 0.017356 0.021285
0 0.774685 0.191744 0.018216 0.022082
0 0.929799 0.989258 0.017898 0.018102
0 0.481032 0.876450 0.016134 0.020380
0 0.035262 0.933549 0.016628 0.021502
0 0.119269 0.491232 0.014880 0.017278
0 0.125507 0.166984 0.019470 0.024685
0 0.488999 0.151906 0.019130 0.025263
0 0.824751 0.521839 0.017033 0.022901
0 0.022704 0.274561 0.016226 0.019840
0 0.456802 0.041302 0.017117 0.021111
0 0.613450 0.621201 0.015196 0.018828
0 0.841439 0.858874 0.014963 0.017955
0 0.234156 0.267695 0.017014 0.019824
0 0.815656 0.867967 0.018471 0.022083
0 0.553718 0.562715 0.015636 0.019383
0 0.743647 0.926655 0.017245 0.021022
0 0.754150 0.810686 0.018036 0.022654
0 0.285088 0.458862 0.015486 0.020191
0 0.160387 0.423471 0.016436 0.022700
0 0.664039 0.334076 0.017175 0.018870
0 0.251602 0.469016 0.020104 0.022325
0 0.567519 0.101668 0.015939 0.020462
0 0.128293 0.233202 0.017639 0.022927
0 0.500078 0.855038 0.018735 0.023174
0 0.030354 0.810501 0.015664 0.018308
0 0.815819 0.025283 0.016181 0.019908
0 0.079364 0.922572 0.017706 0.023120
0 0.765575 0.948755 0.016665 0.020661
0 0.041158 0.419063 0.016816 0.017674
0 0.543416 0.933201 0.014513 0.018310
0 0.306726 0.826977 0.017193 0.021816
0 0.048844 0.143825 0.017030 0.021242
0 0.799140 0.893911 0.015970 0.021252
0 0.785887 0.654659 0.015621 0.021812
0 0.215622 0.226702 0.016869 0.020841
0 0.972817 0.231464 0.016701 0.022988
0 0.950708 0.967836 0.017646 0.021333
0 0.057589 0.590114 0.017707 0.020195
0 0.841101 0.553903 0.014927 0.018804
0 0.651765 0.676365 0.016086 0.021156
0 0.607306 0.056790 0.014840 0.017942
0 0.790288 0.745405 0.017557 0.022378
0 0.207657 0.925636 0.014335 0.017735
0 0.446402 0.143466 0.015488 0.020880
0 0.226397 0.935932 0.015637 0.020449
0 0.043608 0.337075 0.014551 0.017464
0 0.385835 0.087285 0.014571 0.020505
0 0.518758 0.293997 0.017541 0.022119
0 0.467472 0.677719 0.016057 0.021118
0 0.379977 0.650312 0.014410 0.022049
0 0.817739 0.972397 0.016106 0.021752
0 0.424592 0.811809 0.018452 0.024518
0 0.727300 0.900801 0.017182 0.021118
0 0.065568 0.042468 0.016656 0.021887
0 0.021263 0.076034 0.014414 0.022417
0 0.945768 0.504017 0.017593 0.021658
0 0.741181 0.069446 0.017232 0.021347
0 0.237302 0.889009 0.015717 0.019696
0 0.215625 0.964343 0.017775 0.022405
0 0.647708 0.085919 0.017128 0.022797
0 0.533287 0.436876 0.015848 0.020355
0 0.528483 0.569142 0.016520 0.019360
0 0.904759 0.137328 0.014715 0.018964
0 0.653494 0.964969 0.014091 0.019674
0 0.302743 0.490770 0.015627 0.019270
0 0.722388 0.525081 0.017843 0.021807
0 0.306754 0.028456 0.014982 0.018219
0 0.804442 0.404722 0.017423 0.021439
0 0.169755 0.170217 0.016519 0.020101
0 0.401221 0.765607 0.019995 0.024774
0 0.225149 0.990916 0.016914 0.015447
0 0.705050 0.135596 0.017927 0.021509
0 0.312331 0.051089 0.015581 0.021561
0 0.935774 0.887229 0.014657 0.019375
0 0.376075 0.048883 0.015523 0.020318
0 0.185037 0.940275 0.014134 0.017837
0 0.659078 0.777561 0.014867 0.019550
0 0.245059 0.865700 0.014948 0.017049
0 0.704144 0.578003 0.015971 0.017233
0 0.690408 0.660935 0.015570 0.020647
0 0.197131 0.874455 0.015421 0.018964
0 0.858678 0.590049 0.015673 0.021394
0 0.425906 0.010944 0.015773 0.019415
0 0.051067 0.109844 0.019082 0.018007
0 0.331274 0.024610 0.017073 0.015606
0 0.800293 0.058223 0.013056 0.015606
0 0.093249 0.498199 0.015065 0.016807
0 0.119864 0.546218 0.016069 0.014406
0 0.135431 0.692677 0.017073 0.021609
0 0.044539 0.074430 0.012052 0.014406
0 0.813349 0.671068 0.013056 0.019208
0 0.083206 0.855942 0.015065 0.021609
0 0.038513 0.902761 0.014061 0.016807
0 0.454303 0.264706 0.014061 0.022809
0 0.770163 0.076831 0.015065 0.019208
0 0.112331 0.469988 0.017073 0.018007
0 0.026964 0.320528 0.015065 0.019208
0 0.209751 0.693878 0.015065 0.021609
0 0.249923 0.503601 0.019082 0.020408
0 0.076678 0.466987 0.014061 0.016807
0 0.393542 0.022809 0.017073 0.014406
0 0.417645 0.045618 0.021091 0.019208
0 0.744553 0.564826 0.016069 0.015606
0 0.736518 0.593637 0.014061 0.015606
0 0.589887 0.644658 0.014061 0.014406
0 0.278547 0.607443 0.012052 0.016807
0 0.586372 0.321128 0.013056 0.013205
0 0.626043 0.331333 0.014061 0.019208
0 0.608467 0.114046 0.015065 0.016807
0 0.844985 0.672269 0.012052 0.016807
0 0.703375 0.899760 0.016069 0.018007
0 0.701367 0.932773 0.014061 0.019208