0 0.217551 0.350199 0.018933 0.021569
0 0.687117 0.250585 0.022134 0.025233
0 0.545259 0.506393 0.022213 0.028536
0 0.568299 0.462398 0.017851 0.022056
0 0.296126 0.081336 0.017561 0.022659
0 0.529299 0.432266 0.018965 0.022807
0 0.717967 0.246501 0.018367 0.021670
0 0.198865 0.304139 0.020948 0.027370
0 0.203692 0.431640 0.017221 0.022733
0 0.240178 0.660418 0.017875 0.022515
0 0.531639 0.482026 0.016526 0.019437
0 0.276043 0.506983 0.019032 0.024202
0 0.240424 0.499664 0.019477 0.024109
0 0.259035 0.042802 0.018320 0.024460
0 0.013016 0.516932 0.018234 0.024114
0 0.157695 0.971166 0.019627 0.024306
0 0.982454 0.433177 0.019533 0.023219
0 0.594647 0.209658 0.019046 0.022172
0 0.315950 0.236440 0.018896 0.024892
0 0.704868 0.226827 0.015828 0.020893
0 0.290380 0.855322 0.020584 0.025544
0 0.983818 0.759536 0.019337 0.023565
0 0.237117 0.367434 0.016271 0.020802
0 0.614456 0.042315 0.019206 0.024599
0 0.459692 0.935821 0.020292 0.024819
0 0.932127 0.807309 0.017927 0.022938
0 0.661926 0.726908 0.019256 0.024850
0 0.950021 0.335981 0.026061 0.027907
0 0.364029 0.716999 0.017151 0.020046
0 0.423396 0.742296 0.017559 0.021065
0 0.280308 0.419016 0.018179 0.023007
0 0.890600 0.497431 0.018406 0.020817
0 0.065026 0.364853 0.019060 0.023935
0 0.847563 0.549720 0.019967 0.026632
0 0.422352 0.788628 0.019050 0.024364
0 0.858483 0.450721 0.017819 0.027279
0 0.924778 0.019969 0.018764 0.024567
0 0.321526 0.268339 0.016955 0.021172
0 0.973815 0.630655 0.019228 0.022934
0 0.131666 0.822723 0.019673 0.026160
0 0.139422 0.425702 0.016874 0.020271
0 0.126332 0.345078 0.018568 0.021649
0 0.283546 0.055747 0.015128 0.020376
0 0.682495 0.522997 0.021981 0.024325
0 0.685295 0.745036 0.017503 0.021591
0 0.682459 0.041361 0.020116 0.024195
0 0.541116 0.297795 0.020869 0.025169
0 0.958828 0.090763 0.018637 0.022794
0 0.771695 0.162212 0.019022 0.023784
0 0.123160 0.988306 0.018836 0.018897
0 0.825255 0.814530 0.023514 0.025966
0 0.786360 0.621742 0.018103 0.021648
0 0.934857 0.500421 0.018531 0.020531
0 0.088102 0.457507 0.018913 0.023542
0 0.883360 0.131482 0.020599 0.023880
0 0.129651 0.275844 0.019403 0.023810
0 0.428179 0.601097 0.019282 0.023506
0 0.347486 0.461986 0.014465 0.019116
0 0.925824 0.527224 0.017554 0.021206
0 0.542607 0.458435 0.015105 0.020166
0 0.342577 0.051040 0.018044 0.022915
0 0.295650 0.499322 0.014822 0.019534
0 0.724167 0.643876 0.018446 0.026994
0 0.116562 0.213174 0.019016 0.023358
0 0.412774 0.127408 0.018402 0.022173
0 0.675427 0.695918 0.019998 0.022843
0 0.410289 0.446538 0.016676 0.020237
0 0.131736 0.093934 0.017429 0.023912
0 0.403154 0.486028 0.018754 0.022757
0 0.624558 0.794615 0.018695 0.024426
0 0.336677 0.787698 0.019765 0.022694
0 0.377429 0.450802 0.016794 0.020806
0 0.284009 0.267775 0.017106 0.022581
0 0.490514 0.041087 0.019477 0.024672
0 0.887113 0.713572 0.020209 0.024503
0 0.947149 0.158494 0.018092 0.021924
0 0.948764 0.942439 0.021829 0.026803
0 0.746004 0.623619 0.020115 0.022603
0 0.050346 0.399831 0.017206 0.021230
0 0.020700 0.208016 0.019676 0.023468
0 0.933576 0.432563 0.018659 0.022030
0 0.839359 0.014846 0.018458 0.023210
0 0.768709 0.871247 0.022229 0.025646
0 0.594335 0.849282 0.021212 0.027692
0 0.261831 0.644199 0.016881 0.020604
0 0.183625 0.423228 0.014891 0.019801
0 0.852881 0.368383 0.019044 0.023471
0 0.509779 0.726042 0.019605 0.022407
0 0.418093 0.227524 0.017827 0.023185
0 0.599185 0.940867 0.020276 0.024716
0 0.233980 0.285093 0.018503 0.021598
0 0.411453 0.856934 0.020230 0.023572
0 0.908561 0.822651 0.016243 0.021638
0 0.489027 0.328633 0.017813 0.021743
0 0.369999 0.588490 0.017936 0.022166
0 0.525643 0.667451 0.017358 0.020071
0 0.572311 0.072629 0.013056 0.018007