0 0.704150 0.272912 0.015945 0.020712
0 0.808761 0.881898 0.020862 0.022350
0 0.559439 0.521250 0.028006 0.035440
0 0.944855 0.329449 0.020699 0.024252
0 0.304775 0.580029 0.018516 0.021551
0 0.600584 0.101637 0.017285 0.020551
0 0.434044 0.753804 0.016247 0.020147
0 0.959050 0.774781 0.015701 0.017998
0 0.367673 0.340353 0.018938 0.023159
0 0.063184 0.154665 0.015484 0.018451
0 0.536947 0.581941 0.017215 0.021376
0 0.946558 0.294054 0.019705 0.022327
0 0.731842 0.984181 0.014434 0.017431
0 0.235291 0.313740 0.018084 0.023565
0 0.357412 0.291134 0.015504 0.019539
0 0.237003 0.669519 0.015989 0.020523
0 0.692034 0.668112 0.017092 0.021397
0 0.175623 0.560647 0.016857 0.020039
0 0.699192 0.765092 0.016037 0.020722
0 0.348837 0.543341 0.014804 0.019117
0 0.903798 0.951116 0.018480 0.023283
0 0.721749 0.252260 0.015946 0.021103
0 0.165652 0.023307 0.017418 0.020457
0 0.430305 0.430719 0.018442 0.021472
0 0.937729 0.812072 0.016717 0.020733
0 0.730775 0.883114 0.014851 0.018067
0 0.178007 0.826256 0.015017 0.019750
0 0.351690 0.958855 0.016765 0.019943
0 0.150541 0.443765 0.015723 0.022824
0 0.932669 0.878285 0.014615 0.018003
0 0.243050 0.520061 0.017249 0.021567
0 0.249586 0.387608 0.016281 0.020266
0 0.136161 0.360110 0.017680 0.022744
0 0.295092 0.821836 0.018887 0.023296
0 0.217656 0.453564 0.016900 0.020931
0 0.905658 0.731927 0.015727 0.019187
0 0.917129 0.758019 0.014895 0.019088
0 0.038959 0.906570 0.016216 0.020101
0 0.228230 0.367527 0.016684 0.022098
0 0.038515 0.805706 0.018417 0.020692
0 0.071917 0.924196 0.016355 0.019572
0 0.332818 0.292899 0.015893 0.021005
0 0.475073 0.614166 0.018322 0.019551
0 0.661498 0.611289 0.017469 0.022373
0 0.707386 0.733279 0.017506 0.020687
0 0.804216 0.621757 0.016327 0.019051
0 0.044538 0.383772 0.014127 0.019181
0 0.688662 0.713620 0.017068 0.022418
0 0.413795 0.092131 0.017419 0.021932
0 0.679308 0.960531 0.016055 0.020845
0 0.838651 0.606893 0.016906 0.019910
0 0.556698 0.317972 0.019999 0.023980
0 0.079676 0.251489 0.016067 0.020793
0 0.854589 0.925581 0.015754 0.021621
0 0.684623 0.288507 0.014731 0.019560
0 0.602023 0.860631 0.018683 0.022464
0 0.348738 0.732363 0.017867 0.020752
0 0.785293 0.922688 0.017006 0.019209
0 0.836010 0.245995 0.017494 0.020383
0 0.797701 0.338583 0.014660 0.019795
0 0.415132 0.550266 0.018437 0.022829
0 0.300681 0.051533 0.016018 0.020185
0 0.488888 0.459976 0.015157 0.020347
0 0.477090 0.308197 0.016631 0.020179
0 0.597067 0.183742 0.017694 0.021579
0 0.900721 0.777405 0.018717 0.022428
0 0.179737 0.270994 0.020604 0.026076
0 0.899102 0.468105 0.016164 0.018866
0 0.619992 0.060955 0.017803 0.020286
0 0.518678 0.742573 0.014660 0.018336
0 0.743215 0.902162 0.014888 0.018137
0 0.433858 0.245297 0.014951 0.019138
0 0.801915 0.075136 0.014555 0.018714
0 0.465076 0.955933 0.012898 0.015728
0 0.864724 0.882999 0.015436 0.018910
0 0.438349 0.619286 0.017139 0.022064
0 0.240958 0.948389 0.016414 0.019845
0 0.787188 0.695998 0.014453 0.018429
0 0.151095 0.571947 0.015530 0.019248
0 0.319041 0.551478 0.016710 0.020636
0 0.360605 0.469294 0.016780 0.021040
0 0.748731 0.277712 0.015796 0.020636
0 0.144694 0.114536 0.016126 0.018986
0 0.797686 0.822838 0.016701 0.019588
0 0.680921 0.431048 0.015296 0.018026
0 0.856887 0.282435 0.016779 0.020103
0 0.701398 0.420346 0.015019 0.019097
0 0.018768 0.320949 0.018359 0.021519
0 0.503153 0.376779 0.016632 0.019489
0 0.945295 0.458091 0.014761 0.021425
0 0.854295 0.569350 0.016629 0.020398
0 0.295841 0.129229 0.016135 0.019200
0 0.079417 0.581965 0.014142 0.017342
0 0.296319 0.394326 0.016417 0.022498
0 0.563336 0.447316 0.017012 0.021550
0 0.373792 0.191451 0.015976 0.020708
0 0.150572 0.674346 0.015143 0.017327
0 0.855825 0.404023 0.017203 0.018281
0 0.786770 0.906419 0.018302 0.018078
0 0.965327 0.971694 0.017911 0.022140
0 0.943057 0.132851 0.016711 0.020170
0 0.424129 0.151279 0.016354 0.019994
0 0.472883 0.270108 0.021091 0.021609
0 0.050063 0.219688 0.019082 0.024010
0 0.013405 0.256303 0.016069 0.022809
0 0.358390 0.829532 0.013056 0.012005
0 0.388520 0.845138 0.011048 0.016807
0 0.429195 0.868547 0.014061 0.015606
0 0.347343 0.810324 0.013056 0.014406
0 0.416139 0.851741 0.014061 0.018007
0 0.917798 0.710084 0.015065 0.018007
0 0.973036 0.151261 0.017073 0.019208