0 0.558960 0.529249 0.023806 0.031941
0 0.505043 0.482329 0.015451 0.019428
0 0.217981 0.321367 0.020265 0.025676
0 0.307838 0.581082 0.016113 0.020789
0 0.491260 0.974788 0.016274 0.021806
0 0.141377 0.302265 0.014294 0.017702
0 0.404421 0.237729 0.017296 0.022246
0 0.065564 0.394468 0.018254 0.022856
0 0.292207 0.568443 0.015264 0.019831
0 0.977773 0.854920 0.018529 0.023325
0 0.958823 0.696141 0.017044 0.021062
0 0.437433 0.752525 0.017898 0.026054
0 0.983635 0.646046 0.018398 0.023137
0 0.233004 0.367996 0.016295 0.022176
0 0.321420 0.557509 0.017390 0.023124
0 0.146210 0.362293 0.019152 0.024654
0 0.543658 0.481584 0.016830 0.019653
0 0.794193 0.827814 0.017200 0.023187
0 0.347840 0.068590 0.018615 0.022605
0 0.412142 0.489719 0.018315 0.023362
0 0.717623 0.748706 0.016322 0.023731
0 0.499946 0.027786 0.018431 0.028459
0 0.946741 0.332747 0.017345 0.020099
0 0.388606 0.840451 0.017115 0.020677
0 0.962772 0.965154 0.018348 0.026448
0 0.358006 0.770238 0.017271 0.020694
0 0.419809 0.800572 0.017990 0.020563
0 0.251338 0.388581 0.016409 0.020920
0 0.420001 0.549256 0.018231 0.023747
0 0.161118 0.399016 0.016108 0.021072
0 0.062329 0.423370 0.015857 0.021144
0 0.758894 0.879075 0.017666 0.022261
0 0.962221 0.313709 0.015977 0.022470
0 0.218883 0.453566 0.018042 0.020448
0 0.903732 0.774585 0.019815 0.024167
0 0.935240 0.786769 0.016400 0.021975
0 0.683281 0.286967 0.014814 0.021308
0 0.436028 0.246512 0.015391 0.019684
0 0.382286 0.664065 0.015940 0.019347
0 0.262789 0.662509 0.018540 0.028556
0 0.362552 0.468753 0.016363 0.019379
0 0.146845 0.113013 0.016679 0.021032
0 0.725239 0.254458 0.015953 0.020377
0 0.528508 0.048165 0.014563 0.017926
0 0.949176 0.455957 0.016276 0.020688
0 0.696467 0.052677 0.017390 0.021531
0 0.811604 0.652370 0.018817 0.024075
0 0.426405 0.154026 0.018600 0.023529
0 0.606718 0.859033 0.018501 0.023016
0 0.810604 0.807423 0.023421 0.024544
0 0.488178 0.305966 0.016105 0.020100
0 0.429043 0.465133 0.016101 0.017808
0 0.255263 0.526327 0.018718 0.021703
0 0.550762 0.443491 0.015290 0.017066
0 0.193508 0.743634 0.017570 0.019381
0 0.600606 0.186385 0.016765 0.021034
0 0.440769 0.624502 0.016290 0.022166
0 0.440669 0.399708 0.018660 0.022048
0 0.980860 0.300852 0.015966 0.020941
0 0.242519 0.314989 0.018385 0.023517
0 0.299954 0.287479 0.016122 0.022076
0 0.151759 0.443302 0.016033 0.021416
0 0.139900 0.572704 0.018156 0.020654
0 0.352117 0.807660 0.016105 0.019457
0 0.561349 0.317583 0.019941 0.023024
0 0.253401 0.766696 0.016296 0.021832
0 0.325071 0.110684 0.016846 0.021478
0 0.781291 0.453106 0.019162 0.022601
0 0.045043 0.383883 0.015014 0.020440
0 0.351327 0.547281 0.015227 0.019164
0 0.700760 0.765835 0.016673 0.022311
0 0.691615 0.714158 0.018086 0.021130
0 0.766788 0.766238 0.015919 0.018635
0 0.630545 0.068779 0.017311 0.021137
0 0.340532 0.288087 0.015795 0.020567
0 0.030630 0.542806 0.017670 0.022131
0 0.106149 0.208349 0.015597 0.019895
0 0.162903 0.022490 0.026110 0.025121
0 0.679191 0.961689 0.016137 0.020392
0 0.414834 0.092079 0.021867 0.023234
0 0.499021 0.073423 0.014307 0.017927
0 0.856800 0.572413 0.018070 0.021782
0 0.559996 0.980328 0.016344 0.019096
0 0.914209 0.168303 0.019125 0.028039
0 0.244048 0.590567 0.013953 0.017031
0 0.535419 0.533085 0.015570 0.020561
0 0.295379 0.132088 0.016948 0.021962
0 0.363733 0.829326 0.018602 0.026625
0 0.729089 0.529082 0.018439 0.022924
0 0.756350 0.646438 0.018066 0.024161
0 0.536144 0.389760 0.014216 0.018482
0 0.287873 0.080150 0.013448 0.016314
0 0.267328 0.118724 0.016201 0.020860
0 0.520164 0.742642 0.015787 0.020504
0 0.825339 0.590654 0.016100 0.018819
0 0.355549 0.484960 0.012114 0.013522
0 0.493510 0.460234 0.016174 0.019787
0 0.902143 0.731202 0.017938 0.019796
0 0.435482 0.977703 0.016157 0.018624
0 0.114351 0.299559 0.016173 0.020934
0 0.486157 0.489364 0.014896 0.020101
0 0.684293 0.126050 0.020086 0.019208
0 0.703375 0.271909 0.018078 0.022809