0 0.644460 0.084990 0.025353 0.028695
0 0.159038 0.042068 0.021047 0.026028
0 0.521788 0.969072 0.022432 0.027054
0 0.402445 0.011366 0.013858 0.017339
0 0.654158 0.657538 0.018115 0.022664
0 0.499862 0.086722 0.017079 0.021327
0 0.802932 0.894314 0.019165 0.025168
0 0.488305 0.127708 0.018933 0.023112
0 0.875984 0.200025 0.022321 0.026126
0 0.794410 0.659674 0.017668 0.022783
0 0.255560 0.471823 0.019104 0.026218
0 0.074135 0.028202 0.016377 0.021752
0 0.885675 0.532748 0.020519 0.023333
0 0.317095 0.017211 0.015355 0.020627
0 0.858465 0.515231 0.018261 0.022762
0 0.024772 0.897350 0.016817 0.021457
0 0.943770 0.900322 0.019933 0.022379
0 0.044760 0.938118 0.017792 0.023390
0 0.288626 0.390149 0.019061 0.022736
0 0.126262 0.682562 0.017662 0.023176
0 0.649327 0.848155 0.020443 0.027253
0 0.522400 0.627413 0.019203 0.025385
0 0.478023 0.051859 0.017213 0.022889
0 0.278833 0.460292 0.018434 0.024094
0 0.820771 0.335244 0.021244 0.025468
0 0.392365 0.653734 0.015124 0.020488
0 0.741811 0.223711 0.020019 0.024819
0 0.684824 0.710644 0.018863 0.024177
0 0.334686 0.107631 0.018456 0.022146
0 0.035301 0.415569 0.016017 0.020461
0 0.763217 0.055495 0.020094 0.024817
0 0.137699 0.079799 0.017892 0.020811
0 0.093142 0.476260 0.019174 0.023459
0 0.925404 0.123314 0.018875 0.024689
0 0.731113 0.573678 0.016784 0.021438
0 0.489875 0.599962 0.016585 0.021635
0 0.141225 0.237237 0.016752 0.021448
0 0.126093 0.494490 0.017071 0.022854
0 0.357562 0.043409 0.016312 0.020130
0 0.658066 0.705464 0.016441 0.020091
0 0.103767 0.032958 0.017145 0.022004
0 0.201250 0.474964 0.018478 0.024047
0 0.795922 0.798936 0.019163 0.023182
0 0.469435 0.586862 0.017314 0.022803
0 0.059590 0.088829 0.016492 0.021040
0 0.053470 0.537304 0.018444 0.022915
0 0.756673 0.568465 0.018320 0.024963
0 0.044150 0.120048 0.018357 0.022681
0 0.374790 0.645654 0.014170 0.020447
0 0.874697 0.718920 0.018276 0.023536
0 0.046434 0.904365 0.014465 0.017583
0 0.853795 0.810999 0.020931 0.023297
0 0.011086 0.411828 0.017226 0.020139
0 0.720989 0.533700 0.019027 0.023124
0 0.295970 0.026834 0.016957 0.022294
0 0.318033 0.042231 0.015113 0.019776
0 0.396582 0.087234 0.017025 0.020750
0 0.239110 0.914398 0.017538 0.021263
0 0.299187 0.099401 0.016425 0.019920
0 0.806202 0.041867 0.017769 0.028410
0 0.366055 0.890407 0.019717 0.025991
0 0.078304 0.859646 0.019255 0.022047
0 0.815807 0.650877 0.016993 0.021997
0 0.824030 0.912883 0.016741 0.020273
0 0.684672 0.586706 0.018450 0.025414
0 0.460447 0.263496 0.020072 0.022676
0 0.979800 0.465951 0.018651 0.022411
0 0.691430 0.865013 0.015949 0.022666
0 0.491127 0.520465 0.018613 0.023183
0 0.553319 0.814841 0.018585 0.022144
0 0.540246 0.438999 0.018245 0.022948
0 0.398015 0.937295 0.017388 0.021185
0 0.225922 0.233410 0.018646 0.024118
0 0.878463 0.967005 0.015211 0.021210
0 0.553947 0.158029 0.020679 0.023727
0 0.723441 0.100011 0.018209 0.022746
0 0.229608 0.590872 0.016603 0.023376
0 0.659074 0.318578 0.018088 0.022123
0 0.275970 0.871819 0.015739 0.020159
0 0.088431 0.261677 0.019608 0.022503
0 0.199239 0.514274 0.019142 0.024697
0 0.894925 0.506049 0.020280 0.024445
0 0.334701 0.052309 0.014245 0.020232
0 0.535886 0.219477 0.018544 0.022529
0 0.134816 0.643955 0.013230 0.015516
0 0.787844 0.082376 0.020561 0.026992
0 0.582585 0.325228 0.020136 0.025047
0 0.312969 0.837190 0.017468 0.021342
0 0.858827 0.673229 0.017739 0.021631
0 0.610167 0.116772 0.018235 0.023317
0 0.822033 0.968876 0.017324 0.021940
0 0.446603 0.662252 0.020061 0.023644
0 0.219005 0.335134 0.018081 0.021888
0 0.666644 0.682734 0.016434 0.019912
0 0.422985 0.011196 0.014350 0.018589
0 0.471573 0.145229 0.017443 0.021490
0 0.897319 0.959696 0.016230 0.020597
0 0.714155 0.591377 0.015626 0.021757
0 0.239017 0.805950 0.018920 0.022886
0 0.333362 0.670856 0.016799 0.019697
0 0.502278 0.390519 0.017694 0.024476
0 0.789348 0.289512 0.017076 0.022537
0 0.201897 0.664531 0.016969 0.020922
0 0.339306 0.024967 0.016671 0.020099
0 0.877507 0.692327 0.015504 0.019453
0 0.477452 0.240184 0.015244 0.018487
0 0.530512 0.694336 0.019589 0.023930
0 0.426809 0.038374 0.020862 0.023256
0 0.443327 0.351375 0.016135 0.021532
0 0.923322 0.990396 0.016069 0.019208
0 0.895201 0.990996 0.016069 0.018007