0 0.125324 0.139752 0.021111 0.027913
0 0.772563 0.947014 0.018621 0.024196
0 0.470788 0.668437 0.015018 0.019034
0 0.521620 0.969125 0.022336 0.026694
0 0.816774 0.649727 0.017197 0.020763
0 0.795398 0.658928 0.017024 0.022383
0 0.876558 0.571718 0.017103 0.022221
0 0.332073 0.107408 0.017427 0.021895
0 0.287905 0.388912 0.018842 0.022684
0 0.393246 0.086230 0.015461 0.020634
0 0.252219 0.469737 0.020362 0.026080
0 0.486697 0.130695 0.020290 0.024719
0 0.076314 0.564910 0.017490 0.021046
0 0.490828 0.690727 0.017212 0.020615
0 0.296429 0.026752 0.016890 0.021866
0 0.102248 0.147574 0.018339 0.021637
0 0.138691 0.237059 0.017391 0.020760
0 0.044002 0.058882 0.017265 0.023401
0 0.043898 0.938070 0.017983 0.023011
0 0.803424 0.425163 0.018673 0.022201
0 0.658212 0.706608 0.014224 0.017188
0 0.342620 0.932959 0.019870 0.023923
0 0.277996 0.462047 0.017796 0.021913
0 0.968379 0.539170 0.018164 0.020898
0 0.426547 0.722656 0.017127 0.021661
0 0.740376 0.223025 0.018212 0.020835
0 0.679068 0.714443 0.017375 0.021799
0 0.991246 0.334348 0.016074 0.020331
0 0.825252 0.990150 0.016181 0.016383
0 0.661572 0.681958 0.016321 0.019792
0 0.313130 0.835162 0.017103 0.020790
0 0.879618 0.736156 0.018855 0.023042
0 0.516306 0.268919 0.018421 0.022711
0 0.048958 0.118885 0.018834 0.025485
0 0.875927 0.543046 0.019888 0.022771
0 0.671922 0.587542 0.019966 0.023543
0 0.630518 0.153001 0.023975 0.024821
0 0.232655 0.956807 0.018726 0.020856
0 0.460767 0.584997 0.018042 0.020984
0 0.621847 0.416871 0.015720 0.020663
0 0.800851 0.953652 0.016712 0.019205
0 0.460224 0.264092 0.018747 0.022688
0 0.318145 0.040601 0.015217 0.019646
0 0.058713 0.082156 0.017392 0.025139
0 0.038539 0.591860 0.018168 0.022306
0 0.865601 0.768449 0.017938 0.021176
0 0.091812 0.093415 0.017084 0.018794
0 0.891884 0.967846 0.015621 0.018860
0 0.504013 0.333739 0.016666 0.024659
0 0.761265 0.057866 0.018943 0.023658
0 0.125206 0.494101 0.016664 0.021620
0 0.022706 0.895871 0.016465 0.021428
0 0.496233 0.086508 0.016690 0.020170
0 0.433591 0.127210 0.018055 0.021137
0 0.542181 0.014096 0.014943 0.018562
0 0.478996 0.295562 0.015945 0.018898
0 0.786256 0.083119 0.017764 0.024752
0 0.858751 0.676326 0.018273 0.021661
0 0.940311 0.896809 0.016885 0.020178
0 0.688330 0.233470 0.015660 0.021722
0 0.442409 0.668176 0.015562 0.021414
0 0.304875 0.101010 0.017832 0.021241
0 0.630013 0.727442 0.018174 0.021525
0 0.265764 0.919632 0.017060 0.021753
0 0.539624 0.439276 0.016797 0.020769
0 0.180114 0.576102 0.018436 0.023235
0 0.501936 0.390276 0.017725 0.023478
0 0.755965 0.570453 0.019600 0.026137
0 0.844306 0.572238 0.016165 0.018983
0 0.625068 0.910998 0.020049 0.024746
0 0.223498 0.232957 0.017758 0.022129
0 0.554047 0.808173 0.017895 0.021361
0 0.009183 0.504291 0.016880 0.020870
0 0.678253 0.615342 0.021096 0.021582
0 0.682713 0.992883 0.018119 0.013451
0 0.673332 0.024342 0.016442 0.020199
0 0.110935 0.727069 0.017891 0.023234
0 0.842048 0.262345 0.019095 0.028063
0 0.916503 0.150731 0.017604 0.022987
0 0.825698 0.878954 0.018239 0.022377
0 0.794004 0.795833 0.017468 0.021778
0 0.077214 0.859779 0.018818 0.022783
0 0.045382 0.906358 0.015537 0.018647
0 0.712867 0.591073 0.017007 0.021707
0 0.670064 0.870728 0.015342 0.018224
0 0.789733 0.287869 0.015914 0.019368
0 0.895813 0.992082 0.016172 0.015836
0 0.867276 0.972019 0.017585 0.021979
0 0.611160 0.116488 0.018415 0.024200
0 0.078778 0.025861 0.018511 0.023091
0 0.352305 0.041663 0.017647 0.021804
0 0.388488 0.655284 0.014977 0.018529
0 0.526736 0.111942 0.013156 0.015411
0 0.190336 0.528168 0.018606 0.020574
0 0.373751 0.643918 0.014016 0.018040
0 0.725587 0.569852 0.017018 0.021279
0 0.557795 0.394810 0.018689 0.022294
0 0.994266 0.793900 0.011468 0.023517
0 0.061736 0.383947 0.017824 0.023019
0 0.043415 0.880180 0.015193 0.017822
0 0.314344 0.746157 0.016676 0.020000
0 0.429174 0.041028 0.024812 0.025339
0 0.467827 0.143231 0.017170 0.019281
0 0.338034 0.022069 0.017109 0.022084
0 0.825057 0.967583 0.017037 0.020048
0 0.511602 0.757667 0.021746 0.023377
0 0.674807 0.898931 0.015984 0.019917
0 0.364232 0.955642 0.014527 0.018784
0 0.198638 0.666220 0.015655 0.020474
0 0.220362 0.651479 0.016407 0.022576
0 0.218213 0.336967 0.017641 0.021829
0 0.236574 0.803883 0.020437 0.023093
0 0.744263 0.590003 0.016066 0.019444
0 0.334460 0.051077 0.014208 0.019568
0 0.317475 0.017687 0.015036 0.017589
0 0.372484 0.975094 0.015673 0.017931
0 0.863907 0.492586 0.016160 0.016709
0 0.402078 0.013205 0.014061 0.012005
0 0.421663 0.010204 0.015065 0.015606
0 0.926335 0.011405 0.016069 0.022809
0 0.797280 0.051020 0.019082 0.020408