0 0.262012 0.474561 0.019148 0.024701
0 0.903299 0.967764 0.014375 0.018094
0 0.765856 0.191891 0.019072 0.024109
0 0.873951 0.948616 0.015755 0.020772
0 0.821299 0.657135 0.016863 0.021638
0 0.282449 0.460783 0.016523 0.022558
0 0.099175 0.007889 0.017245 0.014437
0 0.061358 0.817796 0.016442 0.021358
0 0.685975 0.675145 0.017932 0.023209
0 0.291507 0.950541 0.020197 0.022673
0 0.821401 0.885476 0.020287 0.024733
0 0.673461 0.649180 0.015708 0.017868
0 0.546340 0.623336 0.018777 0.023227
0 0.466947 0.268190 0.017810 0.023229
0 0.526652 0.971905 0.021620 0.028386
0 0.797671 0.659850 0.017902 0.022731
0 0.252270 0.944186 0.017800 0.022698
0 0.623255 0.080442 0.018963 0.027006
0 0.492205 0.128861 0.018970 0.023347
0 0.266522 0.369175 0.017411 0.020872
0 0.764703 0.474696 0.019941 0.024998
0 0.504957 0.392436 0.018562 0.022569
0 0.143726 0.238118 0.015486 0.019983
0 0.424433 0.022853 0.014530 0.018368
0 0.612479 0.905850 0.015573 0.020775
0 0.947265 0.896280 0.018922 0.021729
0 0.373555 0.978104 0.015515 0.017441
0 0.762925 0.574596 0.018202 0.022712
0 0.818199 0.270652 0.018867 0.025070
0 0.250628 0.089735 0.016890 0.020144
0 0.042839 0.119124 0.018453 0.023077
0 0.237890 0.734578 0.019024 0.022958
0 0.795373 0.288954 0.013496 0.017189
0 0.065652 0.958477 0.017170 0.020463
0 0.498753 0.092939 0.017231 0.021444
0 0.176493 0.192646 0.016529 0.022419
0 0.048217 0.940000 0.015824 0.020835
0 0.579273 0.895825 0.016052 0.020421
0 0.199442 0.075164 0.021909 0.024795
0 0.865905 0.798492 0.017733 0.021682
0 0.245079 0.808631 0.020392 0.024277
0 0.774366 0.603075 0.017869 0.021883
0 0.130488 0.595695 0.018151 0.022334
0 0.068766 0.018171 0.019062 0.021105
0 0.069347 0.503894 0.017062 0.020507
0 0.130018 0.495000 0.017068 0.022310
0 0.241238 0.862253 0.019418 0.021306
0 0.717926 0.592474 0.017294 0.020649
0 0.294421 0.390328 0.017968 0.022735
0 0.878617 0.557262 0.018926 0.022305
0 0.312893 0.109006 0.015687 0.019388
0 0.012844 0.201585 0.019561 0.022725
0 0.395249 0.092980 0.016188 0.020541
0 0.810442 0.304167 0.017183 0.021550
0 0.307361 0.922763 0.017202 0.020327
0 0.292591 0.494669 0.015563 0.020075
0 0.741500 0.781560 0.017695 0.020386
0 0.555215 0.373093 0.015721 0.020206
0 0.786098 0.085406 0.020492 0.025479
0 0.397995 0.658858 0.015991 0.019382
0 0.028637 0.307071 0.019107 0.023012
0 0.904067 0.370000 0.017162 0.021339
0 0.627867 0.317792 0.019128 0.025032
0 0.331492 0.972169 0.015918 0.020922
0 0.769032 0.057382 0.019343 0.023008
0 0.888742 0.605407 0.018036 0.023680
0 0.300629 0.029624 0.016604 0.019968
0 0.941831 0.486325 0.017162 0.022069
0 0.164287 0.884058 0.017233 0.020084
0 0.540878 0.928864 0.016983 0.021337
0 0.915037 0.524182 0.018484 0.022413
0 0.651929 0.413189 0.022030 0.023361
0 0.894637 0.936009 0.016413 0.020247
0 0.331671 0.299757 0.017457 0.022199
0 0.882809 0.973635 0.016521 0.020030
0 0.310317 0.297443 0.016789 0.022256
0 0.502070 0.350393 0.015769 0.018651
0 0.340008 0.022248 0.016973 0.019888
0 0.805323 0.850563 0.017746 0.023400
0 0.668474 0.059962 0.020386 0.024817
0 0.015710 0.402174 0.015838 0.021352
0 0.359257 0.598942 0.016380 0.021437
0 0.616119 0.608783 0.016939 0.019766
0 0.480777 0.876449 0.018322 0.023152
0 0.544045 0.439881 0.016568 0.020420
0 0.612918 0.197938 0.016837 0.020731
0 0.398437 0.859286 0.020737 0.023355
0 0.148936 0.065943 0.017621 0.021095
0 0.316686 0.840317 0.015140 0.019553
0 0.796142 0.620134 0.015906 0.020337
0 0.861675 0.678580 0.017898 0.021539
0 0.310288 0.971875 0.015544 0.021303
0 0.338597 0.111457 0.016318 0.020600
0 0.668249 0.978119 0.016303 0.020549
0 0.853049 0.959150 0.017446 0.023301
0 0.829104 0.970878 0.017899 0.021110
0 0.584629 0.335294 0.017448 0.023105
0 0.322478 0.034798 0.014744 0.019448
0 0.378474 0.650605 0.013755 0.019731
0 0.079379 0.080429 0.014742 0.022475
0 0.283642 0.805483 0.016921 0.019605
0 0.665798 0.685807 0.016557 0.020600
0 0.357648 0.042362 0.015580 0.019876
0 0.231694 0.234544 0.017757 0.022732
0 0.406888 0.016848 0.013887 0.017585
0 0.220776 0.327754 0.015453 0.020526
0 0.021453 0.842768 0.018736 0.023588
0 0.727052 0.569925 0.016866 0.020652
0 0.159107 0.610035 0.015534 0.019632
0 0.271496 0.891407 0.016166 0.020055
0 0.087809 0.790290 0.015467 0.018254
0 0.475023 0.145255 0.016417 0.021174
0 0.369731 0.238393 0.018074 0.021596
0 0.941541 0.670496 0.016443 0.020601
0 0.428848 0.512269 0.016986 0.020707
0 0.156740 0.205800 0.016439 0.020226
0 0.754002 0.848674 0.017707 0.021869
0 0.063237 0.096303 0.017243 0.023728
0 0.339106 0.048675 0.013880 0.016868
0 0.022149 0.990577 0.016917 0.017273
0 0.534295 0.362050 0.015744 0.019246
0 0.749652 0.592563 0.014629 0.017578
0 0.811866 0.760687 0.013927 0.016577
0 0.965149 0.381440 0.017951 0.021629
0 0.595813 0.906531 0.013744 0.020478
0 0.901115 0.859572 0.017604 0.021434
0 0.086894 0.831109 0.019942 0.024736
0 0.142149 0.839283 0.017027 0.021380
0 0.332137 0.729575 0.018392 0.022074
0 0.091105 0.037282 0.014743 0.016134
0 0.676132 0.871888 0.014972 0.020793
0 0.449892 0.217649 0.012980 0.017715
0 0.028390 0.148649 0.012852 0.014267
0 0.598473 0.460874 0.014350 0.016143
0 0.376281 0.956648 0.015131 0.016272
0 0.523717 0.373666 0.012300 0.015656
0 0.153430 0.763881 0.014449 0.017103
0 0.536658 0.388956 0.014061 0.016807
0 0.107310 0.280312 0.013056 0.015606