0 0.498192 0.985854 0.017754 0.022057
0 0.265375 0.474529 0.020021 0.025074
0 0.286602 0.462074 0.017338 0.021532
0 0.360042 0.842079 0.020171 0.024112
0 0.375503 0.554916 0.018090 0.022776
0 0.370137 0.890714 0.017710 0.022109
0 0.093028 0.883610 0.019216 0.023255
0 0.981730 0.376096 0.018371 0.023175
0 0.593512 0.780137 0.018716 0.022471
0 0.676476 0.179594 0.023337 0.027533
0 0.810901 0.066939 0.019790 0.026253
0 0.344631 0.109308 0.016220 0.020809
0 0.061541 0.809241 0.017772 0.022898
0 0.625893 0.823061 0.020604 0.023902
0 0.342346 0.816757 0.016042 0.019346
0 0.602015 0.220361 0.017281 0.020190
0 0.297957 0.390409 0.019081 0.024032
0 0.857902 0.134866 0.020638 0.025420
0 0.528179 0.972283 0.020054 0.028656
0 0.286652 0.776207 0.017558 0.022499
0 0.049559 0.940005 0.016088 0.020781
0 0.545351 0.441384 0.017313 0.023066
0 0.311916 0.733595 0.019161 0.021882
0 0.399005 0.968766 0.019557 0.022999
0 0.327466 0.223715 0.018279 0.023001
0 0.799758 0.659692 0.017618 0.021929
0 0.766216 0.572375 0.017215 0.017314
0 0.351095 0.872381 0.016965 0.021464
0 0.145839 0.237416 0.016938 0.020296
0 0.625221 0.080748 0.019684 0.023373
0 0.395787 0.592491 0.017855 0.021289
0 0.066333 0.095341 0.017299 0.022481
0 0.315979 0.110347 0.017404 0.021043
0 0.733062 0.573490 0.018017 0.021467
0 0.888002 0.967828 0.016141 0.019189
0 0.018686 0.401823 0.015154 0.019824
0 0.871445 0.945347 0.016878 0.020974
0 0.049734 0.985711 0.015146 0.019893
0 0.624772 0.193929 0.018695 0.025004
0 0.409153 0.020138 0.014348 0.019590
0 0.231848 0.236292 0.017222 0.020501
0 0.246614 0.046214 0.019703 0.023834
0 0.795278 0.290368 0.017423 0.021680
0 0.299328 0.028442 0.017161 0.021514
0 0.086190 0.119560 0.018006 0.020773
0 0.951118 0.857409 0.020612 0.026243
0 0.601670 0.447992 0.019533 0.024122
0 0.493885 0.130319 0.021066 0.023930
0 0.097000 0.445199 0.016834 0.020318
0 0.220864 0.105604 0.016239 0.020612
0 0.910452 0.668966 0.020781 0.023597
0 0.701591 0.580076 0.019318 0.023328
0 0.844783 0.178228 0.018945 0.025705
0 0.292928 0.831816 0.018000 0.023201
0 0.899372 0.937071 0.017802 0.020621
0 0.581771 0.237605 0.017690 0.020723
0 0.723501 0.512129 0.018205 0.021101
0 0.102355 0.698028 0.019436 0.024440
0 0.504192 0.095976 0.018237 0.022644
0 0.823849 0.659114 0.016699 0.021674
0 0.398881 0.095168 0.017430 0.021244
0 0.822621 0.888770 0.020607 0.024738
0 0.771601 0.057543 0.020905 0.023645
0 0.792219 0.728743 0.018777 0.022814
0 0.758995 0.900137 0.020755 0.025274
0 0.400646 0.658071 0.015291 0.020105
0 0.862361 0.682636 0.018468 0.024249
0 0.034364 0.648918 0.017458 0.021492
0 0.316979 0.806431 0.016526 0.020214
0 0.962884 0.439864 0.021240 0.024366
0 0.321153 0.035868 0.015062 0.020102
0 0.089647 0.831099 0.018950 0.023037
0 0.820216 0.537029 0.018364 0.021823
0 0.983454 0.508722 0.018157 0.022174
0 0.315729 0.838491 0.016296 0.021141
0 0.842205 0.746368 0.020617 0.025539
0 0.185467 0.470916 0.017765 0.020884
0 0.121252 0.149056 0.018571 0.022561
0 0.044346 0.120310 0.019021 0.025336
0 0.507623 0.393980 0.019171 0.023809
0 0.760105 0.663575 0.020111 0.025058
0 0.665403 0.079561 0.018613 0.023462
0 0.462485 0.710482 0.021303 0.024486
0 0.131167 0.495251 0.018597 0.024437
0 0.229345 0.715105 0.015649 0.019013
0 0.942904 0.214055 0.019312 0.024592
0 0.372647 0.166647 0.016959 0.022748
0 0.598989 0.956505 0.017475 0.021716
0 0.908577 0.973914 0.013642 0.018129
0 0.917952 0.443968 0.018127 0.022582
0 0.470247 0.269779 0.018162 0.022751
0 0.674585 0.695208 0.018649 0.021313
0 0.393701 0.158599 0.019003 0.022880
0 0.808703 0.310928 0.020364 0.025582
0 0.404317 0.942946 0.016183 0.020690
0 0.149558 0.656298 0.017461 0.020358
0 0.010767 0.094180 0.018474 0.021548
0 0.248006 0.807368 0.019556 0.024901
0 0.221529 0.329630 0.016024 0.019265
0 0.437093 0.019746 0.014432 0.018362
0 0.654525 0.414598 0.017124 0.025319
0 0.481712 0.800306 0.018397 0.021107
0 0.791129 0.573830 0.019722 0.023648
0 0.579738 0.897095 0.017851 0.022251
0 0.852380 0.659889 0.015590 0.017652
0 0.339368 0.021967 0.017331 0.022984
0 0.476559 0.148339 0.018231 0.021166
0 0.465087 0.390264 0.016392 0.020829
0 0.834268 0.972655 0.018733 0.022440
0 0.688818 0.947373 0.014727 0.018660
0 0.914748 0.410336 0.020259 0.025083
0 0.487055 0.008436 0.016844 0.016699
0 0.152991 0.066934 0.016719 0.021530
0 0.788347 0.088704 0.020168 0.023791
0 0.940925 0.701872 0.017857 0.021975
0 0.855088 0.962009 0.015428 0.020156
0 0.962881 0.362269 0.018631 0.022997
0 0.138744 0.199001 0.012871 0.016715
0 0.570376 0.177595 0.017260 0.021634
0 0.392002 0.006589 0.015889 0.012430
0 0.674646 0.431061 0.016588 0.022241
0 0.220847 0.483077 0.016108 0.020622
0 0.340618 0.366795 0.015830 0.019721
0 0.717152 0.852194 0.019536 0.019659
0 0.722670 0.594847 0.016009 0.019920
0 0.355310 0.041830 0.016594 0.021018
0 0.382485 0.652730 0.016775 0.021819
0 0.337884 0.050623 0.013582 0.018371
0 0.445235 0.077171 0.018007 0.022003
0 0.594300 0.860267 0.016950 0.020663
0 0.540058 0.336511 0.016358 0.019492
0 0.592928 0.259356 0.015130 0.018659
0 0.024955 0.990396 0.017073 0.016807
0 0.678267 0.875750 0.014061 0.018007
0 0.752085 0.593037 0.013056 0.016807
0 0.186149 0.757503 0.014061 0.016807