0 0.703507 0.272869 0.017299 0.023207
0 0.432783 0.855148 0.014292 0.018668
0 0.639887 0.576418 0.017553 0.022911
0 0.151863 0.192418 0.020141 0.025150
0 0.430087 0.426187 0.016593 0.020730
0 0.769442 0.662905 0.013035 0.018423
0 0.352001 0.311091 0.018231 0.022608
0 0.920045 0.749575 0.015434 0.017320
0 0.946559 0.327627 0.019397 0.023454
0 0.687674 0.665932 0.017544 0.022744
0 0.164639 0.022152 0.018910 0.022337
0 0.360030 0.827394 0.014504 0.018650
0 0.944565 0.456657 0.016998 0.020507
0 0.164603 0.501884 0.016264 0.018787
0 0.849788 0.861320 0.015796 0.021616
0 0.043902 0.829461 0.014868 0.017642
0 0.665434 0.588598 0.017745 0.021130
0 0.752569 0.867773 0.015111 0.019274
0 0.812882 0.191159 0.016491 0.019761
0 0.237485 0.670266 0.015734 0.019594
0 0.441709 0.213618 0.013326 0.017710
0 0.721197 0.252262 0.015311 0.020683
0 0.309903 0.890241 0.016033 0.019919
0 0.983209 0.649484 0.017993 0.023051
0 0.414448 0.092197 0.015868 0.020934
0 0.982156 0.497764 0.015168 0.021421
0 0.945144 0.295877 0.017952 0.019905
0 0.898689 0.680693 0.015482 0.018395
0 0.305096 0.578729 0.018685 0.021036
0 0.713980 0.867613 0.014381 0.017691
0 0.217536 0.454201 0.016577 0.020206
0 0.198321 0.484456 0.011901 0.014760
0 0.941392 0.102219 0.015409 0.019547
0 0.220060 0.855230 0.014986 0.018831
0 0.901206 0.779762 0.019528 0.022598
0 0.449667 0.589938 0.015325 0.019154
0 0.434826 0.753966 0.015933 0.019803
0 0.678947 0.961211 0.015518 0.020216
0 0.561191 0.514690 0.023987 0.031123
0 0.898446 0.468520 0.015399 0.018776
0 0.974799 0.550366 0.016861 0.022451
0 0.806032 0.558637 0.016123 0.020725
0 0.642517 0.978789 0.013834 0.016409
0 0.151514 0.444220 0.017341 0.022755
0 0.360628 0.469060 0.016593 0.020194
0 0.939748 0.811484 0.017298 0.021581
0 0.822898 0.810473 0.015260 0.017875
0 0.173648 0.739694 0.013397 0.016992
0 0.441577 0.617477 0.015658 0.019215
0 0.825671 0.871086 0.016072 0.019191
0 0.941345 0.734482 0.015863 0.018639
0 0.597458 0.182922 0.017630 0.022534
0 0.152241 0.530342 0.015248 0.019373
0 0.602531 0.072100 0.015696 0.020358
0 0.233174 0.312243 0.020294 0.022971
0 0.745942 0.282124 0.015577 0.018513
0 0.455296 0.878838 0.013030 0.016083
0 0.301343 0.052197 0.015826 0.020527
0 0.434112 0.246884 0.015926 0.020657
0 0.699709 0.763829 0.015995 0.019914
0 0.291499 0.805184 0.018618 0.022095
0 0.057353 0.134501 0.016086 0.019491
0 0.415606 0.854362 0.013111 0.018577
0 0.691713 0.713606 0.018415 0.021812
0 0.496418 0.542804 0.016038 0.021489
0 0.604330 0.859783 0.017096 0.021718
0 0.683601 0.287666 0.013374 0.018122
0 0.025126 0.171942 0.013695 0.017189
0 0.970822 0.945166 0.013652 0.016130
0 0.780735 0.016365 0.014049 0.019296
0 0.856392 0.974059 0.017179 0.018674
0 0.983805 0.974657 0.013904 0.017891
0 0.758905 0.801011 0.017318 0.019568
0 0.774493 0.569698 0.015709 0.017845
0 0.322027 0.550882 0.016131 0.021067
0 0.250559 0.386457 0.014980 0.019618
0 0.931978 0.879269 0.015897 0.019477
0 0.139884 0.738888 0.016769 0.022122
0 0.414816 0.550588 0.017231 0.020450
0 0.727535 0.881752 0.014022 0.017213
0 0.627090 0.954870 0.016321 0.020191
0 0.340333 0.254172 0.016405 0.019881
0 0.260345 0.323703 0.018402 0.019982
0 0.964351 0.971274 0.016337 0.020107
0 0.854086 0.479523 0.016085 0.022888
0 0.792679 0.224027 0.015970 0.019480
0 0.842623 0.570523 0.017476 0.021055
0 0.330194 0.291858 0.015502 0.019754
0 0.348125 0.544633 0.013751 0.017673
0 0.768943 0.816971 0.015340 0.019924
0 0.135394 0.359850 0.016790 0.020577
0 0.388049 0.842725 0.014654 0.018826
0 0.556649 0.318650 0.018358 0.023040
0 0.346668 0.731310 0.016885 0.021240
0 0.425230 0.154123 0.015153 0.020029
0 0.741750 0.980044 0.012556 0.016091
0 0.849390 0.955934 0.014591 0.016360
0 0.977145 0.475504 0.014099 0.015253
0 0.764357 0.300471 0.015619 0.017761
0 0.075138 0.243632 0.015505 0.018987
0 0.144433 0.114711 0.015711 0.019640
0 0.347835 0.120619 0.013739 0.018115
0 0.485367 0.329035 0.018171 0.020991
0 0.751323 0.654479 0.013632 0.020322
0 0.424808 0.467752 0.014042 0.018011
0 0.661199 0.356546 0.015712 0.019139
0 0.247091 0.517896 0.018509 0.022595
0 0.721401 0.981103 0.017209 0.022482
0 0.313141 0.102851 0.016061 0.018073
0 0.750156 0.962869 0.013830 0.018531
0 0.896760 0.098690 0.016320 0.018482
0 0.487140 0.461013 0.017070 0.020465
0 0.476473 0.308625 0.015333 0.018520
0 0.555969 0.980869 0.015789 0.017205
0 0.822317 0.348583 0.016550 0.018871
0 0.111087 0.596195 0.013995 0.017679
0 0.348151 0.809497 0.014665 0.018183
0 0.698307 0.055940 0.014278 0.020168
0 0.349536 0.566534 0.013869 0.016078
0 0.011899 0.838535 0.019082 0.020408
0 0.092245 0.376351 0.017073 0.018007
0 0.045042 0.386555 0.017073 0.021609