0 0.703292 0.272667 0.016562 0.021469
0 0.652316 0.547934 0.015954 0.020571
0 0.719912 0.252219 0.014780 0.019448
0 0.920980 0.714596 0.014876 0.019428
0 0.416215 0.162547 0.013030 0.017140
0 0.923086 0.688464 0.014050 0.017608
0 0.721142 0.737435 0.019192 0.021638
0 0.819611 0.911113 0.016396 0.022179
0 0.451526 0.857944 0.011411 0.015076
0 0.969766 0.867527 0.018923 0.023785
0 0.286094 0.824600 0.016537 0.019698
0 0.944247 0.455663 0.013768 0.016695
0 0.154405 0.484835 0.015514 0.022016
0 0.362349 0.819580 0.014890 0.019149
0 0.016148 0.134008 0.014759 0.017989
0 0.983456 0.649938 0.018214 0.023858
0 0.141214 0.153763 0.021347 0.028041
0 0.164260 0.021650 0.018670 0.021578
0 0.348406 0.543335 0.014164 0.016507
0 0.907868 0.732347 0.014448 0.018355
0 0.962898 0.461165 0.012832 0.018941
0 0.805602 0.558145 0.016319 0.020032
0 0.354266 0.272549 0.016600 0.021814
0 0.543491 0.465912 0.025468 0.029730
0 0.622650 0.535123 0.016749 0.022106
0 0.413157 0.795091 0.016009 0.019453
0 0.938868 0.811648 0.016560 0.019684
0 0.681097 0.837002 0.015135 0.020092
0 0.132462 0.490350 0.015664 0.020871
0 0.416722 0.854459 0.015734 0.020357
0 0.799526 0.847273 0.014719 0.019053
0 0.304726 0.578286 0.018336 0.020791
0 0.435632 0.560959 0.015167 0.019759
0 0.144614 0.113838 0.016253 0.018998
0 0.414001 0.092017 0.017595 0.020558
0 0.728684 0.967567 0.017079 0.020461
0 0.237477 0.668477 0.015894 0.018771
0 0.888278 0.749906 0.017037 0.021694
0 0.979934 0.719892 0.016889 0.020230
0 0.245121 0.518296 0.017390 0.021450
0 0.677598 0.810701 0.014881 0.017811
0 0.666490 0.579452 0.017541 0.020672
0 0.965523 0.971169 0.015400 0.019462
0 0.752401 0.866471 0.015376 0.019304
0 0.800373 0.756146 0.014307 0.019447
0 0.318330 0.543947 0.016282 0.021408
0 0.586515 0.028363 0.017754 0.020022
0 0.699896 0.763231 0.015152 0.019200
0 0.250033 0.386864 0.015468 0.021176
0 0.844489 0.568271 0.016276 0.022499
0 0.143729 0.704916 0.016577 0.021215
0 0.433803 0.247422 0.015857 0.020727
0 0.598675 0.909243 0.017128 0.021612
0 0.897172 0.683054 0.015124 0.018637
0 0.053902 0.083095 0.016610 0.019929
0 0.964755 0.938735 0.013492 0.017756
0 0.232155 0.309543 0.020112 0.024921
0 0.437824 0.439532 0.016810 0.022518
0 0.417576 0.468329 0.014154 0.018516
0 0.942670 0.331227 0.015920 0.021206
0 0.932251 0.877702 0.014739 0.018479
0 0.940518 0.100588 0.015262 0.017750
0 0.387116 0.839690 0.014903 0.017834
0 0.989019 0.970541 0.014362 0.019862
0 0.135073 0.359449 0.016836 0.020795
0 0.250023 0.279148 0.016538 0.020332
0 0.789604 0.147830 0.016999 0.019572
0 0.752731 0.163581 0.015023 0.019391
0 0.640650 0.978120 0.014709 0.016752
0 0.330241 0.291290 0.015278 0.019849
0 0.468402 0.489629 0.017371 0.022008
0 0.678606 0.961031 0.017063 0.020689
0 0.823482 0.793251 0.016840 0.021403
0 0.775670 0.569879 0.015203 0.018815
0 0.839019 0.432033 0.016416 0.019539
0 0.945887 0.934114 0.013921 0.017716
0 0.899633 0.465846 0.016302 0.018057
0 0.457701 0.306988 0.014913 0.021475
0 0.633544 0.296978 0.013533 0.017101
0 0.488416 0.459626 0.015295 0.019288
0 0.527608 0.176281 0.011540 0.014250
0 0.360744 0.468845 0.015728 0.020311
0 0.692735 0.714225 0.015256 0.020282
0 0.416385 0.551808 0.015288 0.021539
0 0.973175 0.197023 0.013496 0.018511
0 0.605172 0.859115 0.016767 0.020415
0 0.346544 0.730129 0.015508 0.020998
0 0.404763 0.127668 0.016273 0.017678
0 0.303022 0.053300 0.015466 0.018474
0 0.311390 0.105012 0.014888 0.018493
0 0.215827 0.454399 0.016604 0.018424
0 0.598272 0.184298 0.016117 0.019753
0 0.754041 0.272931 0.012669 0.015567
0 0.283842 0.793440 0.017746 0.022155
0 0.201309 0.773920 0.016305 0.019465
0 0.957120 0.440563 0.013676 0.016071
0 0.738944 0.288007 0.015013 0.019804
0 0.347043 0.810010 0.013128 0.018454
0 0.154160 0.444766 0.016021 0.020983
0 0.945309 0.296782 0.016606 0.020520
0 0.768033 0.616657 0.013798 0.018298
0 0.750877 0.962353 0.014209 0.018731
0 0.940853 0.510282 0.016264 0.020422
0 0.557298 0.318480 0.018215 0.023231
0 0.799403 0.823226 0.014877 0.018556
0 0.313242 0.209171 0.016747 0.020440
0 0.621394 0.057450 0.016822 0.020564
0 0.856605 0.890311 0.014780 0.018147
0 0.683312 0.288648 0.014706 0.018423
0 0.913788 0.407070 0.014943 0.018763
0 0.614006 0.313952 0.012343 0.016102
0 0.981224 0.479179 0.016800 0.021948
0 0.015414 0.740096 0.014061 0.018007