0 0.146829 0.293496 0.018399 0.022554
0 0.358907 0.240034 0.016697 0.021451
0 0.102612 0.877004 0.024711 0.029017
0 0.326961 0.300478 0.018430 0.020056
0 0.194543 0.760739 0.018096 0.020969
0 0.061867 0.425791 0.016420 0.019242
0 0.035664 0.602356 0.022593 0.028097
0 0.094733 0.310897 0.019044 0.023153
0 0.794916 0.247221 0.019536 0.022543
0 0.463852 0.322631 0.018881 0.021340
0 0.264503 0.366123 0.019786 0.024056
0 0.331522 0.861002 0.022048 0.023267
0 0.937739 0.892287 0.019481 0.022549
0 0.787908 0.388572 0.019639 0.020228
0 0.258067 0.563124 0.018692 0.026513
0 0.674570 0.308320 0.018807 0.024073
0 0.263703 0.332363 0.017985 0.020288
0 0.879196 0.901561 0.018463 0.022392
0 0.336243 0.250413 0.019865 0.022499
0 0.992080 0.593264 0.015840 0.022947
0 0.463887 0.358177 0.020971 0.027230
0 0.082271 0.455322 0.017140 0.020220
0 0.908536 0.290507 0.021741 0.027599
0 0.766096 0.191583 0.015054 0.019077
0 0.048361 0.187404 0.021757 0.025002
0 0.762280 0.992001 0.017863 0.014786
0 0.873863 0.732596 0.020910 0.025389
0 0.923534 0.911041 0.016416 0.019559
0 0.322820 0.166435 0.018801 0.021331
0 0.359340 0.435303 0.018363 0.022268
0 0.170341 0.530178 0.018475 0.028168
0 0.013799 0.272936 0.017292 0.021965
0 0.352414 0.309002 0.015884 0.020741
0 0.383913 0.451633 0.017904 0.021636
0 0.557212 0.101534 0.016776 0.020652
0 0.539038 0.418270 0.019790 0.024413
0 0.890318 0.880225 0.018864 0.021716
0 0.281507 0.767373 0.015950 0.018889
0 0.176973 0.902644 0.020903 0.026730
0 0.818180 0.884288 0.021716 0.026405
0 0.345252 0.159824 0.016206 0.022370
0 0.918898 0.120404 0.021445 0.024857
0 0.504513 0.220583 0.020274 0.027824
0 0.936916 0.576744 0.021157 0.026502
0 0.022602 0.740048 0.024825 0.029403
0 0.828010 0.561449 0.020540 0.024302
0 0.795119 0.489186 0.019442 0.024063
0 0.609106 0.056356 0.019811 0.022973
0 0.246001 0.304908 0.017494 0.019519
0 0.078098 0.484972 0.019036 0.023673
0 0.126759 0.794377 0.018159 0.024228
0 0.588530 0.710231 0.019642 0.023672
0 0.552764 0.703388 0.018700 0.021764
0 0.043842 0.335521 0.019954 0.029257
0 0.072614 0.900096 0.020238 0.021448
0 0.030502 0.465483 0.019061 0.022863
0 0.242564 0.893274 0.018646 0.023682
0 0.309303 0.121170 0.020456 0.025009
0 0.163112 0.260344 0.017963 0.022831
0 0.730692 0.647169 0.021328 0.026377
0 0.826206 0.329797 0.018265 0.022923
0 0.501280 0.308180 0.017388 0.022895
0 0.889111 0.641874 0.020133 0.024789
0 0.383338 0.325679 0.018109 0.022185
0 0.166944 0.309078 0.016620 0.021289
0 0.536629 0.629966 0.020335 0.024194
0 0.577357 0.068129 0.022936 0.025635
0 0.282343 0.235744 0.016348 0.022403
0 0.499807 0.158469 0.018056 0.022859
0 0.324453 0.273464 0.018215 0.020764
0 0.151390 0.748207 0.018374 0.022095
0 0.950199 0.412797 0.019631 0.023176
0 0.903472 0.429872 0.020493 0.024802
0 0.282623 0.277416 0.018424 0.022272
0 0.567860 0.183017 0.017702 0.021869
0 0.451215 0.678433 0.018732 0.022140
0 0.217249 0.627797 0.017565 0.022514
0 0.914163 0.752854 0.018322 0.021881
0 0.665991 0.691988 0.019589 0.025189
0 0.117398 0.289160 0.017696 0.021157
0 0.822706 0.095061 0.019512 0.022783
0 0.331606 0.012626 0.018030 0.020528
0 0.218892 0.056016 0.018871 0.027107
0 0.957231 0.688455 0.018318 0.021496
0 0.596237 0.192536 0.016599 0.020854
0 0.489406 0.486956 0.018688 0.021740
0 0.070555 0.389091 0.016908 0.020348
0 0.450696 0.025969 0.015463 0.018267
0 0.297757 0.840190 0.016760 0.021435
0 0.626978 0.156146 0.016625 0.021980
0 0.307496 0.091256 0.018278 0.021126
0 0.279218 0.740731 0.017305 0.022061
0 0.363760 0.110889 0.018179 0.024763
0 0.846534 0.170521 0.018884 0.023183
0 0.159860 0.483114 0.018356 0.023030
0 0.790620 0.217766 0.016706 0.020790
0 0.544052 0.327043 0.017396 0.020865
0 0.411163 0.343109 0.014709 0.018214
0 0.773180 0.267667 0.015682 0.019780
0 0.711254 0.756945 0.019125 0.023061
0 0.285403 0.582280 0.015278 0.018425
0 0.750126 0.177442 0.016759 0.022430
0 0.416615 0.736097 0.019411 0.023143
0 0.122986 0.336730 0.017824 0.021248
0 0.906842 0.898437 0.014452 0.020457
0 0.717422 0.260854 0.017849 0.021514
0 0.570664 0.158133 0.018262 0.019966
0 0.770945 0.942883 0.020990 0.025533
0 0.128963 0.311354 0.014773 0.017870
0 0.026516 0.707642 0.016762 0.018995
0 0.463613 0.043222 0.013731 0.018038
0 0.488111 0.260717 0.017141 0.020655
0 0.252639 0.983175 0.017484 0.020316
0 0.210384 0.882993 0.013848 0.016864