0 0.234473 0.553918 0.019426 0.024353
0 0.081735 0.904172 0.015615 0.019461
0 0.912977 0.883900 0.017334 0.021184
0 0.145304 0.916215 0.016415 0.021093
0 0.716697 0.529188 0.019579 0.023472
0 0.316144 0.274538 0.014151 0.019534
0 0.984967 0.404428 0.019516 0.024906
0 0.345357 0.259435 0.019720 0.025826
0 0.217270 0.011538 0.018736 0.020692
0 0.827636 0.527163 0.018971 0.023691
0 0.679230 0.070865 0.018522 0.024864
0 0.824028 0.313948 0.021698 0.026323
0 0.237107 0.740141 0.015124 0.021449
0 0.976345 0.295843 0.020656 0.022825
0 0.032818 0.320827 0.017695 0.022085
0 0.318629 0.398437 0.017850 0.022261
0 0.314399 0.751545 0.016252 0.020474
0 0.706903 0.082187 0.020040 0.026779
0 0.441468 0.314629 0.017086 0.021459
0 0.086954 0.506669 0.019799 0.023879
0 0.169704 0.118823 0.016417 0.019371
0 0.325440 0.053423 0.018236 0.022430
0 0.629097 0.259337 0.017453 0.021807
0 0.866273 0.880150 0.018095 0.020891
0 0.212647 0.784959 0.018006 0.020689
0 0.121216 0.910424 0.017160 0.021635
0 0.935222 0.403936 0.016495 0.020262
0 0.262825 0.738381 0.014761 0.019796
0 0.353471 0.353165 0.018281 0.022253
0 0.157407 0.888605 0.019744 0.025298
0 0.713161 0.269250 0.015630 0.020831
0 0.769799 0.209741 0.017490 0.018704
0 0.434372 0.447237 0.017785 0.021309
0 0.028989 0.931022 0.016469 0.020121
0 0.330576 0.294498 0.015817 0.021124
0 0.519984 0.406901 0.017556 0.022198
0 0.686169 0.314119 0.020559 0.028258
0 0.935689 0.221762 0.017333 0.022244
0 0.208540 0.741928 0.016725 0.019375
0 0.637009 0.356517 0.016541 0.020688
0 0.477274 0.463140 0.018724 0.022423
0 0.042097 0.415673 0.016297 0.020375
0 0.331113 0.811922 0.016837 0.021826
0 0.075798 0.271827 0.016671 0.020125
0 0.358908 0.456510 0.014849 0.018532
0 0.416448 0.091053 0.016744 0.021934
0 0.637591 0.300796 0.016572 0.021270
0 0.747512 0.751141 0.016133 0.020298
0 0.364139 0.169436 0.017888 0.021266
0 0.147264 0.777678 0.014087 0.020191
0 0.297329 0.259787 0.018111 0.023602
0 0.498058 0.718916 0.017534 0.021159
0 0.124711 0.279828 0.018277 0.023391
0 0.727875 0.401392 0.017197 0.020692
0 0.123637 0.805791 0.017319 0.023586
0 0.884846 0.418790 0.020335 0.024990
0 0.497171 0.191409 0.018118 0.023132
0 0.276450 0.808899 0.019456 0.024635
0 0.244553 0.455777 0.017863 0.021736
0 0.496542 0.084834 0.017380 0.020295
0 0.228576 0.135609 0.017974 0.022162
0 0.557429 0.150320 0.015265 0.018715
0 0.354362 0.887466 0.017424 0.020879
0 0.122290 0.751902 0.016744 0.021345
0 0.870462 0.630740 0.018326 0.022496
0 0.265327 0.148248 0.014662 0.016571
0 0.085059 0.159967 0.017511 0.021584
0 0.425793 0.674274 0.016445 0.019773
0 0.542715 0.657649 0.017497 0.021139
0 0.774504 0.234180 0.018341 0.022299
0 0.520167 0.692622 0.017164 0.022798
0 0.637921 0.505418 0.017804 0.020598
0 0.087448 0.865864 0.016310 0.020230
0 0.443213 0.652766 0.017996 0.039578
0 0.795093 0.869363 0.019824 0.024297
0 0.316614 0.240243 0.017455 0.020300
0 0.267971 0.576087 0.014900 0.019079
0 0.798142 0.084527 0.017201 0.020295
0 0.073346 0.304260 0.019329 0.023457
0 0.374907 0.622546 0.018190 0.021944
0 0.299686 0.151914 0.015995 0.020350
0 0.602847 0.152745 0.016409 0.020838
0 0.992496 0.241870 0.014703 0.021233
0 0.009890 0.149460 0.019082 0.015606
0 0.050063 0.200480 0.023099 0.021609
0 0.166063 0.321729 0.018078 0.024010
0 0.591393 0.984994 0.017073 0.020408
0 0.602943 0.965786 0.020086 0.018007
0 0.007707 0.740096 0.015414 0.020408
0 0.027466 0.179472 0.020086 0.020408