0 0.484241 0.098180 0.015499 0.019340
0 0.613428 0.674449 0.016728 0.020964
0 0.522066 0.257083 0.019686 0.025280
0 0.279560 0.383828 0.020985 0.025730
0 0.624496 0.944682 0.017646 0.025355
0 0.133692 0.176013 0.020639 0.024719
0 0.815256 0.871309 0.018055 0.022732
0 0.033342 0.931416 0.015317 0.021616
0 0.723290 0.228945 0.018940 0.022884
0 0.824908 0.794243 0.016477 0.021248
0 0.114958 0.488352 0.016876 0.021519
0 0.034931 0.188630 0.015193 0.020802
0 0.806517 0.846700 0.018364 0.019594
0 0.058439 0.538433 0.015786 0.019804
0 0.841255 0.343992 0.018043 0.023846
0 0.339866 0.338371 0.016344 0.022266
0 0.325515 0.100160 0.014807 0.018623
0 0.308454 0.016974 0.018421 0.023762
0 0.676550 0.261726 0.017200 0.020894
0 0.063611 0.201998 0.014803 0.018766
0 0.786394 0.936663 0.015375 0.018510
0 0.520264 0.292731 0.018184 0.022476
0 0.463541 0.675537 0.017354 0.022290
0 0.417602 0.555834 0.014430 0.018093
0 0.130351 0.231538 0.015307 0.020452
0 0.229229 0.711009 0.017360 0.023005
0 0.211829 0.224637 0.015855 0.018917
0 0.558032 0.943363 0.015342 0.021078
0 0.336507 0.602406 0.018148 0.025105
0 0.238797 0.955914 0.016090 0.019428
0 0.767854 0.951443 0.016098 0.019429
0 0.510972 0.963393 0.023982 0.028014
0 0.510061 0.131041 0.016176 0.018919
0 0.320855 0.947115 0.018120 0.024645
0 0.301949 0.053326 0.014629 0.018308
0 0.161259 0.460363 0.015064 0.019497
0 0.233499 0.423374 0.012045 0.016344
0 0.429684 0.890272 0.018201 0.021618
0 0.728490 0.922636 0.015660 0.021644
0 0.797534 0.697110 0.016151 0.020426
0 0.248970 0.105163 0.012825 0.019245
0 0.063529 0.232560 0.018952 0.021151
0 0.933796 0.893302 0.014511 0.019484
0 0.108420 0.952432 0.016740 0.021207
0 0.813414 0.667474 0.016251 0.020327
0 0.325680 0.821726 0.016220 0.019172
0 0.080899 0.349454 0.017320 0.019936
0 0.606923 0.646539 0.015812 0.019047
0 0.069585 0.919550 0.016873 0.020300
0 0.385005 0.083433 0.014061 0.018007
0 0.047050 0.112845 0.021091 0.016807
0 0.037509 0.075030 0.014061 0.018007
0 0.099275 0.277311 0.013056 0.014406
0 0.122374 0.258703 0.019082 0.018007
0 0.246408 0.469988 0.014061 0.020408
0 0.213768 0.483193 0.017073 0.018007
0 0.169075 0.547419 0.016069 0.016807
0 0.214772 0.421969 0.011048 0.015606
0 0.289092 0.106843 0.013056 0.016807
0 0.268503 0.087035 0.016069 0.015606
0 0.063119 0.046218 0.017073 0.018007
0 0.015916 0.053421 0.017073 0.018007
0 0.700362 0.684874 0.012052 0.015606
0 0.452797 0.770708 0.017073 0.016807
0 0.258962 0.930972 0.013056 0.013205
0 0.087223 0.804922 0.013056 0.013205
0 0.089734 0.837935 0.020086 0.019208
0 0.093751 0.675270 0.012052 0.013205
0 0.072660 0.558223 0.014061 0.019208
0 0.103794 0.552821 0.014061 0.018007
0 0.187655 0.481993 0.013056 0.015606
0 0.364919 0.566627 0.018078 0.016807
0 0.531134 0.102641 0.017073 0.015606
0 0.327759 0.042017 0.014061 0.014406
0 0.740535 0.190876 0.020086 0.021609
0 0.835444 0.885354 0.015065 0.015606
0 0.922820 0.658463 0.017073 0.020408
0 0.688813 0.971188 0.017073 0.019208
0 0.651653 0.975390 0.015065 0.015606
0 0.583861 0.954982 0.016069 0.015606