0 0.281102 0.385550 0.019561 0.024375
0 0.008303 0.658621 0.016492 0.021455
0 0.489611 0.146314 0.019545 0.025036
0 0.625370 0.945897 0.019777 0.025367
0 0.224282 0.935819 0.015158 0.019009
0 0.117505 0.490061 0.018045 0.023277
0 0.812587 0.273855 0.015703 0.021044
0 0.044734 0.072409 0.017104 0.021447
0 0.035210 0.934600 0.017075 0.021684
0 0.701984 0.126666 0.018995 0.027268
0 0.044679 0.137533 0.017855 0.022358
0 0.497503 0.853298 0.019082 0.021478
0 0.791966 0.743248 0.017412 0.022707
0 0.796251 0.604251 0.018340 0.022227
0 0.013078 0.268659 0.015806 0.019823
0 0.246631 0.499730 0.018842 0.023206
0 0.550554 0.561971 0.015231 0.019313
0 0.838949 0.861309 0.014837 0.017682
0 0.020767 0.809119 0.015090 0.019378
0 0.772532 0.189068 0.019718 0.022274
0 0.933814 0.887927 0.014155 0.018520
0 0.233067 0.890226 0.017247 0.020236
0 0.415232 0.816037 0.017884 0.023349
0 0.080340 0.922794 0.017495 0.022072
0 0.306105 0.825633 0.017832 0.022146
0 0.251235 0.470398 0.021421 0.023639
0 0.047106 0.584251 0.017846 0.022518
0 0.481760 0.878198 0.016600 0.020784
0 0.124784 0.169703 0.019540 0.025132
0 0.528346 0.567394 0.015727 0.019317
0 0.165648 0.161360 0.017632 0.021048
0 0.568271 0.097920 0.016258 0.021484
0 0.664371 0.333018 0.015803 0.020090
0 0.943244 0.504385 0.016744 0.020972
0 0.660357 0.775830 0.017515 0.022164
0 0.604607 0.055885 0.014822 0.017187
0 0.129287 0.232545 0.017625 0.021777
0 0.021837 0.077683 0.015352 0.018738
0 0.815156 0.867171 0.018313 0.022967
0 0.941493 0.824891 0.017567 0.021495
0 0.727290 0.908122 0.016640 0.020616
0 0.753094 0.814303 0.018116 0.023366
0 0.613665 0.618938 0.016311 0.021173
0 0.802584 0.894712 0.015803 0.021012
0 0.509472 0.964643 0.021233 0.023936
0 0.311520 0.049963 0.018101 0.023763
0 0.327217 0.811772 0.014708 0.019743
0 0.786449 0.655634 0.017495 0.020844
0 0.747472 0.563216 0.016845 0.020316
0 0.824208 0.522754 0.018024 0.021662
0 0.397923 0.766403 0.018846 0.023487
0 0.025213 0.207162 0.013492 0.017706
0 0.646713 0.076767 0.017225 0.019241
0 0.380767 0.650427 0.015170 0.019707
0 0.306974 0.026778 0.015266 0.014641
0 0.819418 0.973305 0.016774 0.021265
0 0.185194 0.947619 0.014188 0.019745
0 0.838874 0.551236 0.015154 0.020008
0 0.066925 0.041874 0.015364 0.019245
0 0.154194 0.420140 0.017546 0.025026
0 0.719728 0.523589 0.018312 0.021961
0 0.216551 0.226428 0.016947 0.021064
0 0.119188 0.540683 0.016143 0.020374
0 0.442693 0.137211 0.015790 0.019544
0 0.012526 0.114424 0.015678 0.017757
0 0.251357 0.955268 0.015468 0.019042
0 0.929276 0.992874 0.019008 0.014252
0 0.979625 0.661898 0.018750 0.021595
0 0.237561 0.264050 0.015104 0.019749
0 0.518349 0.293840 0.017344 0.020142
0 0.743390 0.061661 0.018405 0.023346
0 0.651162 0.675227 0.016522 0.020593
0 0.052034 0.108466 0.014581 0.018069
0 0.572835 0.618418 0.014949 0.018506
0 0.972835 0.231768 0.017402 0.022144
0 0.706150 0.897852 0.016493 0.018923
0 0.040071 0.699968 0.014373 0.017544
0 0.015604 0.896025 0.014785 0.019704
0 0.805278 0.405209 0.017012 0.019542
0 0.067793 0.462122 0.015078 0.020333
0 0.204355 0.932105 0.015179 0.022536
0 0.532147 0.438250 0.016040 0.020365
0 0.673401 0.989680 0.013937 0.016876
0 0.008681 0.183812 0.016595 0.017304
0 0.036215 0.333258 0.014365 0.018313
0 0.224964 0.992341 0.015595 0.014835
0 0.213416 0.965708 0.018097 0.021599
0 0.128041 0.684526 0.015689 0.018155
0 0.319477 0.092328 0.016592 0.018825
0 0.454089 0.261909 0.019068 0.022148
0 0.585855 0.643635 0.018881 0.021726
0 0.466041 0.678491 0.016983 0.021248
0 0.466509 0.336992 0.014104 0.017892
0 0.073827 0.077147 0.014524 0.019294
0 0.705635 0.940241 0.015079 0.018367
0 0.012401 0.311525 0.014061 0.020408
0 0.451792 0.038415 0.017073 0.019208
0 0.818873 0.029412 0.014061 0.013205
0 0.775185 0.069628 0.017073 0.016807
0 0.831929 0.055822 0.014061 0.018007
0 0.247413 0.861945 0.018078 0.016807
0 0.195188 0.876351 0.018078 0.019208
0 0.088730 0.851140 0.016069 0.021609
0 0.042531 0.905162 0.014061 0.014406
0 0.706891 0.576831 0.017073 0.018007
0 0.370442 0.045018 0.017073 0.018007
0 0.331274 0.025210 0.019082 0.019208
0 0.330269 0.048619 0.013056 0.015606
0 0.416641 0.042017 0.017073 0.016807
0 0.295118 0.491597 0.021091 0.020408
0 0.089734 0.500600 0.014061 0.016807