0 0.486220 0.128925 0.019532 0.024438
0 0.658327 0.704969 0.014869 0.018207
0 0.640489 0.960615 0.020910 0.025345
0 0.468885 0.675972 0.017030 0.020340
0 0.521390 0.968953 0.022128 0.027178
0 0.628201 0.167998 0.024500 0.027006
0 0.514950 0.291668 0.019609 0.021792
0 0.817763 0.652338 0.017078 0.021138
0 0.401384 0.011572 0.014599 0.018147
0 0.295118 0.026138 0.016702 0.021692
0 0.317241 0.040748 0.015673 0.020024
0 0.037003 0.069836 0.018012 0.020798
0 0.050161 0.118476 0.017231 0.022979
0 0.254114 0.471677 0.019109 0.024664
0 0.075522 0.042191 0.018228 0.023303
0 0.664241 0.041465 0.018015 0.021244
0 0.545654 0.043001 0.015718 0.019104
0 0.138641 0.236369 0.017289 0.020952
0 0.874747 0.578498 0.017795 0.022792
0 0.119725 0.156048 0.020553 0.025383
0 0.794756 0.656849 0.017804 0.023225
0 0.494379 0.698164 0.017682 0.020998
0 0.681757 0.712634 0.019077 0.023526
0 0.767328 0.954034 0.018160 0.024098
0 0.740988 0.222571 0.018296 0.022245
0 0.302508 0.106096 0.015859 0.015312
0 0.494705 0.095984 0.016110 0.019005
0 0.941831 0.895147 0.016612 0.019275
0 0.083939 0.107927 0.017332 0.021159
0 0.800601 0.049464 0.014662 0.024702
0 0.045379 0.905184 0.015760 0.017134
0 0.014281 0.507151 0.017248 0.022432
0 0.802862 0.442643 0.018781 0.021406
0 0.288002 0.387109 0.018284 0.021434
0 0.425947 0.147114 0.017543 0.020265
0 0.124384 0.494098 0.017467 0.021321
0 0.540448 0.439061 0.017825 0.021383
0 0.628198 0.733364 0.018318 0.022504
0 0.681723 0.992398 0.017224 0.015135
0 0.374444 0.644943 0.014907 0.018661
0 0.419633 0.022064 0.014052 0.017225
0 0.753645 0.568761 0.019986 0.024284
0 0.712543 0.591760 0.016130 0.020500
0 0.665501 0.682090 0.016161 0.019572
0 0.865867 0.023295 0.017124 0.020263
0 0.316219 0.834923 0.016133 0.019481
0 0.276937 0.460050 0.018724 0.023836
0 0.760198 0.058264 0.019959 0.025044
0 0.393773 0.084949 0.015226 0.019968
0 0.684498 0.616264 0.019640 0.022967
0 0.917006 0.051710 0.015898 0.021421
0 0.187449 0.532689 0.019304 0.022214
0 0.316991 0.744705 0.015964 0.019863
0 0.332397 0.106333 0.017775 0.022338
0 0.095485 0.163002 0.016568 0.019688
0 0.722982 0.568881 0.017214 0.022261
0 0.439370 0.676083 0.016033 0.021452
0 0.059505 0.084417 0.015590 0.023485
0 0.823438 0.881642 0.018224 0.021226
0 0.340855 0.933173 0.020301 0.024886
0 0.857552 0.677407 0.016983 0.021843
0 0.316454 0.016871 0.015235 0.018657
0 0.043629 0.937143 0.015964 0.021591
0 0.557389 0.418283 0.018369 0.022891
0 0.839224 0.273437 0.019621 0.023636
0 0.797143 0.957776 0.016211 0.020233
0 0.860034 0.777000 0.017522 0.021956
0 0.786597 0.081838 0.018491 0.025062
0 0.623341 0.904589 0.019209 0.023851
0 0.895198 0.989608 0.016069 0.017739
0 0.114826 0.731484 0.017223 0.021753
0 0.222037 0.232547 0.017719 0.022749
0 0.458483 0.590963 0.017313 0.020193
0 0.875692 0.550571 0.018854 0.023333
0 0.240161 0.955936 0.017424 0.020459
0 0.792738 0.790083 0.018368 0.021466
0 0.555724 0.807069 0.018054 0.021203
0 0.023497 0.895781 0.016893 0.020450
0 0.824883 0.966962 0.017853 0.020692
0 0.665463 0.597225 0.020003 0.023721
0 0.460700 0.263016 0.019157 0.022205
0 0.271968 0.920335 0.016295 0.019774
0 0.330196 0.565459 0.014546 0.016469
0 0.352537 0.040557 0.016819 0.020429
0 0.876649 0.743279 0.019050 0.022964
0 0.963274 0.547040 0.016584 0.021681
0 0.863270 0.970103 0.016761 0.021300
0 0.916795 0.152140 0.016779 0.023588
0 0.429932 0.044021 0.021673 0.022318
0 0.612948 0.115525 0.017823 0.023946
0 0.078745 0.568551 0.017686 0.022464
0 0.479919 0.006949 0.016560 0.013898
0 0.889414 0.964824 0.015376 0.018937
0 0.825570 0.990300 0.016008 0.016300
0 0.176733 0.578106 0.017589 0.022011
0 0.423338 0.728058 0.016943 0.021991
0 0.388638 0.658253 0.015604 0.018818
0 0.672982 0.868599 0.014926 0.018958
0 0.742432 0.590376 0.016065 0.021729
0 0.670525 0.897273 0.017056 0.020294
0 0.506944 0.764691 0.019884 0.024193
0 0.217514 0.334547 0.017220 0.021681
0 0.622042 0.431359 0.015739 0.021752
0 0.340868 0.014388 0.017363 0.023586
0 0.684049 0.252569 0.017135 0.021652
0 0.841146 0.581231 0.015601 0.019111
0 0.502447 0.355082 0.017340 0.021764
0 0.221860 0.654122 0.017316 0.022451
0 0.791147 0.288375 0.016271 0.020918
0 0.234568 0.808621 0.018840 0.024921
0 0.044245 0.879633 0.014256 0.018058
0 0.198447 0.665748 0.015583 0.019328
0 0.062490 0.400624 0.018233 0.023166
0 0.499831 0.390866 0.018769 0.022868
0 0.033318 0.600761 0.016533 0.021190
0 0.079012 0.858624 0.019719 0.024896
0 0.276161 0.712561 0.014123 0.015643
0 0.471789 0.306694 0.015217 0.019595
0 0.384375 0.207567 0.014133 0.018595
0 0.470857 0.539318 0.013236 0.016240
0 0.371405 0.976467 0.015758 0.019464
0 0.434737 0.374816 0.014164 0.019677
0 0.025452 0.113186 0.014694 0.015707
0 0.595378 0.894549 0.012493 0.018027
0 0.361403 0.954982 0.015065 0.015606
0 0.394044 0.987395 0.016069 0.018007
0 0.332780 0.054022 0.012052 0.016807
0 0.468364 0.140456 0.016069 0.019208