0 0.556820 0.524420 0.026574 0.035604
0 0.704156 0.272697 0.015780 0.021251
0 0.926367 0.773305 0.014086 0.017211
0 0.671132 0.114858 0.016440 0.020525
0 0.237101 0.315358 0.017446 0.025491
0 0.361621 0.926587 0.018639 0.024419
0 0.720412 0.255033 0.015283 0.021346
0 0.489710 0.459811 0.017067 0.023688
0 0.250023 0.387337 0.016159 0.019906
0 0.192562 0.663640 0.016330 0.020280
0 0.887040 0.706411 0.014769 0.018454
0 0.036663 0.348483 0.018568 0.021702
0 0.361040 0.825796 0.015626 0.019784
0 0.211293 0.322515 0.021259 0.027409
0 0.149727 0.443315 0.017295 0.021971
0 0.676042 0.962061 0.016946 0.020760
0 0.850368 0.934708 0.017853 0.019999
0 0.431509 0.752995 0.016816 0.020181
0 0.874205 0.247590 0.016771 0.021674
0 0.166623 0.021707 0.016932 0.021181
0 0.813772 0.936448 0.013860 0.017441
0 0.071223 0.342959 0.018803 0.024098
0 0.305482 0.580333 0.017741 0.021272
0 0.226513 0.635760 0.018186 0.030456
0 0.720963 0.747983 0.015668 0.020757
0 0.699775 0.764491 0.015383 0.018973
0 0.602275 0.860051 0.016931 0.022634
0 0.428133 0.427845 0.015732 0.019184
0 0.070870 0.282135 0.015821 0.017707
0 0.349740 0.734579 0.020811 0.021814
0 0.897479 0.470387 0.017583 0.019026
0 0.732086 0.983930 0.015057 0.018758
0 0.080367 0.251108 0.015854 0.019829
0 0.701519 0.737571 0.015662 0.021057
0 0.441397 0.406057 0.017679 0.020216
0 0.385224 0.845600 0.015682 0.020965
0 0.759267 0.708833 0.016937 0.022880
0 0.414107 0.090669 0.017733 0.021750
0 0.045281 0.385691 0.015887 0.020914
0 0.779902 0.457001 0.017940 0.026416
0 0.417759 0.550098 0.017830 0.023211
0 0.417723 0.856849 0.014889 0.019547
0 0.434339 0.903143 0.016186 0.020684
0 0.683419 0.286189 0.014684 0.021222
0 0.402233 0.237583 0.018639 0.023146
0 0.295904 0.127025 0.017265 0.022308
0 0.335082 0.290526 0.018063 0.021651
0 0.476886 0.304220 0.016264 0.020082
0 0.433659 0.244855 0.015033 0.019211
0 0.947486 0.342711 0.018794 0.021986
0 0.424438 0.155749 0.016274 0.022445
0 0.136144 0.361211 0.017390 0.021388
0 0.940023 0.810414 0.015603 0.019813
0 0.347522 0.809801 0.015387 0.020134
0 0.932886 0.679670 0.014947 0.018821
0 0.851386 0.990823 0.018140 0.016637
0 0.932652 0.877906 0.015077 0.019070
0 0.252749 0.931173 0.016939 0.021389
0 0.231544 0.368950 0.016014 0.021514
0 0.548442 0.684711 0.018825 0.020796
0 0.321932 0.424786 0.018950 0.022898
0 0.962776 0.180163 0.013577 0.016892
0 0.145104 0.113241 0.015975 0.019842
0 0.903189 0.774476 0.018181 0.023826
0 0.073774 0.177746 0.016311 0.019671
0 0.796394 0.822222 0.017366 0.022079
0 0.881644 0.150091 0.016855 0.020174
0 0.556852 0.312346 0.019463 0.024209
0 0.437988 0.620295 0.017816 0.022172
0 0.598041 0.185458 0.017173 0.019773
0 0.964520 0.466309 0.014609 0.017895
0 0.253638 0.520106 0.017015 0.020986
0 0.553584 0.356479 0.015801 0.018568
0 0.688770 0.713477 0.021728 0.021664
0 0.348349 0.544874 0.015038 0.020153
0 0.317115 0.098966 0.015662 0.019275
0 0.361106 0.468812 0.016465 0.019951
0 0.398155 0.343545 0.016920 0.019044
0 0.360651 0.646868 0.017958 0.023764
0 0.622263 0.647491 0.016683 0.020596
0 0.944859 0.790397 0.016259 0.018611
0 0.217495 0.452460 0.017882 0.020948
0 0.961799 0.969970 0.017147 0.024348
0 0.788988 0.503931 0.016077 0.018616
0 0.314411 0.555251 0.017927 0.021874
0 0.244964 0.675282 0.018058 0.019844
0 0.794838 0.945440 0.014797 0.018720
0 0.752616 0.652591 0.015352 0.019222
0 0.621277 0.060056 0.018211 0.021981
0 0.938599 0.755316 0.013363 0.019023
0 0.759306 0.522170 0.018997 0.020736
0 0.848717 0.333592 0.018433 0.023007
0 0.866797 0.800066 0.013849 0.017211
0 0.060614 0.421560 0.015959 0.018967
0 0.957128 0.289978 0.016450 0.023104
0 0.301037 0.048520 0.015988 0.020988
0 0.550210 0.440302 0.018031 0.020629
0 0.933060 0.321029 0.017220 0.019501
0 0.935183 0.441677 0.014596 0.016414
0 0.849689 0.570152 0.017701 0.021930
0 0.905208 0.731481 0.015620 0.018777
0 0.649522 0.519327 0.019844 0.024020
0 0.696813 0.058575 0.017206 0.020384
0 0.701826 0.249121 0.011103 0.014603
0 0.944813 0.456774 0.014380 0.017414
0 0.425081 0.467677 0.015268 0.017935
0 0.940649 0.480709 0.015534 0.019597
0 0.905492 0.450627 0.013804 0.014864
0 0.993881 0.161928 0.012238 0.017651
0 0.964929 0.150257 0.015742 0.019813
0 0.216947 0.784472 0.016208 0.019683
0 0.876676 0.392333 0.017449 0.020130
0 0.656060 0.104824 0.013932 0.018773
0 0.085717 0.911765 0.014061 0.018007
0 0.556744 0.983794 0.016069 0.022809
0 0.312694 0.011405 0.026112 0.022809
0 0.924327 0.986194 0.012052 0.013205
0 0.945920 0.992197 0.013056 0.015606