0 0.547578 0.978107 0.023835 0.029326
0 0.846036 0.663229 0.024080 0.024827
0 0.118303 0.055603 0.026207 0.031314
0 0.099064 0.474001 0.023975 0.029905
0 0.672905 0.553568 0.019449 0.023817
0 0.502097 0.013409 0.019249 0.022099
0 0.341343 0.379417 0.016873 0.021673
0 0.871367 0.684172 0.017549 0.022811
0 0.468745 0.786980 0.027335 0.032986
0 0.702670 0.033976 0.019502 0.021424
0 0.034737 0.968191 0.016947 0.019233
0 0.172757 0.820417 0.022353 0.025187
0 0.334943 0.266173 0.022184 0.023522
0 0.892365 0.676512 0.015558 0.020682
0 0.275925 0.478157 0.023112 0.028493
0 0.143838 0.762241 0.019589 0.023668
0 0.362134 0.220014 0.016103 0.019738
0 0.300503 0.199352 0.020510 0.021333
0 0.015184 0.380430 0.019767 0.023835
0 0.334862 0.018711 0.019348 0.023383
0 0.321720 0.391770 0.021213 0.024369
0 0.791554 0.322403 0.021443 0.027109
0 0.557671 0.441231 0.016114 0.021893
0 0.368239 0.181744 0.019274 0.021796
0 0.971682 0.591310 0.019364 0.024850
0 0.414251 0.105772 0.018311 0.021871
0 0.317639 0.461051 0.017897 0.020991
0 0.770498 0.047933 0.016543 0.021431
0 0.362359 0.661030 0.020315 0.024625
0 0.624292 0.973929 0.020162 0.021293
0 0.504845 0.506192 0.017114 0.021676
0 0.205293 0.707185 0.018526 0.022461
0 0.979000 0.380780 0.019319 0.023025
0 0.832223 0.806185 0.021584 0.024256
0 0.776962 0.194655 0.020225 0.024638
0 0.067878 0.441155 0.017095 0.021324
0 0.382508 0.330363 0.019756 0.024482
0 0.686401 0.851192 0.017439 0.022058
0 0.750377 0.908406 0.017899 0.022217
0 0.259994 0.678056 0.019655 0.023991
0 0.080810 0.183490 0.018242 0.021793
0 0.714301 0.736309 0.020640 0.025503
0 0.661492 0.589999 0.016185 0.019497
0 0.404298 0.647106 0.016199 0.019226
0 0.983957 0.655208 0.020259 0.022626
0 0.483452 0.626827 0.017535 0.022163
0 0.427869 0.547850 0.016620 0.021031
0 0.084476 0.304426 0.018811 0.022463
0 0.872466 0.633961 0.017513 0.023571
0 0.580728 0.475546 0.019430 0.025053
0 0.750703 0.059061 0.018948 0.024514
0 0.640503 0.493271 0.018441 0.022528
0 0.026019 0.428779 0.021049 0.023623
0 0.191160 0.390311 0.018039 0.022720
0 0.782983 0.871976 0.017102 0.021746
0 0.607135 0.077722 0.018318 0.023103
0 0.532620 0.682443 0.016957 0.019734
0 0.815142 0.788897 0.015420 0.019390
0 0.411408 0.894856 0.015948 0.019922
0 0.784359 0.397956 0.020672 0.026398
0 0.471990 0.183384 0.017822 0.022840
0 0.008614 0.694149 0.016530 0.020823
0 0.988295 0.791966 0.019961 0.024515
0 0.384492 0.249362 0.017143 0.020150
0 0.147720 0.503318 0.018486 0.024544
0 0.409526 0.018086 0.021292 0.021947
0 0.651932 0.012406 0.018335 0.022408
0 0.392963 0.566363 0.017591 0.021618
0 0.074288 0.410740 0.018808 0.021246
0 0.534760 0.704785 0.016810 0.020483
0 0.613083 0.251389 0.018665 0.023384
0 0.623051 0.666309 0.017670 0.021819
0 0.882197 0.524127 0.017518 0.020751
0 0.736627 0.413506 0.015643 0.019878
0 0.863564 0.958148 0.018385 0.020904
0 0.867971 0.764557 0.018541 0.021821
0 0.354379 0.810691 0.019415 0.022505
0 0.940870 0.366405 0.018739 0.023531
0 0.317514 0.772883 0.018383 0.022884
0 0.763725 0.600360 0.016946 0.020796
0 0.255373 0.239421 0.018880 0.023685
0 0.536630 0.392600 0.015946 0.020764
0 0.701224 0.178089 0.019241 0.023602
0 0.693075 0.008625 0.013884 0.014544
0 0.885548 0.569797 0.017943 0.022226
0 0.605650 0.315753 0.018687 0.023269
0 0.474793 0.486185 0.016982 0.020430
0 0.970077 0.126334 0.016649 0.020321
0 0.493079 0.149733 0.017571 0.021047
0 0.756476 0.568737 0.018256 0.021083
0 0.868551 0.143901 0.016762 0.020886
0 0.243557 0.772223 0.018067 0.022437
0 0.825954 0.093012 0.017389 0.021176
0 0.355822 0.121294 0.017583 0.022401
0 0.919122 0.873775 0.018804 0.022831
0 0.174038 0.242038 0.020158 0.022346
0 0.091996 0.812898 0.019098 0.023266
0 0.008394 0.074767 0.015814 0.017543
0 0.384196 0.953426 0.018160 0.022416
0 0.540300 0.808012 0.017781 0.021433
0 0.723574 0.882483 0.016605 0.020806
0 0.802240 0.234198 0.016955 0.020105
0 0.595528 0.285580 0.015948 0.018298
0 0.900226 0.280600 0.020986 0.026793
0 0.011134 0.303083 0.022069 0.024434
0 0.090671 0.699114 0.018568 0.022772
0 0.427050 0.905017 0.015354 0.019051
0 0.235902 0.336126 0.018845 0.022679
0 0.683159 0.467514 0.017034 0.020473
0 0.047853 0.455581 0.017082 0.024924
0 0.582425 0.061848 0.016357 0.019696
0 0.349283 0.551855 0.015570 0.017731
0 0.801354 0.824977 0.017084 0.020969
0 0.475561 0.120350 0.017050 0.027022
0 0.666515 0.052024 0.013817 0.020153
0 0.353871 0.899480 0.017206 0.020385