0 0.812306 0.645535 0.017784 0.023003
0 0.520710 0.966299 0.022405 0.025591
0 0.119124 0.171059 0.021237 0.026599
0 0.639199 0.960864 0.020455 0.024314
0 0.865916 0.583350 0.018996 0.022479
0 0.257470 0.465738 0.020720 0.025178
0 0.123487 0.492823 0.017299 0.021492
0 0.790933 0.652523 0.018345 0.021598
0 0.311869 0.017190 0.015010 0.020683
0 0.664644 0.038772 0.019371 0.022311
0 0.469547 0.677524 0.015960 0.020110
0 0.655443 0.600997 0.018733 0.023544
0 0.689891 0.029782 0.014495 0.019520
0 0.487842 0.129353 0.019213 0.025017
0 0.651488 0.695687 0.015271 0.019175
0 0.762783 0.053623 0.019040 0.025044
0 0.677980 0.614004 0.017987 0.022986
0 0.092807 0.567959 0.018417 0.023398
0 0.422071 0.148795 0.018572 0.021562
0 0.676309 0.699728 0.017690 0.023519
0 0.495470 0.689399 0.017486 0.019397
0 0.395143 0.087436 0.016385 0.019257
0 0.735300 0.222403 0.017587 0.022115
0 0.757517 0.943482 0.019562 0.024200
0 0.286466 0.387238 0.018691 0.021750
0 0.350640 0.042589 0.011616 0.022446
0 0.314463 0.042474 0.016514 0.021298
0 0.853281 0.061416 0.015959 0.019922
0 0.509136 0.312861 0.018939 0.022328
0 0.330077 0.100825 0.016895 0.022041
0 0.053166 0.080473 0.017377 0.021897
0 0.710081 0.585369 0.017111 0.020853
0 0.282738 0.455250 0.018611 0.023328
0 0.254854 0.945773 0.017877 0.021038
0 0.426517 0.718995 0.018172 0.020559
0 0.091020 0.174549 0.017128 0.020480
0 0.303636 0.099903 0.017024 0.019962
0 0.630782 0.175681 0.022099 0.027251
0 0.507009 0.759106 0.020170 0.024230
0 0.047852 0.904889 0.015268 0.017839
0 0.868260 0.555222 0.017847 0.020884
0 0.617220 0.888337 0.018243 0.022239
0 0.103233 0.285702 0.016992 0.019901
0 0.022333 0.080604 0.019763 0.020265
0 0.292496 0.028848 0.016948 0.020716
0 0.819714 0.990884 0.017561 0.016653
0 0.823823 0.878737 0.018998 0.022256
0 0.065871 0.048767 0.020422 0.023616
0 0.387255 0.656210 0.014593 0.018648
0 0.789837 0.928776 0.017308 0.020452
0 0.501165 0.097185 0.016049 0.019791
0 0.615851 0.435038 0.017165 0.021915
0 0.539032 0.438751 0.017469 0.021292
0 0.428049 0.040580 0.020936 0.024456
0 0.186506 0.565847 0.017828 0.022617
0 0.917561 0.145340 0.016800 0.020412
0 0.860423 0.032809 0.015791 0.018575
0 0.857314 0.676117 0.017554 0.021564
0 0.887618 0.954085 0.017424 0.020913
0 0.722214 0.564224 0.017846 0.021886
0 0.310801 0.833085 0.016524 0.021228
0 0.792454 0.450068 0.017617 0.021053
0 0.042267 0.936523 0.016038 0.023480
0 0.459519 0.262550 0.018847 0.022081
0 0.850582 0.771003 0.018195 0.021675
0 0.792793 0.783843 0.018360 0.022309
0 0.457656 0.588708 0.017170 0.021356
0 0.136899 0.236173 0.016526 0.021615
0 0.557513 0.415273 0.017371 0.022232
0 0.345308 0.906876 0.021724 0.025886
0 0.125674 0.716626 0.018880 0.026998
0 0.021396 0.894898 0.016895 0.021924
0 0.942158 0.895127 0.015853 0.019766
0 0.012238 0.509285 0.018622 0.021945
0 0.752849 0.568810 0.019432 0.023228
0 0.222590 0.232080 0.017612 0.022497
0 0.847321 0.962245 0.016357 0.021817
0 0.786902 0.079897 0.017934 0.024172
0 0.685538 0.287114 0.017369 0.021165
0 0.551477 0.808501 0.017212 0.021205
0 0.658913 0.890928 0.017188 0.019675
0 0.201260 0.658152 0.016954 0.023993
0 0.403691 0.033552 0.015330 0.018643
0 0.539889 0.080645 0.015429 0.017970
0 0.402375 0.354285 0.012882 0.014445
0 0.081980 0.860001 0.019177 0.022787
0 0.787064 0.286774 0.015761 0.018743
0 0.074813 0.119245 0.018242 0.023316
0 0.279959 0.898434 0.016189 0.019900
0 0.991979 0.785910 0.016042 0.021669
0 0.742942 0.590606 0.016073 0.018853
0 0.831797 0.592009 0.015614 0.018859
0 0.399744 0.953905 0.015960 0.018817
0 0.827417 0.282934 0.020500 0.022022
0 0.373602 0.644056 0.014770 0.018419
0 0.882411 0.731035 0.019292 0.022560
0 0.821864 0.966325 0.017779 0.020686
0 0.220033 0.326855 0.017242 0.021389
0 0.334882 0.562531 0.014158 0.018645
0 0.501781 0.364987 0.016684 0.021534
0 0.620347 0.722857 0.018811 0.023128
0 0.501570 0.393563 0.016480 0.021152
0 0.669306 0.866812 0.014892 0.017493
0 0.663062 0.676786 0.016800 0.020354
0 0.330519 0.731670 0.015814 0.019966
0 0.466237 0.141055 0.016332 0.020354
0 0.957333 0.554179 0.017116 0.022108
0 0.905127 0.112116 0.017878 0.023555
0 0.656949 0.076319 0.016835 0.020526
0 0.437322 0.671753 0.017395 0.022339
0 0.195950 0.525824 0.019616 0.021465
0 0.736724 0.828706 0.013192 0.017714
0 0.950988 0.217644 0.015251 0.019674
0 0.229978 0.647624 0.017383 0.023277
0 0.043816 0.876825 0.014117 0.017364
0 0.371435 0.971785 0.015330 0.020532
0 0.895038 0.987283 0.016161 0.019673
0 0.439192 0.379018 0.015467 0.018307
0 0.077357 0.385081 0.018775 0.022866
0 0.047796 0.118554 0.017863 0.022279
0 0.237724 0.807165 0.018879 0.022069
0 0.039773 0.588232 0.019550 0.022281
0 0.224681 0.276075 0.015334 0.017771
0 0.473652 0.323916 0.014051 0.017107
0 0.888269 0.561255 0.012885 0.015718
0 0.599445 0.526295 0.013177 0.016283
0 0.398876 0.230064 0.012072 0.015347
0 0.611183 0.112131 0.018669 0.026057
0 0.223130 0.010073 0.013216 0.015533
0 0.332278 0.054622 0.013056 0.020408
0 0.337802 0.019208 0.016069 0.016807
0 0.425680 0.012005 0.013056 0.016807
0 0.808829 0.063625 0.014061 0.021609