0 0.841750 0.538006 0.017636 0.023950
0 0.515855 0.968007 0.019531 0.025285
0 0.594240 0.667492 0.018337 0.024726
0 0.751965 0.862449 0.020291 0.023885
0 0.123595 0.164644 0.019925 0.024844
0 0.037442 0.934773 0.018114 0.023222
0 0.815826 0.870324 0.018292 0.023095
0 0.209873 0.948225 0.017019 0.020117
0 0.530709 0.608327 0.016829 0.018419
0 0.283184 0.386047 0.019403 0.023690
0 0.983348 0.716365 0.018038 0.021070
0 0.818681 0.265540 0.016464 0.022673
0 0.628293 0.946565 0.019248 0.025769
0 0.401393 0.011339 0.014252 0.018376
0 0.754797 0.049494 0.016917 0.021163
0 0.384123 0.648157 0.014890 0.019641
0 0.739882 0.190385 0.017776 0.022350
0 0.624372 0.663821 0.015461 0.020639
0 0.373966 0.815174 0.020489 0.024013
0 0.255505 0.955047 0.016073 0.021986
0 0.938060 0.890919 0.015325 0.019337
0 0.469045 0.929679 0.017563 0.021264
0 0.767022 0.959030 0.016293 0.020324
0 0.533957 0.068873 0.015923 0.019090
0 0.133513 0.234715 0.018577 0.024404
0 0.822221 0.039849 0.016005 0.019048
0 0.709487 0.546202 0.018372 0.022271
0 0.546039 0.338029 0.016733 0.022226
0 0.369424 0.640975 0.014666 0.020331
0 0.303118 0.826026 0.016818 0.021169
0 0.288587 0.015784 0.019715 0.023487
0 0.830860 0.574539 0.014188 0.017357
0 0.253684 0.469824 0.020512 0.025034
0 0.704929 0.583410 0.015944 0.021046
0 0.217923 0.229380 0.017557 0.022597
0 0.786409 0.656010 0.016711 0.020536
0 0.070856 0.036519 0.018876 0.022281
0 0.675101 0.135356 0.015965 0.022999
0 0.011179 0.660010 0.017218 0.021946
0 0.554740 0.038756 0.015840 0.019855
0 0.119148 0.490901 0.016630 0.022078
0 0.044200 0.071910 0.017154 0.020966
0 0.818045 0.967930 0.016170 0.020286
0 0.844662 0.967644 0.016008 0.020712
0 0.501356 0.549911 0.016619 0.021445
0 0.184274 0.259087 0.015253 0.020085
0 0.482393 0.132316 0.018922 0.027028
0 0.741290 0.946527 0.017265 0.020184
0 0.075497 0.919055 0.016819 0.021013
0 0.485713 0.892006 0.019150 0.022431
0 0.536629 0.436282 0.017302 0.020542
0 0.859415 0.903555 0.016046 0.019765
0 0.656345 0.681244 0.017840 0.021841
0 0.469819 0.871038 0.015522 0.018194
0 0.683962 0.694390 0.017307 0.021736
0 0.276340 0.454020 0.019930 0.021900
0 0.811747 0.071388 0.013767 0.019101
0 0.209031 0.323352 0.015970 0.019287
0 0.948401 0.508276 0.017385 0.020790
0 0.511720 0.291338 0.017152 0.022590
0 0.975855 0.245567 0.019880 0.022924
0 0.387995 0.087816 0.016552 0.022078
0 0.008531 0.448886 0.017062 0.023964
0 0.114272 0.536803 0.017550 0.022022
0 0.070092 0.076800 0.018254 0.020833
0 0.807131 0.634664 0.017403 0.021129
0 0.328990 0.814198 0.015371 0.020373
0 0.313069 0.041540 0.016906 0.021805
0 0.431425 0.113581 0.017286 0.020197
0 0.572037 0.678047 0.015845 0.019538
0 0.169177 0.911837 0.017098 0.022603
0 0.379302 0.036342 0.016675 0.019348
0 0.015406 0.505056 0.017458 0.021362
0 0.346769 0.861515 0.018139 0.021896
0 0.973984 0.874547 0.019228 0.024400
0 0.128585 0.137741 0.017389 0.019584
0 0.198484 0.924141 0.015453 0.023081
0 0.846259 0.509751 0.018726 0.022810
0 0.176502 0.974676 0.016325 0.019680
0 0.804846 0.761137 0.018955 0.024231
0 0.808718 0.406809 0.017186 0.021119
0 0.826130 0.897386 0.016265 0.021399
0 0.104108 0.780718 0.016960 0.020966
0 0.467573 0.677022 0.017014 0.020961
0 0.019333 0.128410 0.016431 0.020544
0 0.854095 0.670358 0.019197 0.022426
0 0.907605 0.137147 0.015809 0.019852
0 0.808070 0.712763 0.015777 0.019477
0 0.046045 0.898726 0.014625 0.019020
0 0.328645 0.100719 0.016697 0.021574
0 0.654140 0.059125 0.017253 0.022986
0 0.313659 0.015054 0.015644 0.021390
0 0.753207 0.566828 0.018398 0.021944
0 0.423670 0.040919 0.017246 0.021703
0 0.259235 0.512636 0.016044 0.022576
0 0.124662 0.065639 0.016570 0.019937
0 0.296128 0.100600 0.015606 0.018620
0 0.460993 0.134232 0.016060 0.022256
0 0.597603 0.351579 0.016869 0.022593
0 0.737357 0.268297 0.014004 0.019121
0 0.992765 0.384360 0.014386 0.022431
0 0.201350 0.663676 0.016568 0.022676
0 0.018465 0.479963 0.015626 0.020469
0 0.792634 0.264522 0.014438 0.019695
0 0.017533 0.894743 0.015886 0.019000
0 0.097807 0.480703 0.015867 0.023879
0 0.778873 0.823769 0.015784 0.020186
0 0.452814 0.262755 0.017817 0.022660
0 0.044179 0.113653 0.014574 0.019766
0 0.235346 0.502162 0.017295 0.024642
0 0.885992 0.102224 0.016942 0.021582
0 0.498055 0.597310 0.017034 0.023200
0 0.016145 0.058492 0.015795 0.017855
0 0.420654 0.661235 0.016330 0.020899
0 0.739708 0.587845 0.015370 0.018498
0 0.652344 0.600136 0.018508 0.021154
0 0.655587 0.532635 0.018270 0.022713
0 0.867619 0.626779 0.017964 0.021146
0 0.090254 0.850273 0.017213 0.024547
0 0.742439 0.506750 0.016204 0.019959
0 0.465913 0.338146 0.014112 0.019304
0 0.872225 0.056282 0.012864 0.018483
0 0.642386 0.373790 0.015774 0.019823
0 0.015065 0.093388 0.015733 0.018904
0 0.611982 0.116447 0.020086 0.016807
0 0.334287 0.018007 0.017073 0.016807
0 0.331274 0.050420 0.015065 0.016807
0 0.353871 0.041417 0.014061 0.015606
0 0.804812 0.989196 0.016069 0.021608