0 0.705240 0.272865 0.015240 0.021151
0 0.439293 0.443538 0.015182 0.019815
0 0.558939 0.529604 0.024932 0.034227
0 0.721568 0.255104 0.015049 0.020965
0 0.957516 0.815869 0.015423 0.020400
0 0.211788 0.324908 0.022331 0.027793
0 0.351857 0.442940 0.020690 0.023446
0 0.686279 0.686789 0.016857 0.019323
0 0.682882 0.123536 0.015494 0.019750
0 0.945516 0.331622 0.017392 0.021021
0 0.082698 0.282408 0.015049 0.017901
0 0.249834 0.388264 0.016927 0.020445
0 0.239446 0.317075 0.018676 0.024633
0 0.811952 0.749488 0.018666 0.025042
0 0.927305 0.773282 0.014915 0.018337
0 0.375704 0.950445 0.018482 0.022745
0 0.702663 0.738408 0.015456 0.019839
0 0.218138 0.452882 0.017338 0.022033
0 0.315621 0.556193 0.017260 0.020874
0 0.403732 0.236630 0.018008 0.023364
0 0.359140 0.829094 0.015347 0.019236
0 0.103049 0.376056 0.017202 0.021711
0 0.622033 0.061157 0.017527 0.021502
0 0.166378 0.021414 0.017158 0.022025
0 0.945415 0.458163 0.014562 0.019508
0 0.500555 0.437560 0.018531 0.021216
0 0.717737 0.756409 0.014918 0.021201
0 0.414919 0.091401 0.018646 0.021906
0 0.434404 0.754538 0.015642 0.020126
0 0.961129 0.689953 0.015803 0.019410
0 0.700082 0.765520 0.015175 0.019180
0 0.490587 0.461959 0.016276 0.020730
0 0.603454 0.860453 0.017542 0.022259
0 0.349036 0.810035 0.015134 0.017888
0 0.895558 0.967455 0.018066 0.023522
0 0.903601 0.774872 0.018201 0.022773
0 0.255989 0.690233 0.015932 0.019877
0 0.260535 0.665227 0.015970 0.019083
0 0.733109 0.986579 0.016681 0.019600
0 0.870799 0.971035 0.013720 0.017196
0 0.926273 0.355231 0.017673 0.021286
0 0.231468 0.369649 0.016462 0.023442
0 0.684467 0.286108 0.014326 0.020426
0 0.348866 0.545330 0.016000 0.020141
0 0.380659 0.666334 0.016394 0.019716
0 0.419218 0.882493 0.016675 0.024060
0 0.434553 0.245474 0.015305 0.019230
0 0.616022 0.746286 0.017429 0.021588
0 0.150710 0.446422 0.016573 0.023607
0 0.220401 0.720199 0.015852 0.020324
0 0.902247 0.471756 0.020626 0.020819
0 0.294498 0.132274 0.015720 0.020567
0 0.558509 0.319063 0.019342 0.023072
0 0.254405 0.526390 0.018263 0.021715
0 0.904679 0.731889 0.015552 0.019430
0 0.598455 0.186304 0.018084 0.020413
0 0.135138 0.363549 0.018562 0.023478
0 0.306434 0.581075 0.017161 0.020821
0 0.932923 0.878626 0.014684 0.018612
0 0.084351 0.253140 0.016322 0.019164
0 0.549690 0.444166 0.014889 0.020377
0 0.856394 0.571697 0.019286 0.022030
0 0.348963 0.735477 0.021260 0.022384
0 0.414721 0.553594 0.017903 0.023349
0 0.922200 0.263930 0.017185 0.022311
0 0.336604 0.292279 0.016797 0.020878
0 0.438903 0.620268 0.017265 0.021721
0 0.678182 0.960867 0.017083 0.021411
0 0.474993 0.980012 0.015596 0.018661
0 0.603162 0.396013 0.015236 0.017985
0 0.385592 0.844738 0.016969 0.020198
0 0.426221 0.378319 0.017302 0.020902
0 0.790729 0.551801 0.016711 0.020879
0 0.689926 0.714966 0.019870 0.021300
0 0.833333 0.514213 0.015446 0.020253
0 0.939266 0.718539 0.014511 0.016612
0 0.425883 0.467635 0.015765 0.019446
0 0.292748 0.561256 0.016085 0.022526
0 0.974609 0.784695 0.014775 0.018512
0 0.559321 0.981516 0.015312 0.017824
0 0.693724 0.059062 0.016755 0.020346
0 0.061272 0.364151 0.017917 0.020748
0 0.298971 0.287021 0.015264 0.020137
0 0.928937 0.834878 0.014229 0.017464
0 0.795741 0.823182 0.018842 0.023675
0 0.780908 0.457976 0.018485 0.025943
0 0.325757 0.109269 0.017300 0.019869
0 0.942657 0.805278 0.014471 0.019400
0 0.048691 0.385258 0.013658 0.017879
0 0.301981 0.049796 0.016305 0.019760
0 0.476692 0.305658 0.016816 0.020089
0 0.711104 0.572874 0.017876 0.024866
0 0.958015 0.309147 0.016784 0.020896
0 0.425003 0.150188 0.017645 0.020504
0 0.753405 0.654660 0.016604 0.020739
0 0.146017 0.112532 0.015987 0.019021
0 0.519736 0.742327 0.015861 0.020104
0 0.362704 0.470071 0.016435 0.020406
0 0.960907 0.968565 0.018167 0.028321
0 0.412081 0.325298 0.015006 0.018525
0 0.666573 0.120915 0.013405 0.019456
0 0.425680 0.015006 0.019082 0.025210
0 0.360901 0.037815 0.016069 0.020408
0 0.075673 0.178271 0.018078 0.018007
0 0.234356 0.015006 0.014061 0.018007