0 0.007577 0.894550 0.015023 0.019042
0 0.154788 0.895685 0.019177 0.024184
0 0.912198 0.883856 0.017617 0.021228
0 0.176827 0.914425 0.018036 0.021304
0 0.991418 0.919828 0.016696 0.021134
0 0.980851 0.293618 0.018719 0.022524
0 0.232819 0.554811 0.019056 0.023679
0 0.779680 0.842500 0.021421 0.026065
0 0.007307 0.201313 0.014614 0.023134
0 0.697172 0.875922 0.020726 0.024029
0 0.124354 0.907508 0.017018 0.021399
0 0.791956 0.870853 0.018104 0.021789
0 0.872064 0.874741 0.016265 0.019584
0 0.816546 0.250164 0.017571 0.020917
0 0.008884 0.724121 0.015852 0.021407
0 0.872986 0.283235 0.018546 0.022228
0 0.127082 0.745146 0.022729 0.028605
0 0.087015 0.504467 0.019926 0.023281
0 0.322074 0.163381 0.018540 0.022952
0 0.276155 0.318576 0.018595 0.022830
0 0.837506 0.533446 0.021855 0.026120
0 0.236113 0.740512 0.016370 0.021412
0 0.054819 0.173959 0.018254 0.020999
0 0.045226 0.413689 0.017455 0.020841
0 0.819152 0.188770 0.018887 0.022864
0 0.653165 0.264500 0.019716 0.029966
0 0.788770 0.206706 0.017701 0.023792
0 0.626933 0.264204 0.016363 0.021197
0 0.418480 0.196031 0.018780 0.022685
0 0.133005 0.666821 0.018444 0.019766
0 0.481797 0.779645 0.017985 0.022035
0 0.121289 0.203115 0.018944 0.021705
0 0.694682 0.246203 0.018058 0.020413
0 0.049970 0.683555 0.016444 0.021203
0 0.210986 0.737497 0.017963 0.021275
0 0.645115 0.480415 0.014702 0.019279
0 0.335180 0.969530 0.017751 0.020822
0 0.633231 0.123965 0.016984 0.020603
0 0.153017 0.034366 0.015678 0.019198
0 0.678649 0.226634 0.016129 0.020013
0 0.060758 0.208561 0.018712 0.022301
0 0.263585 0.652828 0.016845 0.020324
0 0.315464 0.055542 0.017857 0.021284
0 0.033567 0.821692 0.018906 0.022378
0 0.271248 0.622284 0.015726 0.019629
0 0.497216 0.113287 0.015755 0.019970
0 0.292638 0.736152 0.018336 0.022073
0 0.122758 0.794688 0.017705 0.021226
0 0.771696 0.233136 0.017353 0.019169
0 0.369715 0.276042 0.015986 0.020301
0 0.083057 0.875069 0.014914 0.017773
0 0.865282 0.629720 0.018126 0.020688
0 0.113507 0.245475 0.018526 0.021529
0 0.414727 0.045887 0.015673 0.020307
0 0.263928 0.568082 0.013855 0.017733
0 0.038255 0.907165 0.018045 0.022222
0 0.049254 0.091431 0.014723 0.018366
0 0.875085 0.118706 0.017085 0.021596
0 0.519931 0.408456 0.018073 0.022157
0 0.275534 0.444778 0.014061 0.013205
0 0.303153 0.387755 0.013056 0.019208
0 0.337802 0.367347 0.012052 0.014406
0 0.341317 0.394358 0.015065 0.013205
0 0.324746 0.405162 0.012052 0.015606
0 0.307672 0.419568 0.014061 0.015606
0 0.240885 0.447179 0.015065 0.013205
0 0.126392 0.459184 0.015065 0.015606
0 0.100279 0.427371 0.015065 0.014406
0 0.244400 0.577431 0.016069 0.021609
0 0.408104 0.460984 0.016069 0.019208
0 0.481922 0.515006 0.017073 0.016807
0 0.496485 0.699280 0.014061 0.013205
0 0.473385 0.710084 0.014061 0.018007
0 0.425680 0.671669 0.015065 0.015606
0 0.539169 0.788715 0.017073 0.021609
0 0.823392 0.987395 0.019082 0.018007
0 0.881643 0.426771 0.015065 0.015606
0 0.911270 0.407563 0.016069 0.015606
0 0.896708 0.366146 0.015065 0.019208
0 0.768656 0.206483 0.014061 0.016807
0 0.822388 0.226291 0.017073 0.015606
0 0.953452 0.246699 0.014061 0.018007
0 0.987599 0.247299 0.012052 0.019208
0 0.787739 0.066026 0.014061 0.014406
0 0.544190 0.148860 0.013056 0.012005
0 0.555238 0.199280 0.011048 0.014406
0 0.350858 0.321729 0.014061 0.019208
0 0.329767 0.292917 0.014061 0.014406
0 0.302650 0.293517 0.014061 0.015606
0 0.301144 0.264706 0.017073 0.020408
0 0.316209 0.241897 0.013056 0.018007
0 0.303153 0.154262 0.015065 0.022809
0 0.027466 0.184874 0.018078 0.021609
0 0.115846 0.051020 0.012052 0.013205
0 0.049059 0.127851 0.019082 0.022809
0 0.598926 0.147059 0.014061 0.013205
0 0.636086 0.306723 0.022095 0.020408
0 0.102288 0.884754 0.015065 0.019208
0 0.082704 0.951981 0.016069 0.016807
0 0.047552 0.975390 0.020086 0.018007
0 0.815860 0.722089 0.020086 0.020408
0 0.537160 0.653661 0.015065 0.018007