0 0.774710 0.845077 0.023722 0.029279
0 0.152970 0.892685 0.017824 0.022742
0 0.911277 0.883374 0.017061 0.021537
0 0.235411 0.741946 0.015349 0.022615
0 0.151286 0.923892 0.019276 0.022467
0 0.904947 0.322650 0.018005 0.022056
0 0.232747 0.554855 0.018860 0.024133
0 0.086125 0.505081 0.019127 0.023002
0 0.123388 0.910491 0.017882 0.023157
0 0.882733 0.601952 0.019384 0.023305
0 0.794616 0.233849 0.017330 0.025398
0 0.843241 0.274395 0.017332 0.020622
0 0.482037 0.778289 0.017665 0.022505
0 0.284212 0.326427 0.017834 0.022639
0 0.045375 0.974804 0.017606 0.021433
0 0.981671 0.292866 0.018146 0.022046
0 0.420145 0.492571 0.017597 0.020725
0 0.318036 0.085586 0.016857 0.020728
0 0.280941 0.797275 0.017508 0.021120
0 0.675210 0.251694 0.015360 0.020163
0 0.855489 0.229552 0.019447 0.023174
0 0.610501 0.266232 0.017549 0.022340
0 0.148414 0.790808 0.020590 0.025919
0 0.871114 0.872838 0.016359 0.019116
0 0.277801 0.492482 0.016214 0.020731
0 0.517521 0.136466 0.014910 0.019023
0 0.365097 0.010498 0.017878 0.019695
0 0.019555 0.881553 0.019062 0.025210
0 0.052246 0.750551 0.016015 0.020882
0 0.120673 0.063733 0.014680 0.018093
0 0.569700 0.221906 0.017410 0.020884
0 0.790016 0.870300 0.018436 0.023414
0 0.722016 0.950488 0.020330 0.024196
0 0.042658 0.412608 0.015781 0.020085
0 0.698914 0.278541 0.017078 0.022616
0 0.320728 0.444736 0.016109 0.019544
0 0.102640 0.486997 0.015765 0.020127
0 0.315000 0.175824 0.018954 0.024843
0 0.207065 0.010420 0.013898 0.018313
0 0.430161 0.667341 0.015929 0.020630
0 0.280309 0.664957 0.016110 0.019436
0 0.904574 0.431297 0.016130 0.019372
0 0.211143 0.741214 0.017907 0.022244
0 0.653973 0.267626 0.020202 0.030747
0 0.305402 0.278964 0.015228 0.016824
0 0.547874 0.149215 0.013298 0.017881
0 0.568778 0.886250 0.019079 0.023751
0 0.054073 0.191809 0.017162 0.019504
0 0.361301 0.329023 0.016050 0.021441
0 0.310954 0.382544 0.015971 0.021362
0 0.770294 0.204557 0.016573 0.022571
0 0.083602 0.874360 0.015258 0.019590
0 0.801841 0.081686 0.015368 0.019298
0 0.648661 0.156986 0.016670 0.019469
0 0.770058 0.234272 0.016262 0.020794
0 0.326458 0.396068 0.014747 0.017130
0 0.297018 0.257124 0.018060 0.019709
0 0.122596 0.797434 0.015124 0.020134
0 0.661115 0.521381 0.015565 0.020303
0 0.061918 0.240556 0.019129 0.024572
0 0.244279 0.456032 0.015993 0.020436
0 0.539526 0.655511 0.017648 0.019766
0 0.138526 0.711465 0.016151 0.020985
0 0.520909 0.409912 0.017729 0.020814
0 0.276679 0.695260 0.016542 0.021412
0 0.915007 0.134624 0.018522 0.020693
0 0.041103 0.108567 0.015546 0.020117
0 0.426154 0.242299 0.018484 0.021477
0 0.395739 0.303420 0.017218 0.022352
0 0.599447 0.151500 0.015087 0.019417
0 0.859749 0.624385 0.017410 0.021299
0 0.634544 0.505720 0.016157 0.019443
0 0.299598 0.148305 0.016245 0.021711
0 0.907372 0.631270 0.012031 0.016388
0 0.498947 0.573474 0.017969 0.020408
0 0.355880 0.392557 0.014061 0.019208
0 0.358390 0.411765 0.015065 0.019208
0 0.257958 0.569028 0.013056 0.014406
0 0.259967 0.596639 0.015065 0.014406
0 0.155015 0.050420 0.014061 0.019208
0 0.419654 0.068427 0.013056 0.014406
0 0.638597 0.299520 0.011048 0.015606
0 0.878128 0.419568 0.014061 0.018007
0 0.932361 0.421969 0.012052 0.020408
0 0.980569 0.264106 0.014061 0.016807
0 0.991114 0.241897 0.013056 0.022809
0 0.832431 0.987995 0.017073 0.016807
0 0.506026 0.766507 0.013056 0.013205
0 0.525610 0.762305 0.014061 0.016807
0 0.079189 0.948379 0.017073 0.016807
0 0.126392 0.235294 0.019082 0.016807
0 0.112331 0.264706 0.017073 0.022809
0 0.022946 0.186074 0.017073 0.019208