0 0.520747 0.966335 0.022602 0.026757
0 0.814824 0.645522 0.018660 0.023780
0 0.294152 0.027609 0.016033 0.021082
0 0.487997 0.130700 0.019087 0.025746
0 0.119218 0.165711 0.020834 0.026632
0 0.257589 0.467353 0.020712 0.026420
0 0.758995 0.945216 0.018967 0.023898
0 0.623202 0.723202 0.017497 0.021681
0 0.639457 0.961223 0.020232 0.024238
0 0.653208 0.698721 0.015666 0.018606
0 0.867973 0.584358 0.019395 0.020867
0 0.008802 0.577715 0.014609 0.015596
0 0.793197 0.654017 0.017156 0.022560
0 0.818981 0.990644 0.016341 0.016417
0 0.123439 0.493544 0.016355 0.021347
0 0.314644 0.039431 0.016446 0.020046
0 0.372680 0.645129 0.014763 0.018095
0 0.051789 0.078052 0.016890 0.021439
0 0.020707 0.896607 0.016019 0.020918
0 0.283969 0.457380 0.019497 0.023847
0 0.537538 0.439191 0.017238 0.021594
0 0.036735 0.593644 0.017496 0.023294
0 0.655142 0.596096 0.019537 0.024999
0 0.422512 0.153643 0.017891 0.020235
0 0.678084 0.700559 0.018126 0.023071
0 0.499509 0.096621 0.016157 0.019352
0 0.101196 0.287042 0.017955 0.020769
0 0.787520 0.080319 0.019814 0.024126
0 0.739954 0.222781 0.017674 0.021107
0 0.750957 0.566162 0.018138 0.023545
0 0.303503 0.097339 0.017853 0.020646
0 0.711322 0.588337 0.017295 0.021858
0 0.496265 0.696798 0.017296 0.020667
0 0.046520 0.905868 0.015237 0.017656
0 0.989756 0.792235 0.017617 0.021020
0 0.347901 0.039515 0.015248 0.019354
0 0.286753 0.387113 0.018202 0.022269
0 0.829939 0.284216 0.020853 0.023741
0 0.762281 0.054393 0.019776 0.025081
0 0.508082 0.305847 0.018694 0.022682
0 0.661410 0.897177 0.016066 0.020229
0 0.469802 0.678070 0.016140 0.020395
0 0.042573 0.937021 0.015788 0.022634
0 0.624820 0.176220 0.023431 0.027516
0 0.425211 0.725432 0.017540 0.022081
0 0.137371 0.235630 0.016868 0.020722
0 0.688140 0.032839 0.016310 0.020365
0 0.429592 0.042425 0.020908 0.022690
0 0.906390 0.101097 0.017929 0.024010
0 0.913594 0.146563 0.017510 0.021118
0 0.617913 0.111727 0.020521 0.026430
0 0.394558 0.084895 0.016470 0.019223
0 0.385884 0.658868 0.015317 0.018732
0 0.793338 0.447659 0.017870 0.021640
0 0.434250 0.674971 0.015842 0.019793
0 0.678802 0.612727 0.019539 0.020466
0 0.680981 0.992107 0.018426 0.014586
0 0.330649 0.102471 0.016882 0.021326
0 0.253722 0.945807 0.017318 0.018438
0 0.663934 0.677134 0.016805 0.019438
0 0.851994 0.780192 0.017274 0.021352
0 0.790056 0.781195 0.018245 0.023313
0 0.822303 0.880119 0.019007 0.022114
0 0.895615 0.986827 0.016448 0.020164
0 0.870768 0.027967 0.016406 0.020331
0 0.506648 0.758594 0.019829 0.022752
0 0.655579 0.070832 0.017079 0.020559
0 0.556609 0.418709 0.018070 0.024701
0 0.455504 0.593950 0.016054 0.020575
0 0.960743 0.552433 0.017005 0.021841
0 0.047756 0.117881 0.018466 0.025322
0 0.820113 0.966442 0.018136 0.021557
0 0.459029 0.263054 0.018121 0.021379
0 0.500785 0.366670 0.017593 0.022699
0 0.618982 0.893978 0.019482 0.025436
0 0.276116 0.909174 0.015653 0.019419
0 0.021692 0.081915 0.017807 0.018795
0 0.665186 0.028879 0.018238 0.022542
0 0.313160 0.015243 0.015071 0.020613
0 0.942387 0.894357 0.016451 0.020125
0 0.536812 0.073705 0.015398 0.018319
0 0.064987 0.049822 0.020268 0.026017
0 0.222555 0.232316 0.017672 0.021560
0 0.867654 0.557443 0.019343 0.022741
0 0.552281 0.809484 0.017171 0.021924
0 0.310292 0.837703 0.016953 0.021072
0 0.395580 0.961122 0.014737 0.018103
0 0.847673 0.969277 0.017009 0.020860
0 0.617579 0.439835 0.018115 0.021837
0 0.407735 0.031501 0.014398 0.019933
0 0.723124 0.567274 0.017207 0.020020
0 0.090443 0.171788 0.018353 0.021217
0 0.180311 0.570654 0.018621 0.021335
0 0.400883 0.008648 0.014045 0.013925
0 0.467801 0.142990 0.018003 0.020567
0 0.343301 0.915838 0.019095 0.025447
0 0.858576 0.054571 0.016418 0.021219
0 0.834747 0.590966 0.015575 0.020124
0 0.087137 0.568791 0.018022 0.021399
0 0.334896 0.567325 0.014043 0.018026
0 0.741662 0.589518 0.016572 0.021393
0 0.885205 0.960557 0.016588 0.020402
0 0.120364 0.723157 0.017839 0.021640
0 0.187214 0.532187 0.020513 0.022798
0 0.880234 0.737105 0.018690 0.022292
0 0.788376 0.287334 0.016079 0.020321
0 0.073905 0.120562 0.018067 0.021155
0 0.789768 0.945799 0.015877 0.019255
0 0.684137 0.283400 0.017683 0.021556
0 0.858131 0.676902 0.019089 0.022798
0 0.992578 0.338391 0.014844 0.020792
0 0.004172 0.042230 0.008344 0.018242
0 0.217101 0.328619 0.016599 0.020251
0 0.949275 0.212977 0.015280 0.017399
0 0.427792 0.010956 0.015385 0.018573
0 0.996085 0.266711 0.007830 0.023087
0 0.803081 0.052615 0.014427 0.023219
0 0.011562 0.506781 0.016890 0.019302
0 0.044352 0.881157 0.015188 0.018249
0 0.498637 0.393318 0.017929 0.021824
0 0.737156 0.414206 0.012655 0.015503
0 0.326428 0.731290 0.016643 0.020055
0 0.366204 0.953138 0.015281 0.017707
0 0.079697 0.859855 0.019063 0.023113
0 0.670754 0.869930 0.016481 0.019967
0 0.071402 0.394575 0.018397 0.024449
0 0.386901 0.223557 0.013636 0.015160
0 0.435401 0.376775 0.016033 0.017596
0 0.227027 0.640215 0.018379 0.022513
0 0.199395 0.661360 0.014625 0.018865
0 0.072449 0.078199 0.013873 0.020868
0 0.332080 0.047074 0.013109 0.022618
0 0.749291 0.974355 0.010864 0.013996
0 0.400645 0.353536 0.012172 0.015301
0 0.471935 0.323241 0.014390 0.017778
0 0.471368 0.541804 0.013037 0.014937
0 0.235226 0.805964 0.018780 0.023399