0 0.497810 0.183221 0.020904 0.026065
0 0.623913 0.945536 0.018480 0.025955
0 0.302832 0.823587 0.017208 0.022312
0 0.281003 0.384962 0.018943 0.024509
0 0.101632 0.611976 0.017793 0.021660
0 0.466018 0.679133 0.017373 0.021943
0 0.117701 0.488621 0.016311 0.021386
0 0.006560 0.670444 0.013120 0.019350
0 0.593190 0.127295 0.017655 0.020156
0 0.908538 0.992118 0.017754 0.015190
0 0.239559 0.023906 0.015083 0.018725
0 0.766370 0.796846 0.018946 0.024291
0 0.113981 0.549160 0.013520 0.017758
0 0.329822 0.817926 0.015780 0.019991
0 0.573491 0.578546 0.015345 0.018294
0 0.034206 0.932634 0.016508 0.022095
0 0.073102 0.647522 0.016460 0.020574
0 0.276261 0.516622 0.018014 0.024790
0 0.796548 0.215475 0.018118 0.023547
0 0.131119 0.232519 0.017164 0.023766
0 0.318113 0.058570 0.017967 0.020286
0 0.487051 0.063543 0.016004 0.020757
0 0.064732 0.201874 0.014791 0.020520
0 0.125096 0.170154 0.018432 0.022776
0 0.037716 0.979358 0.015309 0.018266
0 0.304002 0.036911 0.016947 0.019152
0 0.785583 0.653708 0.016126 0.020789
0 0.815084 0.868479 0.019064 0.023174
0 0.500807 0.875062 0.018103 0.021925
0 0.612097 0.614361 0.016584 0.020077
0 0.730456 0.535519 0.017883 0.023140
0 0.855038 0.100800 0.013553 0.018551
0 0.769757 0.946869 0.015220 0.019775
0 0.627238 0.075196 0.015038 0.019442
0 0.513746 0.965911 0.022707 0.027655
0 0.937515 0.889913 0.014051 0.019980
0 0.828934 0.286275 0.019670 0.022020
0 0.234343 0.935514 0.014535 0.019899
0 0.707874 0.157253 0.018500 0.024141
0 0.224655 0.197751 0.017105 0.022054
0 0.372175 0.637661 0.014990 0.014658
0 0.195901 0.873497 0.017505 0.022847
0 0.330271 0.039224 0.014007 0.018517
0 0.016675 0.135172 0.017888 0.023103
0 0.571558 0.933137 0.016362 0.019526
0 0.943685 0.969010 0.018826 0.021982
0 0.073046 0.807734 0.016175 0.019885
0 0.993092 0.237508 0.013816 0.022577
0 0.214748 0.226882 0.016596 0.020048
0 0.656155 0.121538 0.016763 0.022462
0 0.077912 0.930472 0.018450 0.022656
0 0.264911 0.896653 0.017096 0.020783
0 0.786896 0.746147 0.019700 0.024745
0 0.082175 0.340644 0.014707 0.020284
0 0.799203 0.959948 0.015719 0.019939
0 0.386873 0.084627 0.016240 0.020097
0 0.012186 0.388275 0.016388 0.020012
0 0.249558 0.467551 0.018545 0.024924
0 0.086337 0.304253 0.015629 0.020445
0 0.983130 0.673917 0.016946 0.022221
0 0.206301 0.927125 0.014013 0.017779
0 0.804564 0.619960 0.017796 0.021349
0 0.552057 0.598511 0.015200 0.019216
0 0.825193 0.524696 0.017177 0.022112
0 0.044860 0.502830 0.016554 0.020001
0 0.653466 0.682094 0.016167 0.020827
0 0.065310 0.045412 0.015868 0.023017
0 0.267936 0.279498 0.015207 0.017177
0 0.086714 0.844996 0.017999 0.022243
0 0.382237 0.653539 0.015279 0.018055
0 0.744200 0.114480 0.017334 0.021391
0 0.460180 0.791184 0.018462 0.022114
0 0.043519 0.072956 0.013669 0.020098
0 0.529562 0.434653 0.015880 0.020608
0 0.010531 0.466784 0.020271 0.022912
0 0.464703 0.338322 0.014427 0.019323
0 0.662233 0.604837 0.015150 0.016769
0 0.011695 0.082631 0.013683 0.017405
0 0.989928 0.624702 0.017992 0.022233
0 0.036421 0.902791 0.012701 0.015270
0 0.825187 0.040565 0.014923 0.015216
0 0.350858 0.507803 0.016069 0.021609
0 0.264988 0.699280 0.015065 0.015606
0 0.806319 0.405762 0.013056 0.014406
0 0.928846 0.823529 0.021091 0.021609
0 0.962491 0.510204 0.016069 0.019208
0 0.800795 0.055822 0.018078 0.020408
0 0.085717 0.168067 0.014061 0.021609
0 0.046548 0.145258 0.014061 0.014406
0 0.202720 0.692077 0.017073 0.015606
0 0.421663 0.757503 0.015065 0.019208
0 0.530130 0.842137 0.019082 0.018007
0 0.595913 0.655462 0.016069 0.014406
0 0.444762 0.028812 0.013056 0.021609
0 0.294114 0.098439 0.017073 0.019208
0 0.215274 0.451981 0.016069 0.018007
0 0.216781 0.962185 0.019082 0.022809
0 0.423671 0.041417 0.017073 0.022809
0 0.392035 0.044418 0.020086 0.021609
0 0.744553 0.920168 0.020086 0.015606
0 0.371949 0.973589 0.018078 0.016807
0 0.519584 0.299520 0.014061 0.018007