0 0.937812 0.889519 0.019369 0.024103
0 0.256586 0.748959 0.015888 0.021909
0 0.144558 0.291306 0.020478 0.025035
0 0.889015 0.880071 0.019199 0.021659
0 0.102989 0.876204 0.024685 0.029682
0 0.092733 0.306428 0.019625 0.023716
0 0.329699 0.859716 0.022271 0.023163
0 0.815036 0.881073 0.022039 0.027321
0 0.918730 0.898156 0.015663 0.019520
0 0.016148 0.658809 0.019662 0.023390
0 0.116365 0.286938 0.018207 0.023992
0 0.078546 0.485240 0.021018 0.025691
0 0.873805 0.903199 0.019095 0.022743
0 0.014793 0.400281 0.018611 0.023840
0 0.086035 0.334262 0.019470 0.020994
0 0.256029 0.560355 0.018155 0.024560
0 0.125673 0.242136 0.017742 0.021904
0 0.953651 0.835856 0.018695 0.022084
0 0.905910 0.290745 0.020070 0.025688
0 0.615919 0.201725 0.019649 0.023403
0 0.628246 0.532099 0.021141 0.027057
0 0.855414 0.973349 0.019848 0.023211
0 0.903896 0.526556 0.022831 0.027850
0 0.583740 0.706639 0.018028 0.022065
0 0.294710 0.403629 0.019487 0.022459
0 0.141855 0.907346 0.017884 0.023649
0 0.343589 0.220117 0.017077 0.019905
0 0.608132 0.053363 0.018814 0.026883
0 0.552753 0.706725 0.018701 0.018976
0 0.207461 0.291929 0.020362 0.024790
0 0.279395 0.745308 0.018904 0.026034
0 0.329032 0.345447 0.018034 0.022215
0 0.236986 0.889719 0.020878 0.024724
0 0.921335 0.445723 0.017462 0.022964
0 0.076172 0.394518 0.017698 0.022861
0 0.781014 0.587032 0.020419 0.025365
0 0.321646 0.163666 0.018333 0.022012
0 0.723179 0.383725 0.020184 0.023822
0 0.333378 0.249292 0.018431 0.023937
0 0.175537 0.901851 0.018418 0.022423
0 0.194783 0.886907 0.015849 0.020507
0 0.148162 0.745578 0.019050 0.022872
0 0.817467 0.126394 0.017679 0.020611
0 0.974165 0.800474 0.018673 0.021321
0 0.060260 0.424551 0.017408 0.020702
0 0.500075 0.217973 0.020379 0.022793
0 0.887415 0.639618 0.019645 0.023781
0 0.115356 0.513040 0.018812 0.023971
0 0.473862 0.901406 0.019771 0.025810
0 0.626821 0.794043 0.017747 0.022277
0 0.348909 0.305273 0.016821 0.019652
0 0.792098 0.244250 0.020519 0.023509
0 0.461041 0.324827 0.018980 0.021226
0 0.786503 0.386453 0.020962 0.020563
0 0.381950 0.243163 0.019640 0.024462
0 0.145396 0.687240 0.020318 0.024001
0 0.306362 0.088059 0.016071 0.019596
0 0.498180 0.154745 0.017846 0.023611
0 0.477360 0.051236 0.017581 0.021219
0 0.217777 0.758371 0.015954 0.019783
0 0.951205 0.689183 0.018301 0.021680
0 0.167498 0.528804 0.021530 0.024707
0 0.322544 0.272493 0.020271 0.022365
0 0.900578 0.428920 0.019719 0.024547
0 0.046232 0.186536 0.019471 0.024093
0 0.536122 0.416175 0.019356 0.023327
0 0.218923 0.021655 0.019181 0.024896
0 0.701193 0.809848 0.022548 0.025304
0 0.282367 0.583517 0.015626 0.019079
0 0.412519 0.733916 0.018100 0.023375
0 0.916283 0.122763 0.020784 0.025498
0 0.684494 0.290102 0.020012 0.023794
0 0.115904 0.315811 0.015697 0.019545
0 0.176313 0.233854 0.017721 0.021543
0 0.867754 0.266155 0.018103 0.021322
0 0.617290 0.607390 0.018980 0.022673
0 0.566123 0.543064 0.019207 0.021916
0 0.487364 0.485191 0.018262 0.021324
0 0.821289 0.094227 0.018329 0.022567
0 0.248759 0.232534 0.017679 0.022852
0 0.449778 0.985255 0.019034 0.020680
0 0.574810 0.068595 0.023438 0.025654
0 0.431609 0.210316 0.015294 0.020496
0 0.565954 0.157347 0.017628 0.022286
0 0.539534 0.091659 0.015693 0.019944
0 0.069092 0.151693 0.017143 0.021808
0 0.469309 0.543836 0.019937 0.023924
0 0.817985 0.326401 0.018573 0.021626
0 0.742273 0.169546 0.017323 0.020373
0 0.448680 0.682120 0.017891 0.023850
0 0.837917 0.630528 0.017433 0.021790
0 0.788422 0.215205 0.016534 0.020840
0 0.201505 0.139722 0.017991 0.021955
0 0.648503 0.122778 0.017821 0.023615
0 0.664658 0.016122 0.016773 0.020946
0 0.287329 0.106827 0.018169 0.021889
0 0.278239 0.230903 0.019028 0.025584
0 0.620157 0.156662 0.016770 0.021770
0 0.382502 0.324841 0.019972 0.021581
0 0.151464 0.190807 0.016434 0.020180
0 0.963627 0.391472 0.017852 0.021712
0 0.637892 0.854979 0.017777 0.023328
0 0.410663 0.343096 0.014693 0.018044
0 0.484229 0.261053 0.015512 0.020574
0 0.493186 0.240426 0.015677 0.017604
0 0.364477 0.111444 0.018186 0.026108
0 0.958441 0.629294 0.016499 0.019109
0 0.143890 0.954007 0.015945 0.020194