0 0.983293 0.650405 0.018442 0.024907
0 0.703436 0.272826 0.016785 0.023231
0 0.430215 0.742456 0.016531 0.019828
0 0.805786 0.558118 0.015952 0.020539
0 0.361382 0.823905 0.014987 0.018829
0 0.842718 0.847771 0.018280 0.023750
0 0.818341 0.862789 0.016851 0.020279
0 0.980613 0.957908 0.013865 0.017717
0 0.165047 0.022024 0.019051 0.021274
0 0.559196 0.512395 0.024248 0.031223
0 0.705599 0.848862 0.014625 0.016929
0 0.304359 0.579327 0.018526 0.021322
0 0.491724 0.526852 0.017102 0.022473
0 0.945117 0.328507 0.019564 0.022755
0 0.237524 0.670025 0.015755 0.019416
0 0.941987 0.101736 0.014575 0.018755
0 0.145171 0.113858 0.015829 0.018238
0 0.452456 0.859690 0.011824 0.015134
0 0.769464 0.658935 0.013028 0.017278
0 0.945685 0.455883 0.016516 0.019974
0 0.360123 0.468984 0.016011 0.018650
0 0.848797 0.960565 0.016018 0.019826
0 0.662410 0.578300 0.016336 0.021565
0 0.683721 0.287891 0.014051 0.018674
0 0.352633 0.302404 0.017696 0.022562
0 0.155209 0.492104 0.015983 0.019266
0 0.623057 0.943847 0.016015 0.020036
0 0.147082 0.172775 0.021260 0.026314
0 0.289901 0.805695 0.019320 0.021343
0 0.964221 0.939904 0.014316 0.016367
0 0.944074 0.295973 0.016494 0.020063
0 0.750424 0.788746 0.017263 0.019868
0 0.639705 0.576723 0.016423 0.022403
0 0.722426 0.250915 0.015730 0.020415
0 0.056058 0.120115 0.015428 0.019992
0 0.302106 0.873353 0.015603 0.020701
0 0.940140 0.723663 0.014450 0.017280
0 0.905336 0.730720 0.014682 0.019021
0 0.932398 0.878607 0.015318 0.019436
0 0.433386 0.247115 0.015221 0.020116
0 0.440836 0.199326 0.013535 0.018010
0 0.678850 0.961132 0.016912 0.021069
0 0.693007 0.714029 0.016049 0.019928
0 0.889623 0.770943 0.018273 0.023019
0 0.680444 0.645144 0.016353 0.020615
0 0.428559 0.838564 0.014023 0.017946
0 0.598262 0.057771 0.016329 0.021061
0 0.139346 0.739393 0.016403 0.020112
0 0.726101 0.975650 0.017648 0.021719
0 0.022889 0.166004 0.014286 0.017626
0 0.598146 0.182885 0.017386 0.021796
0 0.654253 0.343804 0.015199 0.018175
0 0.319301 0.551449 0.016185 0.020457
0 0.940134 0.811411 0.016359 0.020430
0 0.415945 0.855065 0.014205 0.018757
0 0.037397 0.805850 0.014765 0.019122
0 0.333971 0.238506 0.016152 0.019907
0 0.751635 0.867043 0.015560 0.020327
0 0.641063 0.977900 0.015543 0.018408
0 0.151764 0.521933 0.016464 0.019708
0 0.416362 0.551603 0.017180 0.021044
0 0.216324 0.452294 0.016159 0.018292
0 0.898287 0.681176 0.015161 0.019786
0 0.414434 0.091360 0.017644 0.021636
0 0.387375 0.842837 0.013997 0.018069
0 0.347770 0.810450 0.014366 0.019703
0 0.897904 0.466847 0.015895 0.018564
0 0.713983 0.869301 0.014672 0.018497
0 0.774066 0.569161 0.015736 0.018831
0 0.249922 0.386738 0.016360 0.019834
0 0.965822 0.540158 0.015451 0.019628
0 0.555640 0.317616 0.019960 0.023541
0 0.744999 0.284910 0.016960 0.022298
0 0.152290 0.444703 0.017148 0.021795
0 0.699280 0.762043 0.016534 0.020925
0 0.215099 0.840290 0.014805 0.018462
0 0.233007 0.313756 0.018793 0.023318
0 0.974967 0.463570 0.014762 0.016111
0 0.972741 0.486484 0.014307 0.021055
0 0.433333 0.433076 0.016743 0.020352
0 0.135616 0.359071 0.016418 0.020298
0 0.965842 0.973305 0.015441 0.018276
0 0.843763 0.940751 0.013804 0.016024
0 0.817620 0.795970 0.015216 0.017218
0 0.922212 0.745317 0.013997 0.017462
0 0.245102 0.518169 0.016990 0.021042
0 0.487495 0.461057 0.016613 0.020425
0 0.603266 0.860431 0.017536 0.021304
0 0.420257 0.467943 0.015328 0.019148
0 0.764895 0.296080 0.015333 0.021452
0 0.425021 0.152719 0.015887 0.020153
0 0.439227 0.616794 0.018397 0.020492
0 0.637576 0.360893 0.012648 0.016651
0 0.275282 0.194442 0.013250 0.017776
0 0.256989 0.318744 0.016495 0.019951
0 0.075830 0.243410 0.014245 0.020074
0 0.744272 0.980537 0.014183 0.016278
0 0.348236 0.543425 0.013658 0.016780
0 0.441742 0.581306 0.016739 0.019892
0 0.301588 0.053026 0.015829 0.018823
0 0.751084 0.962576 0.014144 0.019532
0 0.842411 0.570107 0.017178 0.021152
0 0.621368 0.057163 0.015234 0.020123
0 0.846265 0.463397 0.015536 0.022047
0 0.699093 0.249196 0.012061 0.013824
0 0.347066 0.105906 0.013928 0.017552
0 0.816360 0.334073 0.015671 0.020482
0 0.886827 0.091298 0.016967 0.017558
0 0.346379 0.730241 0.016257 0.020619
0 0.915800 0.456381 0.013028 0.019131
0 0.330131 0.291820 0.014772 0.019513
0 0.805692 0.179587 0.016896 0.019907
0 0.779028 0.458928 0.016159 0.021958
0 0.294744 0.126989 0.015343 0.019400
0 0.697185 0.057077 0.015002 0.018650
0 0.307170 0.102041 0.017073 0.016807