0 0.280414 0.384676 0.018163 0.023747
0 0.033556 0.932234 0.016080 0.021831
0 0.624912 0.944760 0.018649 0.024992
0 0.116070 0.488414 0.017684 0.021832
0 0.398385 0.543909 0.014735 0.019635
0 0.146023 0.650629 0.018374 0.021411
0 0.617204 0.629431 0.016295 0.021038
0 0.289421 0.914993 0.015658 0.019423
0 0.005310 0.675020 0.010620 0.019065
0 0.825079 0.265473 0.017832 0.022197
0 0.465598 0.024252 0.015268 0.020910
0 0.125610 0.180157 0.020426 0.026558
0 0.759866 0.809080 0.018796 0.023174
0 0.316755 0.849105 0.016878 0.019871
0 0.713706 0.193719 0.018204 0.023029
0 0.045552 0.506711 0.019464 0.018947
0 0.132798 0.229471 0.017388 0.022263
0 0.767651 0.951544 0.015624 0.020765
0 0.040554 0.170187 0.017794 0.021796
0 0.315447 0.079673 0.016396 0.020678
0 0.511424 0.228149 0.019761 0.023593
0 0.051707 0.908544 0.013378 0.017952
0 0.976960 0.290160 0.018691 0.023457
0 0.527226 0.906640 0.016972 0.021275
0 0.202298 0.952050 0.014670 0.018275
0 0.492359 0.020840 0.019748 0.022878
0 0.264938 0.240326 0.018063 0.022137
0 0.325874 0.821547 0.014944 0.018563
0 0.071610 0.805708 0.015656 0.019498
0 0.067113 0.529246 0.013850 0.019060
0 0.630543 0.177531 0.016309 0.021349
0 0.740784 0.538587 0.016740 0.020350
0 0.261987 0.031250 0.015381 0.018788
0 0.789397 0.764586 0.018770 0.021033
0 0.094388 0.671139 0.016269 0.019214
0 0.293753 0.545153 0.016933 0.022418
0 0.255356 0.961018 0.014952 0.021649
0 0.655086 0.680525 0.017149 0.020842
0 0.109981 0.215193 0.017918 0.020953
0 0.068173 0.933783 0.016923 0.023471
0 0.245609 0.468287 0.018846 0.023591
0 0.815811 0.870005 0.018596 0.023137
0 0.097166 0.388325 0.013558 0.017895
0 0.384727 0.086196 0.015070 0.020083
0 0.213923 0.408223 0.013895 0.016562
0 0.530314 0.433747 0.015938 0.022186
0 0.246570 0.055396 0.014754 0.016192
0 0.568112 0.945787 0.014558 0.018037
0 0.319247 0.517642 0.015186 0.017851
0 0.784036 0.654016 0.015917 0.020806
0 0.768836 0.162205 0.013798 0.019183
0 0.027647 0.151785 0.013800 0.018268
0 0.799734 0.956065 0.015762 0.020265
0 0.786985 0.118801 0.013532 0.016704
0 0.512925 0.963865 0.023151 0.026870
0 0.213794 0.224584 0.016909 0.021188
0 0.023646 0.206564 0.012112 0.015754
0 0.464394 0.336464 0.013425 0.016120
0 0.546625 0.853413 0.017046 0.022347
0 0.847162 0.927086 0.015768 0.019072
0 0.844219 0.309650 0.018838 0.020903
0 0.451475 0.258484 0.015827 0.020376
0 0.801094 0.626857 0.016511 0.021413
0 0.276720 0.636226 0.013312 0.015678
0 0.003215 0.186723 0.006430 0.016541
0 0.506797 0.092791 0.016850 0.019160
0 0.992522 0.703919 0.014526 0.017502
0 0.640065 0.121904 0.014167 0.019421
0 0.272035 0.059951 0.016215 0.018279
0 0.493720 0.306065 0.011812 0.015326
0 0.934148 0.888881 0.014300 0.020167
0 0.829823 0.072618 0.014991 0.017544
0 0.058100 0.426821 0.014985 0.018142
0 0.063280 0.044507 0.014568 0.020120
0 0.465119 0.677410 0.015700 0.019408
0 0.959460 0.686312 0.013398 0.016501
0 0.060376 0.984254 0.014272 0.017213
0 0.839302 0.873254 0.014784 0.019949
0 0.595432 0.610896 0.015578 0.019369
0 0.974721 0.065685 0.016467 0.020485
0 0.321409 0.352570 0.015167 0.017095
0 0.691826 0.950780 0.017073 0.019208
0 0.739531 0.924970 0.018078 0.018007
0 0.298633 0.048619 0.014061 0.018007
0 0.740033 0.156663 0.017073 0.018007
0 0.707895 0.037215 0.015065 0.021609
0 0.681280 0.165666 0.016069 0.019208
0 0.455810 0.066026 0.021091 0.021609
0 0.325248 0.105042 0.013056 0.013205
0 0.112331 0.549820 0.019082 0.019208
0 0.481922 0.794718 0.017073 0.019208
0 0.383498 0.648259 0.013056 0.016807
0 0.366425 0.638655 0.015065 0.016807
0 0.223309 0.927971 0.016069 0.016807
0 0.244902 0.938776 0.015065 0.016807
0 0.830422 0.554022 0.013056 0.020408
0 0.841972 0.531212 0.018078 0.015606
0 0.691324 0.662065 0.014061 0.018007
0 0.823392 0.691477 0.019082 0.019208
0 0.717938 0.897959 0.015065 0.016807
0 0.692328 0.899760 0.018078 0.020408
0 0.797782 0.056423 0.020086 0.024010