0 0.704512 0.273100 0.015145 0.020866
0 0.956153 0.815522 0.015897 0.020206
0 0.556458 0.527513 0.025850 0.035294
0 0.702014 0.737117 0.016875 0.021841
0 0.699541 0.764734 0.015332 0.019453
0 0.732934 0.985514 0.016829 0.018567
0 0.212414 0.323982 0.021912 0.028555
0 0.720928 0.255545 0.015648 0.021924
0 0.433115 0.753679 0.016374 0.021110
0 0.436392 0.434516 0.016377 0.020443
0 0.681657 0.123388 0.015735 0.019696
0 0.945426 0.457763 0.014655 0.018819
0 0.974839 0.779308 0.015408 0.019557
0 0.149736 0.443915 0.016802 0.022284
0 0.239144 0.316911 0.018562 0.024656
0 0.944412 0.334888 0.018402 0.022061
0 0.883410 0.956620 0.016258 0.021625
0 0.718212 0.755828 0.015304 0.021043
0 0.252964 0.685595 0.013292 0.019187
0 0.375060 0.950552 0.018951 0.023607
0 0.167128 0.021364 0.017233 0.021433
0 0.803872 0.738766 0.018602 0.022128
0 0.926786 0.772638 0.014891 0.018658
0 0.248766 0.388332 0.017445 0.020672
0 0.251785 0.659698 0.016725 0.018388
0 0.490433 0.461762 0.017729 0.022116
0 0.360210 0.827820 0.015652 0.019385
0 0.231255 0.368963 0.015754 0.021645
0 0.688951 0.713186 0.018819 0.021419
0 0.676566 0.678413 0.017528 0.019577
0 0.097318 0.373426 0.018742 0.022103
0 0.414243 0.090771 0.018502 0.022422
0 0.787114 0.544315 0.016718 0.020542
0 0.348844 0.810115 0.015395 0.019509
0 0.414361 0.553992 0.018176 0.023118
0 0.305981 0.580576 0.017556 0.020522
0 0.920191 0.353920 0.017593 0.021270
0 0.296835 0.990437 0.015593 0.015834
0 0.902838 0.773836 0.018432 0.023335
0 0.219218 0.451583 0.017366 0.021657
0 0.267255 0.682305 0.013966 0.020598
0 0.085207 0.252986 0.016386 0.020201
0 0.901267 0.470400 0.019809 0.021377
0 0.387398 0.844515 0.016435 0.021594
0 0.676636 0.961392 0.016405 0.020783
0 0.494132 0.429233 0.018694 0.022357
0 0.602024 0.730971 0.018364 0.020532
0 0.336733 0.291465 0.018138 0.021292
0 0.470854 0.964121 0.015354 0.018895
0 0.354318 0.032477 0.014637 0.017278
0 0.598469 0.187019 0.018382 0.021039
0 0.314318 0.555688 0.016752 0.020448
0 0.941933 0.804544 0.013683 0.018525
0 0.912212 0.263350 0.017369 0.021648
0 0.960031 0.689041 0.015763 0.019950
0 0.347814 0.439863 0.020595 0.024895
0 0.348748 0.544146 0.015281 0.019606
0 0.796115 0.822882 0.018200 0.023679
0 0.300560 0.047944 0.017228 0.021903
0 0.425255 0.467945 0.016297 0.018039
0 0.074872 0.175547 0.016363 0.020035
0 0.555493 0.319080 0.018789 0.023522
0 0.134647 0.363569 0.019650 0.023950
0 0.780329 0.458094 0.017776 0.024868
0 0.858715 0.960098 0.013995 0.018017
0 0.379515 0.664583 0.016993 0.021225
0 0.434553 0.245502 0.015295 0.019248
0 0.402522 0.235830 0.018624 0.024432
0 0.145972 0.113444 0.016143 0.019456
0 0.420043 0.876933 0.017344 0.029871
0 0.932631 0.878631 0.015045 0.018402
0 0.903715 0.731767 0.015500 0.019398
0 0.621077 0.061341 0.018601 0.022918
0 0.854792 0.981648 0.015163 0.017804
0 0.253524 0.525208 0.017379 0.021097
0 0.854232 0.570667 0.017989 0.021155
0 0.692486 0.056999 0.016137 0.020209
0 0.926524 0.716243 0.015066 0.016915
0 0.058634 0.360618 0.019622 0.022384
0 0.602542 0.860440 0.018001 0.022779
0 0.296312 0.130831 0.016701 0.021993
0 0.349631 0.735387 0.023166 0.022271
0 0.438625 0.619637 0.018476 0.022576
0 0.684240 0.286256 0.014889 0.019650
0 0.818313 0.505878 0.014782 0.019470
0 0.326089 0.106553 0.017866 0.021022
0 0.960392 0.968132 0.018074 0.027214
0 0.079623 0.282778 0.014456 0.016948
0 0.919923 0.830935 0.015176 0.017839
0 0.359501 0.474221 0.021356 0.028709
0 0.477419 0.303808 0.017000 0.020618
0 0.422513 0.368161 0.018944 0.022006
0 0.703382 0.565640 0.019083 0.023382
0 0.664488 0.119852 0.012608 0.018840
0 0.951888 0.309091 0.016926 0.020019
0 0.519154 0.742135 0.014741 0.018938
0 0.558736 0.981111 0.016037 0.019116
0 0.425306 0.149905 0.018343 0.020552
0 0.752454 0.653256 0.016128 0.020184
0 0.292257 0.562944 0.015428 0.020308
0 0.902734 0.165066 0.015065 0.015606
0 0.046548 0.390756 0.016069 0.018007
0 0.552727 0.439976 0.016069 0.018007
0 0.595913 0.388956 0.012052 0.021609
0 0.409109 0.317527 0.018078 0.020408
0 0.295620 0.284514 0.014061 0.016807