0 0.157442 0.930228 0.017070 0.021499
0 0.123579 0.910438 0.018206 0.022219
0 0.236849 0.554823 0.018921 0.023928
0 0.718777 0.350281 0.018677 0.023249
0 0.771673 0.210502 0.017490 0.019344
0 0.238375 0.741657 0.015135 0.021042
0 0.914531 0.885183 0.017504 0.021768
0 0.532504 0.539386 0.018020 0.022908
0 0.098453 0.305823 0.017256 0.022948
0 0.263851 0.739170 0.015980 0.020375
0 0.872025 0.874558 0.017084 0.020281
0 0.772303 0.114679 0.018854 0.023989
0 0.531464 0.108554 0.016948 0.020571
0 0.797492 0.874668 0.018877 0.023005
0 0.747693 0.329806 0.016581 0.020652
0 0.638162 0.304232 0.017042 0.020603
0 0.804460 0.665514 0.019240 0.024811
0 0.442817 0.314503 0.016647 0.020281
0 0.539646 0.732890 0.018027 0.025216
0 0.134812 0.933213 0.016647 0.020262
0 0.060800 0.347381 0.017230 0.022615
0 0.217193 0.378596 0.020750 0.025717
0 0.209758 0.743860 0.016442 0.020036
0 0.898709 0.394617 0.020657 0.023430
0 0.405856 0.308648 0.019639 0.024592
0 0.500398 0.039935 0.017617 0.021399
0 0.043996 0.417233 0.017117 0.021232
0 0.983940 0.301837 0.018061 0.023444
0 0.403396 0.399197 0.018721 0.023069
0 0.803236 0.843651 0.017129 0.019756
0 0.913356 0.627698 0.019884 0.023862
0 0.087821 0.506656 0.019356 0.023303
0 0.155820 0.889953 0.018375 0.024938
0 0.560191 0.237036 0.018017 0.022862
0 0.125817 0.284696 0.019909 0.025066
0 0.470730 0.139503 0.017344 0.022755
0 0.320163 0.267119 0.015537 0.020033
0 0.775598 0.236476 0.018783 0.022899
0 0.355200 0.847100 0.016629 0.021011
0 0.690262 0.406939 0.018303 0.023436
0 0.370942 0.095307 0.019277 0.021633
0 0.322245 0.389807 0.019041 0.022404
0 0.544380 0.656379 0.016123 0.019665
0 0.788297 0.470838 0.018710 0.021907
0 0.398731 0.209958 0.019629 0.022601
0 0.024016 0.256784 0.018410 0.021280
0 0.118028 0.200501 0.017598 0.021854
0 0.865460 0.634812 0.019402 0.022878
0 0.034668 0.813777 0.017646 0.023043
0 0.304636 0.153832 0.018121 0.021542
0 0.255482 0.474382 0.019482 0.023887
0 0.934337 0.221780 0.018424 0.024245
0 0.330788 0.296682 0.015374 0.020225
0 0.317435 0.240740 0.016454 0.018683
0 0.745434 0.102922 0.017643 0.022326
0 0.268951 0.576656 0.014742 0.019135
0 0.074451 0.304262 0.017919 0.023944
0 0.691514 0.318690 0.017393 0.020604
0 0.472308 0.482897 0.017172 0.021950
0 0.383354 0.923487 0.018963 0.024315
0 0.635839 0.057286 0.018409 0.023584
0 0.183933 0.819932 0.016075 0.020458
0 0.314507 0.850487 0.017949 0.025151
0 0.520438 0.412427 0.018447 0.021857
0 0.260085 0.046097 0.020046 0.025321
0 0.261181 0.857175 0.017961 0.021183
0 0.395533 0.506622 0.015884 0.020036
0 0.061639 0.202943 0.020897 0.026144
0 0.316766 0.207087 0.016247 0.019262
0 0.031556 0.180746 0.017802 0.022155
0 0.266382 0.189438 0.018942 0.022652
0 0.639362 0.506179 0.017911 0.021382
0 0.146293 0.838688 0.015970 0.019401
0 0.798062 0.088653 0.017504 0.017879
0 0.020813 0.222667 0.017372 0.022775
0 0.525616 0.694096 0.017791 0.020845
0 0.206357 0.158658 0.016132 0.019056
0 0.052075 0.170145 0.014414 0.019511
0 0.422540 0.692397 0.017655 0.021792
0 0.213909 0.858805 0.015402 0.018631
0 0.090755 0.866198 0.017878 0.022837
0 0.415515 0.973345 0.017104 0.020724
0 0.606196 0.154195 0.015879 0.020551
0 0.884300 0.420520 0.020257 0.023519
0 0.559051 0.153219 0.013886 0.017250
0 0.933242 0.681331 0.018911 0.022032
0 0.991393 0.244075 0.017080 0.020570
0 0.888070 0.286298 0.019415 0.021619
0 0.434769 0.674692 0.014346 0.018903
0 0.897490 0.111423 0.021090 0.026201
0 0.297127 0.266507 0.015065 0.019208
0 0.506528 0.717887 0.016069 0.019208
0 0.511550 0.740096 0.020086 0.020408