0 0.282870 0.386887 0.019708 0.023279
0 0.624317 0.664322 0.015498 0.019306
0 0.515278 0.968521 0.019600 0.026716
0 0.123774 0.165705 0.020018 0.024774
0 0.384642 0.648851 0.014611 0.019538
0 0.630867 0.946928 0.018764 0.025361
0 0.815043 0.264411 0.015396 0.022621
0 0.016035 0.124717 0.017419 0.021456
0 0.071878 0.919620 0.017156 0.020195
0 0.841711 0.540321 0.017725 0.022787
0 0.752417 0.865944 0.020066 0.023894
0 0.037831 0.935155 0.018082 0.022867
0 0.480895 0.891754 0.018078 0.022696
0 0.814280 0.071874 0.013425 0.017122
0 0.819889 0.869668 0.018696 0.021101
0 0.756359 0.050212 0.017527 0.021298
0 0.460957 0.133107 0.016924 0.022763
0 0.199584 0.657645 0.017004 0.024188
0 0.596360 0.667638 0.016795 0.022554
0 0.525029 0.609509 0.016465 0.019962
0 0.119755 0.491183 0.016111 0.021692
0 0.841931 0.047359 0.015297 0.018436
0 0.767096 0.960241 0.016786 0.021110
0 0.685127 0.695765 0.018172 0.023822
0 0.482716 0.131566 0.018517 0.026048
0 0.466370 0.936666 0.017190 0.020409
0 0.786305 0.656088 0.016310 0.020897
0 0.011243 0.503114 0.015904 0.018671
0 0.529879 0.066763 0.016749 0.020263
0 0.304086 0.825314 0.017150 0.021239
0 0.981421 0.718445 0.017607 0.023041
0 0.011417 0.658775 0.018279 0.021113
0 0.707520 0.548624 0.018343 0.022801
0 0.388612 0.087944 0.016065 0.020493
0 0.133604 0.233707 0.018533 0.021861
0 0.112794 0.536459 0.017053 0.020799
0 0.977537 0.870626 0.021011 0.024335
0 0.826142 0.897499 0.016100 0.020734
0 0.234916 0.501185 0.016251 0.023242
0 0.330573 0.819756 0.014945 0.018561
0 0.368933 0.640579 0.015155 0.020756
0 0.209517 0.947856 0.016736 0.020467
0 0.740355 0.951257 0.018190 0.020748
0 0.346009 0.863512 0.018876 0.021801
0 0.494688 0.595986 0.016361 0.020067
0 0.180710 0.259610 0.016134 0.019257
0 0.467118 0.678007 0.016300 0.021455
0 0.805687 0.637729 0.018085 0.022483
0 0.844550 0.969320 0.015294 0.020764
0 0.976185 0.242358 0.019687 0.022758
0 0.019095 0.058489 0.015500 0.018470
0 0.949412 0.511319 0.017057 0.021488
0 0.432528 0.120094 0.016921 0.020635
0 0.128317 0.137228 0.018012 0.020960
0 0.819483 0.968184 0.016897 0.022191
0 0.937186 0.889562 0.015200 0.019211
0 0.819813 0.038896 0.017267 0.021151
0 0.555096 0.040921 0.016314 0.019608
0 0.046091 0.072572 0.017850 0.020129
0 0.070127 0.035728 0.018572 0.022615
0 0.737788 0.190552 0.018185 0.022818
0 0.371318 0.817117 0.020063 0.024355
0 0.255251 0.516657 0.016649 0.021083
0 0.377849 0.040457 0.016425 0.018824
0 0.175931 0.979091 0.016353 0.017928
0 0.313623 0.042762 0.016679 0.022875
0 0.097974 0.481563 0.016498 0.021947
0 0.787371 0.266715 0.014600 0.018956
0 0.424581 0.043312 0.017011 0.020060
0 0.571324 0.676675 0.015470 0.019266
0 0.089997 0.849010 0.017613 0.022352
0 0.275135 0.454012 0.019548 0.023203
0 0.464565 0.866650 0.015243 0.016569
0 0.909824 0.138616 0.016659 0.019343
0 0.253617 0.951250 0.016204 0.020049
0 0.017986 0.893835 0.015618 0.017517
0 0.253476 0.471424 0.021112 0.023848
0 0.847834 0.512537 0.018859 0.023085
0 0.595123 0.352921 0.017623 0.023037
0 0.401648 0.011782 0.013834 0.019055
0 0.870385 0.631178 0.018464 0.021919
0 0.658748 0.683765 0.017033 0.021576
0 0.775494 0.828878 0.016549 0.018669
0 0.218556 0.230095 0.019012 0.023643
0 0.705746 0.583772 0.016605 0.020886
0 0.627807 0.077232 0.014111 0.017622
0 0.195473 0.925935 0.016575 0.021153
0 0.854658 0.671124 0.017847 0.020430
0 0.511394 0.290383 0.019250 0.024381
0 0.805299 0.986699 0.015666 0.019373
0 0.637579 0.370271 0.015453 0.020675
0 0.696669 0.024566 0.016521 0.018421
0 0.861399 0.910459 0.015931 0.019534
0 0.165612 0.913109 0.016664 0.021601
0 0.809493 0.407880 0.018824 0.020919
0 0.044543 0.903589 0.013059 0.017592
0 0.380914 0.422535 0.014021 0.017736
0 0.801840 0.765112 0.018032 0.020582
0 0.012915 0.094318 0.015108 0.019441
0 0.100713 0.785999 0.018259 0.021389
0 0.332938 0.047658 0.015894 0.021276
0 0.288686 0.017771 0.018775 0.021716
0 0.296468 0.098645 0.016555 0.021889
0 0.536427 0.437153 0.017290 0.023057
0 0.651104 0.058800 0.017734 0.021322
0 0.422869 0.659983 0.017052 0.020445
0 0.329060 0.100656 0.018816 0.022497
0 0.035492 0.591416 0.011805 0.018511
0 0.547767 0.339880 0.017098 0.020754
0 0.655118 0.599132 0.017959 0.020804
0 0.208606 0.321728 0.016509 0.020776
0 0.070996 0.077155 0.019683 0.022707
0 0.494273 0.543501 0.016966 0.021876
0 0.808237 0.711697 0.016620 0.019999
0 0.055946 0.723209 0.016570 0.019481
0 0.313035 0.016092 0.015020 0.020981
0 0.884650 0.098906 0.016360 0.020315
0 0.453288 0.261004 0.018667 0.022610
0 0.400852 0.672734 0.014923 0.017714
0 0.830420 0.577938 0.015352 0.018763
0 0.018527 0.480406 0.016677 0.021058
0 0.419186 0.507808 0.014191 0.016665
0 0.733691 0.245080 0.017534 0.020418
0 0.740754 0.514444 0.014952 0.019221
0 0.675757 0.137455 0.019082 0.020408
0 0.653661 0.531813 0.015065 0.019208
0 0.039518 0.684874 0.014061 0.013205
0 0.611982 0.114046 0.014061 0.019208
0 0.352867 0.041417 0.012052 0.015606
0 0.333784 0.020408 0.018078 0.019208
0 0.626545 0.773109 0.015065 0.019208
0 0.754094 0.563625 0.019082 0.020408
0 0.740033 0.588836 0.013056 0.015606
0 0.658683 0.831333 0.015065 0.018007
0 0.674752 0.807923 0.015065 0.019208