0 0.705764 0.272804 0.015106 0.021040
0 0.559308 0.529917 0.024082 0.032879
0 0.983461 0.647564 0.017957 0.022175
0 0.720025 0.724813 0.014084 0.019620
0 0.110741 0.276759 0.014037 0.018432
0 0.216931 0.322387 0.020360 0.026358
0 0.888203 0.816752 0.018447 0.022814
0 0.440476 0.400728 0.019643 0.023467
0 0.381345 0.469959 0.016650 0.022702
0 0.962824 0.316105 0.015409 0.021063
0 0.405809 0.231885 0.017500 0.023781
0 0.472137 0.030939 0.013927 0.017605
0 0.512536 0.466715 0.016182 0.021298
0 0.068285 0.393340 0.017452 0.023467
0 0.232549 0.368976 0.017310 0.022977
0 0.318773 0.557366 0.017739 0.023350
0 0.959977 0.691776 0.018656 0.021427
0 0.979236 0.480322 0.014858 0.021425
0 0.293840 0.562118 0.015449 0.022251
0 0.439588 0.621670 0.016205 0.022254
0 0.962048 0.966241 0.017869 0.025274
0 0.427168 0.468757 0.015051 0.018588
0 0.312554 0.746998 0.016598 0.019568
0 0.364494 0.752822 0.019385 0.021591
0 0.239813 0.315833 0.018805 0.025218
0 0.250895 0.389024 0.016910 0.020406
0 0.466475 0.480564 0.014981 0.019284
0 0.339128 0.289622 0.016588 0.020388
0 0.146173 0.389971 0.017344 0.019684
0 0.794799 0.823779 0.022380 0.026115
0 0.146250 0.113270 0.016207 0.019869
0 0.903520 0.775496 0.017634 0.022123
0 0.701443 0.765714 0.016037 0.020147
0 0.421064 0.549430 0.018197 0.025068
0 0.150807 0.445364 0.016260 0.021528
0 0.450069 0.470096 0.013841 0.016638
0 0.600139 0.187534 0.016973 0.021297
0 0.723204 0.255621 0.015520 0.021084
0 0.028296 0.540367 0.019426 0.023423
0 0.956586 0.504174 0.021782 0.023614
0 0.418884 0.894006 0.017947 0.023430
0 0.254977 0.526301 0.018336 0.022698
0 0.562903 0.321708 0.019613 0.023930
0 0.434730 0.754363 0.016893 0.020415
0 0.217818 0.452530 0.018099 0.021371
0 0.307266 0.580281 0.016993 0.020026
0 0.702875 0.739813 0.016224 0.020665
0 0.107019 0.200071 0.016851 0.019833
0 0.302499 0.050921 0.018392 0.021510
0 0.685614 0.287332 0.015340 0.020725
0 0.926898 0.774226 0.015959 0.019268
0 0.426989 0.153920 0.018653 0.021971
0 0.382196 0.664274 0.017459 0.020743
0 0.945867 0.333119 0.017912 0.021039
0 0.946824 0.457606 0.015542 0.019453
0 0.549889 0.444138 0.014820 0.017772
0 0.781368 0.456017 0.018399 0.023239
0 0.676784 0.965850 0.015986 0.019746
0 0.856446 0.572944 0.018185 0.021312
0 0.349040 0.545308 0.016056 0.020024
0 0.690535 0.714181 0.018227 0.021275
0 0.904417 0.731432 0.017039 0.018718
0 0.361702 0.469990 0.015456 0.019442
0 0.413913 0.090239 0.020533 0.027089
0 0.769625 0.616480 0.019285 0.023119
0 0.435344 0.245444 0.015243 0.019362
0 0.754957 0.651843 0.016158 0.020943
0 0.604295 0.861018 0.017806 0.022125
0 0.135630 0.367086 0.020618 0.021327
0 0.298843 0.287945 0.016970 0.022224
0 0.261721 0.665261 0.017177 0.025029
0 0.905691 0.168643 0.015898 0.019940
0 0.475143 0.303333 0.016952 0.020480
0 0.422710 0.051269 0.014275 0.016539
0 0.793679 0.563202 0.016076 0.021453
0 0.328284 0.111407 0.018032 0.021663
0 0.294083 0.131149 0.017498 0.021271
0 0.089495 0.276509 0.013258 0.017950
0 0.683792 0.124219 0.015945 0.019645
0 0.219260 0.726524 0.016669 0.021608
0 0.679613 0.815483 0.016869 0.022707
0 0.520227 0.744042 0.014977 0.019759
0 0.048328 0.384237 0.016063 0.020473
0 0.936819 0.441988 0.015004 0.017255
0 0.164744 0.709147 0.018553 0.019548
0 0.671312 0.447269 0.014347 0.018994
0 0.359231 0.925505 0.018259 0.021525
0 0.491258 0.461524 0.014651 0.020131
0 0.390778 0.844430 0.017935 0.021464
0 0.938462 0.569113 0.016340 0.018708
0 0.956217 0.288531 0.016623 0.019688
0 0.968076 0.455623 0.015529 0.019762
0 0.560211 0.981281 0.016448 0.018837
0 0.255998 0.056587 0.014873 0.018465
0 0.535299 0.534911 0.014307 0.018794
0 0.267670 0.117063 0.016599 0.021246
0 0.355110 0.484572 0.014079 0.015611
0 0.156202 0.134132 0.013861 0.015458
0 0.167067 0.024010 0.014061 0.016807
0 0.350356 0.809124 0.013056 0.016807
0 0.360901 0.827731 0.012052 0.013205
0 0.733505 0.779712 0.014061 0.020408
0 0.624034 0.063625 0.020086 0.021609
0 0.444762 0.345738 0.019082 0.021609