0 0.557651 0.518041 0.022133 0.029596
0 0.163953 0.011672 0.019040 0.020341
0 0.212569 0.312733 0.021116 0.024653
0 0.208225 0.342414 0.018000 0.020683
0 0.438346 0.500040 0.018547 0.022700
0 0.544326 0.484219 0.017340 0.022344
0 0.700257 0.264494 0.018149 0.023393
0 0.678950 0.246431 0.017275 0.020962
0 0.420874 0.543821 0.019312 0.023172
0 0.674934 0.281981 0.016758 0.021945
0 0.983042 0.645595 0.019039 0.023800
0 0.398751 0.422987 0.018556 0.025366
0 0.248515 0.377318 0.016731 0.021260
0 0.376074 0.117621 0.017659 0.023375
0 0.420679 0.842612 0.017934 0.021978
0 0.904463 0.768307 0.021523 0.025367
0 0.447349 0.562812 0.018643 0.023186
0 0.421556 0.069071 0.015639 0.019100
0 0.606169 0.851924 0.020893 0.024765
0 0.249689 0.515941 0.018553 0.022244
0 0.436000 0.740757 0.017386 0.021336
0 0.272082 0.661145 0.016777 0.020528
0 0.679750 0.114607 0.018325 0.021974
0 0.359425 0.472140 0.017025 0.021746
0 0.685828 0.704975 0.019173 0.024359
0 0.849024 0.562129 0.021944 0.028715
0 0.911382 0.341655 0.019054 0.022065
0 0.229903 0.363086 0.016064 0.020469
0 0.252516 0.644236 0.018255 0.026074
0 0.491242 0.059991 0.016893 0.020856
0 0.102108 0.472987 0.018009 0.021212
0 0.727845 0.248632 0.018449 0.025597
0 0.213194 0.445606 0.016913 0.020601
0 0.444894 0.606775 0.018881 0.021946
0 0.919609 0.943838 0.019243 0.025253
0 0.992449 0.770548 0.015102 0.024909
0 0.492005 0.299834 0.018596 0.022459
0 0.420355 0.144340 0.017229 0.021566
0 0.402219 0.122662 0.018633 0.022963
0 0.478574 0.924391 0.018891 0.025096
0 0.506605 0.113481 0.016065 0.020694
0 0.700085 0.046194 0.019389 0.022447
0 0.979281 0.854149 0.019977 0.023018
0 0.487113 0.967027 0.018629 0.021469
0 0.793392 0.821495 0.022549 0.025222
0 0.943258 0.445832 0.020332 0.023732
0 0.773992 0.791716 0.019946 0.022486
0 0.146009 0.437537 0.016731 0.021487
0 0.126953 0.229445 0.017132 0.024196
0 0.138951 0.357184 0.017534 0.021385
0 0.383664 0.012554 0.016754 0.019530
0 0.531501 0.528657 0.015676 0.020859
0 0.140805 0.104620 0.017583 0.022443
0 0.473918 0.883150 0.019602 0.023201
0 0.284136 0.155146 0.017168 0.022291
0 0.334404 0.279350 0.016140 0.020222
0 0.756593 0.638696 0.020508 0.021645
0 0.901586 0.717942 0.019892 0.023187
0 0.849087 0.663742 0.019229 0.022070
0 0.788577 0.948561 0.019629 0.023770
0 0.624272 0.058251 0.018822 0.023579
0 0.295986 0.281487 0.016278 0.022702
0 0.226286 0.419702 0.017486 0.021249
0 0.888771 0.683358 0.018767 0.021967
0 0.780588 0.704377 0.017238 0.019024
0 0.269481 0.789698 0.014848 0.018523
0 0.695283 0.757105 0.019973 0.023913
0 0.344878 0.803832 0.017421 0.020967
0 0.957878 0.956704 0.018994 0.024601
0 0.776872 0.449144 0.019793 0.024907
0 0.375558 0.655205 0.017950 0.021740
0 0.546829 0.308548 0.018612 0.023585
0 0.547212 0.432897 0.016690 0.019606
0 0.153262 0.326719 0.014674 0.017872
0 0.322700 0.554037 0.018786 0.023380
0 0.430430 0.240626 0.017710 0.020556
0 0.909472 0.166241 0.017684 0.021916
0 0.600901 0.175548 0.018458 0.023158
0 0.386995 0.605091 0.016348 0.020048
0 0.032348 0.529137 0.017635 0.021690
0 0.423223 0.452437 0.016661 0.020314
0 0.575168 0.119305 0.016257 0.021327
0 0.684787 0.950622 0.018650 0.022196
0 0.760516 0.080361 0.015503 0.019715
0 0.129788 0.401816 0.018077 0.023754
0 0.513776 0.733571 0.016552 0.020447
0 0.052277 0.376096 0.018187 0.019752
0 0.385099 0.239948 0.016818 0.021772
0 0.310435 0.875784 0.020328 0.023311
0 0.217529 0.715265 0.015478 0.018855
0 0.314470 0.101447 0.017678 0.023886
0 0.196318 0.904764 0.018817 0.021903
0 0.055997 0.415248 0.017909 0.020193
0 0.282727 0.129981 0.015883 0.018707
0 0.562268 0.489196 0.015065 0.018007
0 0.579342 0.477191 0.017073 0.022809