0 0.123275 0.162938 0.019496 0.025088
0 0.631305 0.948170 0.019496 0.024427
0 0.282574 0.385946 0.018720 0.023042
0 0.070256 0.040137 0.019346 0.021673
0 0.118120 0.490569 0.016468 0.020976
0 0.383820 0.647734 0.016254 0.020129
0 0.478144 0.911366 0.016609 0.020121
0 0.839947 0.537771 0.017440 0.020495
0 0.010109 0.660378 0.016674 0.020048
0 0.130230 0.234197 0.017089 0.022425
0 0.750012 0.182669 0.018621 0.022585
0 0.536930 0.590219 0.017219 0.019610
0 0.481947 0.131651 0.020119 0.024910
0 0.758103 0.945714 0.016890 0.020314
0 0.569776 0.048593 0.015239 0.019343
0 0.045102 0.499980 0.016797 0.020528
0 0.748618 0.854481 0.019082 0.023151
0 0.208950 0.980322 0.015405 0.018406
0 0.190646 0.249489 0.015371 0.019346
0 0.817239 0.869272 0.017973 0.022750
0 0.466007 0.679071 0.016880 0.022620
0 0.011313 0.090761 0.016846 0.019181
0 0.076940 0.920124 0.017809 0.021189
0 0.448298 0.018897 0.016874 0.019147
0 0.036233 0.935084 0.016290 0.022810
0 0.810277 0.266405 0.018114 0.021707
0 0.514901 0.967764 0.019907 0.026722
0 0.825567 0.574370 0.015044 0.018328
0 0.752515 0.050991 0.017219 0.020406
0 0.070557 0.076088 0.018519 0.024683
0 0.376871 0.803764 0.021462 0.023629
0 0.387263 0.089473 0.015662 0.020852
0 0.430815 0.113713 0.017105 0.020625
0 0.256309 0.959419 0.016200 0.020223
0 0.616880 0.655192 0.016824 0.020719
0 0.659752 0.679161 0.017353 0.021460
0 0.779155 0.799056 0.015912 0.019865
0 0.363147 0.851663 0.020200 0.022723
0 0.808921 0.702384 0.015619 0.019877
0 0.209618 0.934353 0.017196 0.019523
0 0.716407 0.538559 0.017811 0.021956
0 0.322389 0.103357 0.019207 0.023022
0 0.977817 0.710613 0.019607 0.023002
0 0.589339 0.665017 0.015986 0.023504
0 0.305985 0.825595 0.018005 0.022011
0 0.854046 0.898206 0.016405 0.021380
0 0.976173 0.242493 0.020327 0.023015
0 0.253780 0.472618 0.020033 0.024206
0 0.511417 0.591211 0.015155 0.020784
0 0.133425 0.131069 0.017491 0.021676
0 0.805917 0.631095 0.018150 0.021550
0 0.490428 0.874022 0.017936 0.022426
0 0.688409 0.694100 0.017145 0.022140
0 0.807246 0.405846 0.016798 0.021393
0 0.679772 0.141005 0.018881 0.024804
0 0.286785 0.018625 0.015539 0.023038
0 0.647385 0.061280 0.017554 0.024219
0 0.805044 0.766489 0.018694 0.021140
0 0.234723 0.500158 0.020053 0.022730
0 0.308980 0.011350 0.013630 0.019404
0 0.019683 0.059396 0.016834 0.019524
0 0.047770 0.071009 0.017261 0.021064
0 0.732947 0.973365 0.016691 0.019110
0 0.521090 0.295436 0.018285 0.024136
0 0.548760 0.074843 0.015935 0.020087
0 0.787119 0.655429 0.016022 0.020309
0 0.933358 0.895101 0.015226 0.018442
0 0.970489 0.875328 0.019124 0.025119
0 0.951010 0.508987 0.015372 0.019360
0 0.648562 0.362999 0.016996 0.020172
0 0.532653 0.435994 0.017075 0.020166
0 0.131259 0.756628 0.018064 0.021586
0 0.852317 0.515031 0.017315 0.023660
0 0.819273 0.898279 0.017316 0.021999
0 0.187282 0.971117 0.018049 0.022076
0 0.555213 0.333418 0.016721 0.020306
0 0.728983 0.942081 0.016176 0.018003
0 0.882268 0.102603 0.016724 0.021337
0 0.222521 0.642233 0.016190 0.021518
0 0.750458 0.566728 0.018666 0.022492
0 0.659079 0.826964 0.016832 0.021499
0 0.265175 0.509161 0.016405 0.022350
0 0.217480 0.229723 0.017122 0.020971
0 0.427617 0.511816 0.015049 0.017040
0 0.037509 0.472150 0.015925 0.018970
0 0.908925 0.137135 0.015210 0.019951
0 0.329173 0.045879 0.013956 0.017970
0 0.369076 0.640501 0.013962 0.019434
0 0.110956 0.543127 0.016792 0.022260
0 0.311499 0.036422 0.016481 0.021607
0 0.328015 0.809443 0.015068 0.019851
0 0.452497 0.262778 0.017379 0.020817
0 0.564990 0.668541 0.015545 0.021168
0 0.051966 0.433778 0.019426 0.024458
0 0.660662 0.607006 0.014515 0.024838
0 0.208595 0.904313 0.016255 0.024729
0 0.841035 0.948109 0.016122 0.019150
0 0.031682 0.131760 0.016543 0.020648
0 0.400836 0.668313 0.014940 0.019319
0 0.205439 0.323062 0.015952 0.017891
0 0.273147 0.454465 0.019009 0.022953
0 0.502460 0.718264 0.012449 0.015534
0 0.083014 0.697131 0.016945 0.019307
0 0.177110 0.893758 0.014061 0.018007
0 0.086721 0.849940 0.016069 0.019208
0 0.013405 0.898559 0.016069 0.015606
0 0.099777 0.474790 0.014061 0.018007
0 0.372451 0.043818 0.013056 0.015606
0 0.334287 0.016206 0.015065 0.018007
0 0.347343 0.043818 0.015065 0.018007
0 0.418148 0.042017 0.016069 0.019208
0 0.397057 0.019208 0.014061 0.016807
0 0.423671 0.012005 0.015065 0.021609
0 0.296625 0.102041 0.014061 0.012005
0 0.052072 0.111044 0.017073 0.018007
0 0.701869 0.588235 0.015065 0.016807
0 0.821886 0.013205 0.014061 0.016807
0 0.814855 0.051020 0.014061 0.015606
0 0.610476 0.113445 0.019082 0.018007
0 0.461836 0.139256 0.015065 0.019208
0 0.605454 0.352941 0.015065 0.016807
0 0.419152 0.661465 0.016069 0.019208