0 0.912300 0.882652 0.016977 0.021213
0 0.249383 0.758503 0.017862 0.021736
0 0.952301 0.643247 0.016399 0.021341
0 0.806051 0.017055 0.021444 0.025626
0 0.224062 0.052392 0.017349 0.022153
0 0.793932 0.842623 0.019209 0.021590
0 0.484537 0.033691 0.017643 0.021508
0 0.881654 0.869105 0.016700 0.021740
0 0.034939 0.816356 0.017447 0.022770
0 0.091262 0.333944 0.014617 0.018648
0 0.087862 0.501730 0.019634 0.024199
0 0.768063 0.888100 0.017377 0.020806
0 0.051231 0.919624 0.019603 0.026307
0 0.236729 0.741413 0.015414 0.019157
0 0.811441 0.096569 0.017554 0.021950
0 0.955839 0.753292 0.016922 0.021124
0 0.225557 0.462149 0.019722 0.024062
0 0.248183 0.458415 0.014715 0.019850
0 0.052978 0.832217 0.016162 0.019870
0 0.982662 0.290280 0.018424 0.024313
0 0.667520 0.174147 0.019881 0.021234
0 0.156588 0.898770 0.018937 0.025335
0 0.213082 0.872877 0.025976 0.029505
0 0.128544 0.909323 0.016923 0.020793
0 0.051224 0.414580 0.016941 0.021689
0 0.212170 0.840940 0.021179 0.020953
0 0.119179 0.054776 0.016992 0.019801
0 0.018713 0.331864 0.016122 0.019395
0 0.232644 0.552745 0.018221 0.023214
0 0.214155 0.731611 0.015834 0.023409
0 0.151498 0.042840 0.018951 0.024067
0 0.129056 0.798322 0.014969 0.019177
0 0.764916 0.681221 0.015625 0.020093
0 0.096967 0.011187 0.013095 0.018086
0 0.605822 0.448193 0.015993 0.021107
0 0.282347 0.337641 0.016696 0.020083
0 0.413290 0.698863 0.017027 0.019792
0 0.425297 0.626075 0.017616 0.022464
0 0.145671 0.623687 0.014528 0.018779
0 0.242952 0.075605 0.018071 0.022675
0 0.373774 0.384140 0.015247 0.020232
0 0.247688 0.784585 0.015891 0.020106
0 0.113779 0.581503 0.017206 0.019334
0 0.310918 0.291712 0.016411 0.019481
0 0.065173 0.111430 0.018377 0.022239
0 0.343746 0.308942 0.015907 0.020210
0 0.821886 0.978391 0.016069 0.019208
0 0.055085 0.358343 0.019082 0.022809
0 0.024955 0.177071 0.019082 0.018007
0 0.028470 0.067827 0.016069 0.015606
0 0.227326 0.216086 0.016069 0.019208
0 0.290096 0.310924 0.013056 0.014406
0 0.378477 0.312125 0.015065 0.019208
0 0.382494 0.289916 0.015065 0.013205
0 0.337802 0.255702 0.014061 0.014406
0 0.314200 0.241297 0.015065 0.016807
0 0.300642 0.265306 0.016069 0.014406
0 0.398563 0.372749 0.011048 0.013205
0 0.779202 0.205882 0.017073 0.020408
0 0.778198 0.236495 0.017073 0.019208
0 0.891686 0.166267 0.017073 0.015606
0 0.886664 0.126651 0.019082 0.020408
0 0.820881 0.054022 0.018078 0.014406
0 0.718440 0.040216 0.014061 0.015606
0 0.601939 0.086435 0.014061 0.014406
0 0.647636 0.152461 0.015065 0.019208
0 0.401074 0.031813 0.016069 0.020408
0 0.349854 0.456783 0.018078 0.020408
0 0.287586 0.398559 0.020086 0.019208
0 0.325248 0.371549 0.015065 0.018007
0 0.088730 0.725090 0.012052 0.016807
0 0.113838 0.762905 0.014061 0.015606
0 0.086219 0.952581 0.015065 0.020408
0 0.518580 0.675870 0.016069 0.014406
0 0.538164 0.444778 0.017073 0.022809
0 0.524606 0.409364 0.016069 0.019208
0 0.504519 0.226891 0.018078 0.019208
0 0.563272 0.261104 0.015065 0.015606
0 0.803808 0.313926 0.014061 0.015606
0 0.839461 0.324130 0.013056 0.021609
0 0.886162 0.424370 0.012052 0.020408
0 0.867582 0.624250 0.017073 0.016807
0 0.783721 0.812725 0.018078 0.019208
0 0.300140 0.148860 0.017073 0.016807
0 0.304157 0.421969 0.015065 0.013205
0 0.429697 0.660864 0.017073 0.018007
0 0.542684 0.656062 0.018078 0.018007
0 0.268503 0.740096 0.014061 0.015606
0 0.677263 0.222089 0.014061 0.016807
0 0.639601 0.299520 0.015065 0.018007
0 0.604952 0.151261 0.014061 0.016807
0 0.555238 0.145858 0.017073 0.018007
0 0.423169 0.037815 0.014061 0.015606
0 0.039518 0.027611 0.014061 0.014406