0 0.457872 0.033222 0.015396 0.019869
0 0.506165 0.099331 0.016936 0.020859
0 0.741440 0.579689 0.016809 0.022307
0 0.424585 0.666869 0.015797 0.020925
0 0.532562 0.974947 0.022063 0.027528
0 0.761625 0.038623 0.019450 0.022310
0 0.516526 0.792415 0.016476 0.021510
0 0.406680 0.655969 0.014218 0.020195
0 0.679923 0.614488 0.017502 0.022056
0 0.362483 0.800968 0.016912 0.020545
0 0.506603 0.613282 0.017965 0.019872
0 0.287484 0.453631 0.016669 0.022340
0 0.432953 0.026549 0.017255 0.022147
0 0.395384 0.011295 0.017263 0.017291
0 0.356911 0.032597 0.015980 0.018623
0 0.343671 0.088811 0.024265 0.018630
0 0.251680 0.809875 0.019369 0.023968
0 0.779670 0.059967 0.018364 0.022607
0 0.929647 0.990630 0.016016 0.016344
0 0.514241 0.396269 0.017823 0.024193
0 0.157295 0.686859 0.016590 0.021294
0 0.145537 0.051851 0.017749 0.022120
0 0.504728 0.230078 0.018559 0.021679
0 0.935470 0.732087 0.017919 0.021088
0 0.459301 0.825075 0.018995 0.024426
0 0.377832 0.977319 0.014439 0.016339
0 0.269655 0.470927 0.018996 0.023440
0 0.483756 0.112504 0.019586 0.024234
0 0.798147 0.367750 0.017899 0.022802
0 0.826793 0.891450 0.018565 0.023108
0 0.084031 0.050498 0.018670 0.023366
0 0.217193 0.173882 0.017674 0.022010
0 0.890610 0.582471 0.018440 0.022912
0 0.469135 0.013712 0.016678 0.019834
0 0.239560 0.237497 0.018058 0.021417
0 0.903987 0.704651 0.017665 0.021452
0 0.823438 0.409130 0.018621 0.021970
0 0.481413 0.149691 0.017750 0.021237
0 0.611524 0.424618 0.018872 0.024160
0 0.387245 0.650911 0.014700 0.017958
0 0.795494 0.089801 0.019978 0.023852
0 0.113267 0.014181 0.019012 0.022084
0 0.860121 0.234852 0.019484 0.026226
0 0.547099 0.442316 0.017014 0.021834
0 0.541668 0.930326 0.018489 0.021792
0 0.136079 0.498522 0.016789 0.022690
0 0.482760 0.732388 0.018126 0.022572
0 0.302094 0.262989 0.016566 0.020928
0 0.768589 0.576355 0.018353 0.021322
0 0.969378 0.692121 0.017841 0.022023
0 0.850428 0.894326 0.015652 0.019438
0 0.323779 0.249410 0.018153 0.023202
0 0.711686 0.357542 0.017321 0.022918
0 0.655246 0.676775 0.017538 0.020468
0 0.301282 0.392283 0.019183 0.022872
0 0.345297 0.052124 0.013916 0.017519
0 0.577079 0.806159 0.018859 0.022579
0 0.943952 0.827830 0.017361 0.020012
0 0.942269 0.700295 0.016816 0.021007
0 0.473610 0.602219 0.017600 0.019800
0 0.928848 0.077750 0.018352 0.021904
0 0.599306 0.126526 0.018041 0.021608
0 0.436629 0.476683 0.018541 0.024418
0 0.818667 0.436781 0.017043 0.023455
0 0.404579 0.099937 0.017948 0.021953
0 0.804258 0.661732 0.018636 0.022089
0 0.096783 0.831805 0.018990 0.022138
0 0.631605 0.082711 0.020993 0.024327
0 0.111031 0.860429 0.015666 0.020976
0 0.685812 0.963486 0.017335 0.020420
0 0.809965 0.692666 0.017702 0.021192
0 0.675788 0.265912 0.018090 0.022298
0 0.815996 0.227270 0.015525 0.018728
0 0.050599 0.677863 0.018563 0.021032
0 0.700162 0.585391 0.015925 0.019673
0 0.868366 0.680055 0.017848 0.022933
0 0.103131 0.910051 0.018048 0.023537
0 0.937420 0.439936 0.017860 0.023717
0 0.302651 0.034063 0.017253 0.021889
0 0.182535 0.691822 0.017435 0.023644
0 0.356386 0.198138 0.015580 0.019938
0 0.723398 0.588619 0.015335 0.020484
0 0.261400 0.560487 0.018054 0.020863
0 0.109782 0.299056 0.017591 0.021114
0 0.823929 0.742809 0.017228 0.021393
0 0.490951 0.792767 0.017838 0.021966
0 0.156353 0.542010 0.021066 0.023829
0 0.020795 0.406183 0.016672 0.019826
0 0.225051 0.329232 0.017654 0.020687
0 0.965888 0.119536 0.019617 0.021727
0 0.824077 0.252201 0.021755 0.023903
0 0.455753 0.395257 0.017061 0.022381
0 0.219590 0.508287 0.015599 0.020600
0 0.659872 0.622525 0.016301 0.020414
0 0.324168 0.838780 0.016487 0.021445
0 0.802163 0.292004 0.015583 0.019291
0 0.590925 0.635555 0.019006 0.023283
0 0.042989 0.649622 0.016649 0.019381
0 0.148431 0.629120 0.016939 0.020403
0 0.756347 0.598314 0.016227 0.019169
0 0.113705 0.677734 0.018584 0.022189
0 0.687136 0.873357 0.017643 0.021755
0 0.359957 0.948369 0.015836 0.018361
0 0.158401 0.073050 0.016901 0.020946
0 0.497115 0.260585 0.016250 0.020053
0 0.917409 0.278491 0.018523 0.022864
0 0.360593 0.715173 0.016063 0.019432
0 0.263865 0.895427 0.015702 0.019900
0 0.247245 0.917178 0.017569 0.022244
0 0.843403 0.579319 0.018599 0.022215
0 0.622706 0.299653 0.019354 0.024043
0 0.762172 0.833901 0.016627 0.019210
0 0.355398 0.969783 0.014961 0.017964
0 0.349279 0.114287 0.019435 0.022196
0 0.152966 0.240545 0.017229 0.021470
0 0.054250 0.942674 0.017332 0.022867
0 0.442183 0.962687 0.014953 0.018652
0 0.525518 0.644734 0.017495 0.020687
0 0.730238 0.432205 0.017630 0.020111
0 0.427413 0.214844 0.016211 0.020397
0 0.381622 0.821117 0.015666 0.019270
0 0.380812 0.955640 0.014672 0.018024
0 0.840927 0.973874 0.017789 0.019298
0 0.021561 0.626383 0.016585 0.020657
0 0.089483 0.435435 0.018423 0.020358
0 0.214518 0.840728 0.017399 0.023393
0 0.056502 0.233310 0.017174 0.021506
0 0.287085 0.804327 0.014455 0.016739
0 0.772429 0.637515 0.014837 0.018111
0 0.475717 0.056713 0.014684 0.018640
0 0.547811 0.769755 0.017595 0.019202
0 0.595764 0.206146 0.014892 0.017382
0 0.052854 0.011475 0.014651 0.018818
0 0.683490 0.662403 0.013015 0.016140
0 0.412574 0.811957 0.015795 0.018001
0 0.981933 0.322729 0.012877 0.016933
0 0.057652 0.416184 0.012556 0.015593
0 0.415951 0.744930 0.012988 0.014691
0 0.417645 0.007803 0.013056 0.015606
0 0.028972 0.987395 0.015065 0.015606