0 0.927184 0.773302 0.014356 0.017598
0 0.704026 0.273427 0.015883 0.021119
0 0.210471 0.321376 0.020556 0.026341
0 0.558221 0.522506 0.026138 0.035921
0 0.305238 0.580486 0.018384 0.021223
0 0.723392 0.725946 0.016332 0.020136
0 0.719256 0.256432 0.015178 0.020621
0 0.817990 0.987021 0.015162 0.017968
0 0.433647 0.754263 0.015981 0.020207
0 0.945681 0.336492 0.019554 0.021718
0 0.166037 0.022603 0.017529 0.021303
0 0.230487 0.369096 0.016187 0.020293
0 0.762452 0.912235 0.013827 0.017740
0 0.919085 0.746763 0.013839 0.015369
0 0.902433 0.775637 0.018593 0.023575
0 0.416589 0.854370 0.014839 0.018206
0 0.699786 0.765329 0.014703 0.018510
0 0.348695 0.736150 0.018777 0.022670
0 0.917916 0.965726 0.014762 0.017721
0 0.150500 0.444659 0.016816 0.022571
0 0.249402 0.388251 0.016743 0.020452
0 0.732831 0.690814 0.018033 0.021947
0 0.419474 0.882821 0.016031 0.020505
0 0.804018 0.314851 0.018410 0.022798
0 0.825892 0.921918 0.015678 0.020762
0 0.414836 0.392191 0.018037 0.022324
0 0.602258 0.860877 0.018672 0.022294
0 0.898819 0.652538 0.015474 0.018426
0 0.358218 0.827000 0.015512 0.019284
0 0.962726 0.463984 0.013810 0.019048
0 0.072746 0.174542 0.015686 0.019106
0 0.936343 0.807714 0.016231 0.019520
0 0.556695 0.317473 0.018777 0.023364
0 0.676191 0.962981 0.016141 0.020790
0 0.206398 0.898183 0.016917 0.021628
0 0.301694 0.051584 0.015471 0.020549
0 0.066520 0.884266 0.016830 0.022908
0 0.328824 0.897392 0.020991 0.027820
0 0.171344 0.636079 0.016043 0.018248
0 0.932988 0.877978 0.014430 0.017920
0 0.061229 0.275195 0.014447 0.017266
0 0.334103 0.292508 0.016759 0.021539
0 0.433804 0.244954 0.015892 0.019915
0 0.753705 0.482060 0.013971 0.017392
0 0.348154 0.545066 0.014765 0.019917
0 0.437445 0.620627 0.018186 0.022605
0 0.513623 0.655908 0.016294 0.020459
0 0.360950 0.469575 0.016375 0.020036
0 0.080721 0.251583 0.015293 0.019994
0 0.849786 0.570283 0.017414 0.020937
0 0.238196 0.664378 0.017173 0.022615
0 0.414471 0.554281 0.018113 0.022996
0 0.039172 0.317988 0.016932 0.020434
0 0.236375 0.316102 0.016985 0.025311
0 0.403270 0.238641 0.016738 0.022496
0 0.314067 0.554904 0.017867 0.020804
0 0.703247 0.739634 0.015793 0.018951
0 0.423731 0.154128 0.016348 0.021602
0 0.865643 0.253505 0.017239 0.022162
0 0.895501 0.965709 0.015787 0.020288
0 0.684984 0.287626 0.014437 0.018682
0 0.145281 0.114300 0.016007 0.019752
0 0.245243 0.518273 0.016631 0.021385
0 0.385490 0.842180 0.015942 0.020013
0 0.477257 0.305779 0.015634 0.019403
0 0.732642 0.982189 0.016256 0.019180
0 0.434383 0.431650 0.016324 0.019788
0 0.489656 0.460556 0.016737 0.022208
0 0.723103 0.499480 0.014230 0.019612
0 0.598325 0.185466 0.017433 0.020783
0 0.590287 0.627863 0.016370 0.022925
0 0.833544 0.768627 0.015062 0.018960
0 0.854580 0.682974 0.014684 0.018937
0 0.898105 0.468492 0.016203 0.018962
0 0.796606 0.822764 0.017435 0.022367
0 0.371925 0.329585 0.015508 0.018965
0 0.096837 0.630307 0.013680 0.017692
0 0.842037 0.379545 0.014126 0.019848
0 0.419856 0.468682 0.015630 0.019307
0 0.135838 0.362138 0.017579 0.022635
0 0.638162 0.114836 0.016380 0.019150
0 0.512763 0.331758 0.014122 0.017637
0 0.944706 0.457862 0.014015 0.019743
0 0.185024 0.746322 0.015655 0.019135
0 0.413601 0.092375 0.019215 0.023171
0 0.348011 0.808984 0.014334 0.017548
0 0.315508 0.102820 0.016235 0.021669
0 0.695110 0.058207 0.017553 0.020153
0 0.949492 0.294798 0.018684 0.023719
0 0.217424 0.452915 0.017187 0.020802
0 0.621693 0.059085 0.017907 0.021565
0 0.925427 0.466082 0.014023 0.019541
0 0.529018 0.430414 0.015817 0.018130
0 0.687978 0.714319 0.018885 0.021297
0 0.880341 0.438077 0.015769 0.020502
0 0.823241 0.969904 0.017603 0.018222
0 0.308406 0.414480 0.017826 0.023367
0 0.834973 0.902850 0.014402 0.017742
0 0.779701 0.458771 0.017278 0.024258
0 0.556837 0.981533 0.015583 0.018766
0 0.206965 0.605289 0.018510 0.024908
0 0.964401 0.150084 0.016122 0.019944
0 0.752537 0.653581 0.015461 0.019744
0 0.899362 0.315313 0.017562 0.020005
0 0.742101 0.908478 0.015217 0.018964
0 0.338402 0.613360 0.015757 0.019938
0 0.024955 0.348739 0.015065 0.022809
0 0.340815 0.014406 0.002009 0.000000
0 0.049561 0.380552 0.016069 0.021609
0 0.843981 0.124850 0.020086 0.021609
0 0.966006 0.972389 0.019082 0.021609
0 0.614995 0.491597 0.018078 0.020408
0 0.058098 0.965186 0.015065 0.016807