0 0.837332 0.304049 0.017926 0.022423
0 0.114650 0.487901 0.017581 0.022354
0 0.055750 0.206787 0.019404 0.022726
0 0.415069 0.557666 0.014043 0.017427
0 0.614044 0.660530 0.015588 0.021210
0 0.279754 0.384545 0.018230 0.024085
0 0.073340 0.808691 0.015815 0.019842
0 0.516002 0.293332 0.017582 0.021006
0 0.132575 0.179819 0.020218 0.025114
0 0.094814 0.676844 0.017173 0.020937
0 0.793151 0.687258 0.016319 0.019810
0 0.009608 0.025667 0.015226 0.015605
0 0.321989 0.578398 0.018842 0.025005
0 0.764527 0.949059 0.015769 0.020671
0 0.471658 0.065116 0.015111 0.020313
0 0.018273 0.959111 0.015410 0.020650
0 0.085314 0.921542 0.019028 0.022330
0 0.624499 0.944490 0.019227 0.025788
0 0.718800 0.216450 0.018054 0.023088
0 0.039230 0.313381 0.017388 0.022695
0 0.662995 0.233749 0.017147 0.021263
0 0.033485 0.931663 0.017149 0.021526
0 0.518668 0.236674 0.019393 0.025299
0 0.980998 0.702244 0.013983 0.018078
0 0.739855 0.539199 0.015810 0.019405
0 0.508521 0.108909 0.016286 0.019741
0 0.130606 0.230296 0.016157 0.020919
0 0.021125 0.211138 0.013953 0.017769
0 0.766963 0.826057 0.019852 0.022346
0 0.973164 0.322633 0.016269 0.020001
0 0.211318 0.685498 0.018418 0.023459
0 0.213116 0.225433 0.017246 0.020334
0 0.598770 0.633527 0.014205 0.018542
0 0.056974 0.905457 0.013193 0.015097
0 0.382893 0.085193 0.017530 0.021176
0 0.140966 0.436699 0.016756 0.020815
0 0.588298 0.709670 0.016851 0.020216
0 0.313805 0.294773 0.015597 0.020370
0 0.514012 0.965852 0.021291 0.026806
0 0.980900 0.914399 0.014568 0.017251
0 0.273214 0.060492 0.017025 0.020039
0 0.330524 0.107267 0.015481 0.019921
0 0.726364 0.912679 0.019191 0.023986
0 0.530177 0.431827 0.016096 0.021415
0 0.015826 0.166011 0.014789 0.018153
0 0.464412 0.679485 0.015699 0.018626
0 0.565398 0.880670 0.016457 0.021972
0 0.248210 0.083856 0.015501 0.017497
0 0.244962 0.468988 0.020346 0.024766
0 0.046762 0.515080 0.019399 0.022109
0 0.815153 0.870351 0.018823 0.023885
0 0.299575 0.050987 0.013789 0.016692
0 0.453135 0.774139 0.019285 0.025515
0 0.310503 0.928504 0.016458 0.023261
0 0.990243 0.648515 0.015339 0.019686
0 0.132455 0.486485 0.012878 0.020923
0 0.228067 0.955253 0.014639 0.019065
0 0.274529 0.090636 0.014061 0.018007
0 0.062115 0.042617 0.013056 0.015606
0 0.084712 0.232293 0.014061 0.020408
0 0.060609 0.180672 0.016069 0.013205
0 0.654666 0.680672 0.017073 0.024010
0 0.546701 0.933373 0.014061 0.015606
0 0.314200 0.081032 0.019082 0.015606
0 0.449784 0.258103 0.017073 0.021609
0 0.345836 0.548019 0.016069 0.022809
0 0.103292 0.552221 0.015065 0.019208
0 0.801799 0.779112 0.020086 0.024010
0 0.295118 0.102641 0.013056 0.015606
0 0.048055 0.108643 0.019082 0.018007
0 0.042029 0.141056 0.013056 0.015606
0 0.329767 0.039016 0.014061 0.018007
0 0.032488 0.073229 0.012052 0.016807
0 0.063119 0.540816 0.017073 0.020408
0 0.246911 0.927971 0.015065 0.016807
0 0.244902 0.984994 0.017073 0.022809
0 0.258962 0.952581 0.015065 0.015606
0 0.082704 0.710084 0.012052 0.015606
0 0.446269 0.717287 0.014061 0.015606
0 0.569298 0.624250 0.015065 0.016807
0 0.813851 0.661465 0.012052 0.016807
0 0.741038 0.177671 0.015065 0.014406
0 0.772172 0.164466 0.017073 0.019208
0 0.513056 0.075630 0.019082 0.014406
0 0.799791 0.960384 0.014061 0.016807
0 0.916794 0.631453 0.015065 0.014406
0 0.688813 0.624850 0.017073 0.020408