0 0.912067 0.883898 0.017138 0.021116
0 0.233286 0.555037 0.019576 0.023139
0 0.981717 0.294731 0.017715 0.021364
0 0.177828 0.845062 0.018366 0.022329
0 0.236527 0.742407 0.015173 0.020894
0 0.857144 0.211794 0.017347 0.022199
0 0.789349 0.873755 0.019310 0.023440
0 0.060539 0.145261 0.016719 0.021825
0 0.153860 0.897115 0.020882 0.024881
0 0.125038 0.909869 0.017388 0.023132
0 0.087141 0.504017 0.020243 0.024787
0 0.965906 0.839004 0.016778 0.020650
0 0.874998 0.874562 0.016049 0.019178
0 0.783122 0.181761 0.017784 0.024480
0 0.123232 0.796654 0.017640 0.022275
0 0.769668 0.206993 0.016762 0.021080
0 0.800750 0.153709 0.017863 0.021521
0 0.328586 0.141999 0.019380 0.024132
0 0.294949 0.659564 0.016764 0.021418
0 0.018311 0.664635 0.016465 0.021760
0 0.622529 0.098373 0.015342 0.018874
0 0.012239 0.836427 0.014072 0.019187
0 0.422975 0.159693 0.019120 0.021608
0 0.348328 0.885548 0.017942 0.022417
0 0.125054 0.203543 0.019094 0.024435
0 0.130567 0.165926 0.016627 0.018819
0 0.681659 0.209979 0.015638 0.020584
0 0.317545 0.030171 0.018172 0.022359
0 0.050572 0.681987 0.015743 0.018683
0 0.784430 0.841084 0.023683 0.024431
0 0.300687 0.150522 0.015998 0.018348
0 0.270984 0.409743 0.014406 0.017590
0 0.698132 0.817519 0.017569 0.023571
0 0.820955 0.449026 0.013909 0.019027
0 0.210879 0.737014 0.019321 0.021508
0 0.031126 0.819725 0.018266 0.021089
0 0.896825 0.370573 0.017219 0.020577
0 0.324156 0.971035 0.016460 0.019622
0 0.548395 0.147434 0.014257 0.016000
0 0.652736 0.256545 0.018330 0.023726
0 0.627898 0.263231 0.015625 0.021029
0 0.833444 0.982411 0.017038 0.020777
0 0.118377 0.696517 0.020604 0.026085
0 0.739587 0.959455 0.016929 0.019683
0 0.314373 0.417981 0.012912 0.015676
0 0.559030 0.176217 0.014811 0.019487
0 0.148031 0.627074 0.016858 0.021312
0 0.276544 0.307654 0.017651 0.022431
0 0.798928 0.226380 0.015586 0.019202
0 0.047043 0.413841 0.019500 0.022944
0 0.482286 0.780647 0.017744 0.022588
0 0.666059 0.189846 0.014404 0.018847
0 0.112987 0.028664 0.013809 0.018298
0 0.122636 0.386085 0.014920 0.020785
0 0.868373 0.634112 0.017529 0.020608
0 0.416710 0.447609 0.015979 0.018769
0 0.480145 0.467005 0.016397 0.020885
0 0.544360 0.651550 0.016039 0.018626
0 0.032142 0.865968 0.017802 0.021548
0 0.772502 0.232652 0.016017 0.018011
0 0.264437 0.618093 0.016889 0.023529
0 0.537249 0.712936 0.018179 0.020161
0 0.419277 0.035065 0.015995 0.020811
0 0.635429 0.506071 0.016023 0.021492
0 0.522041 0.409263 0.018646 0.023113
0 0.342026 0.305151 0.016647 0.021433
0 0.054371 0.075292 0.018038 0.020853
0 0.364479 0.250320 0.016876 0.021310
0 0.431706 0.669268 0.015065 0.018007
0 0.490459 0.643457 0.016069 0.016807
0 0.296625 0.424370 0.014061 0.018007
0 0.306166 0.392557 0.013056 0.016807
0 0.336295 0.381753 0.015065 0.016807
0 0.338304 0.405162 0.015065 0.015606
0 0.296122 0.283313 0.017073 0.014406
0 0.241889 0.408764 0.013056 0.015606
0 0.070150 0.175270 0.019082 0.016807
0 0.167067 0.022809 0.014061 0.014406
0 0.051570 0.111044 0.018078 0.013205
0 0.023449 0.180072 0.016069 0.016807
0 0.330269 0.280312 0.013056 0.018007
0 0.496987 0.084034 0.015065 0.016807
0 0.599930 0.152461 0.014061 0.014406
0 0.858041 0.060624 0.016069 0.015606
0 0.809332 0.192077 0.021091 0.019208
0 0.884656 0.320528 0.019082 0.024010
0 0.882145 0.424970 0.016069 0.021609
0 0.942404 0.207683 0.014061 0.019208
0 0.641107 0.299520 0.014061 0.020408
0 0.638094 0.445978 0.018078 0.018007
0 0.088227 0.873950 0.013056 0.014406
0 0.045544 0.934574 0.020086 0.018007
0 0.082202 0.947179 0.013056 0.016807
0 0.105301 0.845738 0.015065 0.018007
0 0.149993 0.947179 0.016069 0.021609
0 0.264988 0.569028 0.013056 0.014406
0 0.280555 0.588235 0.014061 0.012005
0 0.243395 0.583433 0.014061 0.014406