0 0.267984 0.051408 0.020730 0.023451
0 0.236961 0.395793 0.017328 0.022520
0 0.242631 0.555996 0.019096 0.024048
0 0.244568 0.743718 0.015256 0.020347
0 0.781737 0.238971 0.018098 0.021611
0 0.921596 0.886139 0.018227 0.022565
0 0.634126 0.606949 0.023918 0.031331
0 0.642710 0.305876 0.020082 0.025938
0 0.162461 0.294849 0.020126 0.024852
0 0.262720 0.417467 0.018059 0.023584
0 0.185911 0.850174 0.017286 0.023594
0 0.775786 0.380092 0.022405 0.024130
0 0.079894 0.528086 0.017860 0.022337
0 0.891980 0.287531 0.022870 0.024367
0 0.373269 0.460031 0.018178 0.023748
0 0.447942 0.317239 0.018092 0.022512
0 0.164891 0.836696 0.018574 0.025551
0 0.092304 0.871859 0.021886 0.025507
0 0.096719 0.507059 0.017816 0.022671
0 0.129292 0.286105 0.019441 0.024571
0 0.368867 0.560050 0.019889 0.023414
0 0.954988 0.049365 0.019068 0.025379
0 0.077553 0.306657 0.021093 0.025018
0 0.656558 0.251256 0.020152 0.024678
0 0.470514 0.278056 0.017027 0.023445
0 0.874831 0.637403 0.018320 0.023497
0 0.366232 0.343031 0.021150 0.024065
0 0.523192 0.091891 0.020464 0.026107
0 0.163739 0.898147 0.021264 0.026129
0 0.531170 0.696999 0.018884 0.021950
0 0.873307 0.880447 0.018635 0.024491
0 0.269345 0.740728 0.016424 0.021855
0 0.075783 0.453582 0.018542 0.022100
0 0.382499 0.723535 0.018879 0.023785
0 0.797203 0.616615 0.021366 0.025578
0 0.134642 0.740923 0.016298 0.020898
0 0.868291 0.761998 0.020880 0.025538
0 0.934588 0.275446 0.017793 0.021624
0 0.310978 0.158063 0.017711 0.024127
0 0.883478 0.253103 0.019938 0.022584
0 0.620145 0.579214 0.019680 0.021670
0 0.303669 0.617005 0.017581 0.022839
0 0.570439 0.317281 0.019625 0.022978
0 0.485505 0.149980 0.018071 0.024747
0 0.357813 0.297879 0.015656 0.021899
0 0.331883 0.362306 0.015970 0.021098
0 0.465032 0.337287 0.019570 0.022564
0 0.182526 0.251232 0.016674 0.020479
0 0.108970 0.757868 0.017971 0.022868
0 0.311250 0.265317 0.018653 0.022323
0 0.048425 0.418733 0.016379 0.020782
0 0.333654 0.162042 0.016352 0.021584
0 0.633557 0.714349 0.018944 0.022568
0 0.675830 0.792518 0.019821 0.026721
0 0.260553 0.624058 0.018547 0.023681
0 0.477998 0.481842 0.017257 0.020820
0 0.318685 0.856729 0.021500 0.026346
0 0.934889 0.140605 0.019728 0.023619
0 0.611138 0.221308 0.020052 0.025542
0 0.323340 0.604822 0.016846 0.022215
0 0.523108 0.411744 0.020757 0.024114
0 0.777621 0.212613 0.017268 0.019616
0 0.909105 0.908563 0.015756 0.019179
0 0.805639 0.088716 0.018637 0.021811
0 0.801682 0.874293 0.019632 0.023404
0 0.203476 0.663050 0.017278 0.022781
0 0.388402 0.373704 0.018856 0.022365
0 0.899524 0.112982 0.020827 0.025222
0 0.556588 0.160049 0.017117 0.020552
0 0.915462 0.474383 0.021531 0.025668
0 0.317615 0.104277 0.020590 0.024071
0 0.982687 0.291668 0.018734 0.023435
0 0.154713 0.223075 0.017220 0.023521
0 0.545758 0.657325 0.018039 0.022779
0 0.680578 0.542242 0.019568 0.023608
0 0.040255 0.181023 0.019746 0.023169
0 0.609428 0.154972 0.017878 0.021681
0 0.338372 0.300118 0.016662 0.022097
0 0.843923 0.980534 0.018560 0.021943
0 0.029369 0.569894 0.017242 0.021713
0 0.540914 0.117629 0.017594 0.022142
0 0.701470 0.522937 0.016789 0.020740
0 0.021788 0.068070 0.017566 0.023621
0 0.589581 0.113814 0.017201 0.020730
0 0.325014 0.242073 0.018729 0.024808
0 0.889468 0.420499 0.020968 0.025865
0 0.435279 0.670341 0.018067 0.023670
0 0.371219 0.144101 0.016188 0.021101
0 0.937505 0.683290 0.018715 0.023997
0 0.405237 0.047916 0.016721 0.021944
0 0.267855 0.577907 0.015669 0.019387
0 0.212764 0.744898 0.019082 0.020408