0 0.542213 0.497281 0.022943 0.028954
0 0.189698 0.285317 0.021649 0.027231
0 0.827762 0.683837 0.020017 0.024313
0 0.669596 0.732002 0.019086 0.022965
0 0.008099 0.508749 0.016197 0.023025
0 0.710006 0.227009 0.019496 0.025423
0 0.332972 0.781433 0.017129 0.020098
0 0.392222 0.472567 0.020661 0.025454
0 0.257611 0.639162 0.015672 0.018685
0 0.376513 0.976113 0.022139 0.023674
0 0.234216 0.359461 0.015280 0.020139
0 0.388513 0.428548 0.016899 0.021977
0 0.659373 0.675402 0.022082 0.025646
0 0.420317 0.733525 0.017901 0.022095
0 0.097552 0.885064 0.020125 0.027005
0 0.028496 0.365280 0.020057 0.023433
0 0.252798 0.472469 0.018360 0.021750
0 0.685639 0.220063 0.017163 0.023959
0 0.924364 0.306074 0.025460 0.026295
0 0.134803 0.261768 0.020907 0.024115
0 0.202375 0.425268 0.017820 0.022240
0 0.375365 0.934986 0.021945 0.025438
0 0.534983 0.293217 0.020258 0.027056
0 0.257878 0.372585 0.018319 0.023046
0 0.764677 0.442908 0.019974 0.023595
0 0.317575 0.258536 0.016882 0.020428
0 0.809309 0.626554 0.021140 0.024261
0 0.687935 0.759008 0.018395 0.022201
0 0.082557 0.452258 0.018092 0.022528
0 0.678160 0.515525 0.022489 0.027681
0 0.923989 0.375456 0.025702 0.023408
0 0.233278 0.634702 0.017204 0.021369
0 0.235990 0.018686 0.017208 0.021607
0 0.670293 0.038303 0.019783 0.025333
0 0.290150 0.616053 0.016726 0.019838
0 0.564925 0.457803 0.019762 0.023851
0 0.121106 0.336689 0.019438 0.022922
0 0.235112 0.768018 0.020417 0.025019
0 0.306699 0.972854 0.023955 0.026827
0 0.261845 0.022013 0.016119 0.020946
0 0.709933 0.911212 0.020944 0.022722
0 0.065384 0.882479 0.019433 0.026945
0 0.334740 0.541432 0.019188 0.021891
0 0.412094 0.219776 0.018261 0.021837
0 0.818229 0.809137 0.020615 0.026079
0 0.815561 0.412054 0.018123 0.021645
0 0.940925 0.150030 0.018973 0.022450
0 0.456635 0.359065 0.019200 0.023837
0 0.940880 0.935989 0.021069 0.024779
0 0.391455 0.831691 0.018358 0.022016
0 0.939848 0.189292 0.019265 0.023404
0 0.880392 0.465345 0.018822 0.021176
0 0.298943 0.222335 0.017392 0.023807
0 0.927604 0.427434 0.020284 0.023796
0 0.583901 0.837891 0.021596 0.026597
0 0.978562 0.753310 0.021495 0.025096
0 0.102988 0.794474 0.020592 0.025498
0 0.235451 0.494878 0.019164 0.025791
0 0.115376 0.208229 0.017540 0.022673
0 0.502758 0.460819 0.019505 0.025628
0 0.620128 0.653810 0.021116 0.024225
0 0.144932 0.960574 0.022524 0.024883
0 0.423966 0.595651 0.017436 0.022806
0 0.278678 0.262716 0.016922 0.021628
0 0.405800 0.121587 0.017285 0.023145
0 0.435880 0.265603 0.017736 0.021167
0 0.323284 0.026701 0.018537 0.022932
0 0.924281 0.678943 0.020549 0.025210
0 0.616232 0.792562 0.020850 0.025005
0 0.135607 0.418400 0.016880 0.020751
0 0.213921 0.347402 0.015938 0.020978
0 0.255565 0.438897 0.019993 0.022880
0 0.829704 0.729061 0.020488 0.022150
0 0.049046 0.389241 0.015955 0.020023
0 0.739531 0.136792 0.020544 0.025864
0 0.452924 0.678592 0.020809 0.024431
0 0.609669 0.037906 0.018700 0.024194
0 0.341293 0.456593 0.016499 0.021938
0 0.963705 0.624692 0.022286 0.024101
0 0.437594 0.008478 0.015157 0.015314
0 0.128177 0.087680 0.015977 0.021447
0 0.795158 0.325226 0.019550 0.025086
0 0.164027 0.376885 0.016846 0.020203
0 0.499525 0.410975 0.018548 0.024654
0 0.870727 0.436858 0.018548 0.023072
0 0.341708 0.756738 0.016617 0.022583
0 0.923244 0.047615 0.016804 0.022978
0 0.738468 0.617934 0.019379 0.023431
0 0.377906 0.717505 0.018667 0.022550
0 0.473267 0.956752 0.018933 0.023411
0 0.517496 0.846348 0.019354 0.023088
0 0.550274 0.154099 0.018456 0.024677
0 0.291956 0.064714 0.018628 0.022444
0 0.364949 0.420293 0.017854 0.022070
0 0.933568 0.988204 0.019857 0.018517
0 0.667530 0.576522 0.019689 0.021191
0 0.826074 0.088474 0.018215 0.023580
0 0.825202 0.893603 0.018572 0.020834
0 0.214728 0.246076 0.021518 0.023000
0 0.781482 0.919604 0.018425 0.021333
0 0.966461 0.225181 0.020576 0.023507
0 0.692960 0.986208 0.020140 0.022214
0 0.467488 0.590256 0.016845 0.019318
0 0.631975 0.397087 0.015278 0.016996