0 0.914816 0.884609 0.017085 0.022076
0 0.236528 0.553791 0.019867 0.024260
0 0.140178 0.938278 0.016120 0.021620
0 0.771486 0.210144 0.017658 0.018917
0 0.061706 0.348910 0.018131 0.022209
0 0.792733 0.124642 0.019725 0.025339
0 0.443175 0.314563 0.017041 0.020186
0 0.914902 0.409641 0.019648 0.026899
0 0.545907 0.558411 0.018893 0.024196
0 0.727599 0.355614 0.020013 0.022865
0 0.099283 0.310768 0.017703 0.024525
0 0.478232 0.145900 0.016698 0.021477
0 0.638463 0.303340 0.017873 0.021318
0 0.414029 0.331243 0.019542 0.025914
0 0.238793 0.741685 0.016457 0.022079
0 0.700845 0.417614 0.018178 0.023442
0 0.706036 0.333844 0.016425 0.018702
0 0.512314 0.723587 0.028525 0.028853
0 0.760438 0.106910 0.017926 0.023116
0 0.364001 0.874574 0.017153 0.021515
0 0.161312 0.956153 0.018020 0.021604
0 0.035201 0.264233 0.018181 0.022309
0 0.378242 0.098133 0.018020 0.020879
0 0.059077 0.179890 0.014602 0.017271
0 0.270393 0.049911 0.019932 0.025326
0 0.414436 0.413030 0.019818 0.022730
0 0.264556 0.492572 0.018939 0.023707
0 0.519977 0.043904 0.017654 0.021581
0 0.761956 0.344587 0.015663 0.019397
0 0.127053 0.283868 0.020221 0.024719
0 0.126244 0.913909 0.017772 0.022635
0 0.126314 0.211288 0.017174 0.021008
0 0.437795 0.695230 0.017888 0.024303
0 0.225711 0.389221 0.019429 0.024157
0 0.982685 0.300861 0.017384 0.023350
0 0.044273 0.415555 0.017448 0.022330
0 0.799299 0.873576 0.018777 0.022418
0 0.810283 0.493718 0.016844 0.020327
0 0.319191 0.393999 0.017757 0.022192
0 0.209129 0.743906 0.016876 0.019558
0 0.321692 0.265968 0.014255 0.019943
0 0.776824 0.235412 0.017160 0.021584
0 0.930833 0.682155 0.019353 0.022294
0 0.090063 0.504101 0.019842 0.024207
0 0.278626 0.198335 0.017579 0.023240
0 0.821042 0.700994 0.019363 0.023954
0 0.074762 0.303814 0.016242 0.023079
0 0.826085 0.856920 0.015038 0.019733
0 0.264134 0.739043 0.016660 0.022385
0 0.039071 0.846915 0.019182 0.023254
0 0.605623 0.153374 0.015904 0.019874
0 0.870451 0.875455 0.017036 0.020843
0 0.524137 0.694550 0.017858 0.021795
0 0.315274 0.849787 0.017774 0.025093
0 0.263350 0.880567 0.017092 0.019938
0 0.558188 0.157295 0.014644 0.018087
0 0.548718 0.747945 0.016849 0.021783
0 0.401003 0.522566 0.016740 0.019985
0 0.864939 0.630946 0.018463 0.023918
0 0.881644 0.416907 0.019238 0.024996
0 0.651149 0.062667 0.018728 0.023284
0 0.519729 0.411537 0.019384 0.022573
0 0.931442 0.644564 0.020254 0.023748
0 0.408200 0.221384 0.018498 0.024513
0 0.159511 0.854934 0.016452 0.021616
0 0.394225 0.958701 0.017873 0.022327
0 0.470898 0.482530 0.017673 0.022343
0 0.191843 0.842013 0.016313 0.020324
0 0.155802 0.889957 0.019556 0.026706
0 0.823931 0.983223 0.018281 0.021758
0 0.317375 0.241280 0.015468 0.019853
0 0.932571 0.222550 0.018457 0.022276
0 0.639456 0.506816 0.018083 0.021888
0 0.531902 0.113539 0.018907 0.022258
0 0.897745 0.111863 0.020862 0.023036
0 0.798862 0.087338 0.019473 0.018936
0 0.304586 0.154558 0.017965 0.022421
0 0.091785 0.864887 0.017896 0.021957
0 0.544241 0.655039 0.016069 0.020194
0 0.269465 0.576057 0.014866 0.019203
0 0.030118 0.178020 0.017005 0.022631
0 0.227222 0.884034 0.016578 0.019924
0 0.889187 0.287388 0.021361 0.022707
0 0.576472 0.251156 0.018624 0.022791
0 0.031614 0.227366 0.018844 0.021756
0 0.331532 0.222553 0.015868 0.018337
0 0.994590 0.075777 0.010819 0.023636
0 0.433804 0.669095 0.015613 0.017351
0 0.991169 0.245902 0.017265 0.019768
0 0.213225 0.171613 0.016655 0.018984
0 0.068853 0.208553 0.020956 0.023348
0 0.889267 0.895502 0.015464 0.018192
0 0.331371 0.298826 0.016519 0.020341
0 0.295620 0.265306 0.020086 0.019208