0 0.983868 0.291728 0.017979 0.022969
0 0.843951 0.662266 0.020143 0.025600
0 0.538136 0.109389 0.018898 0.024845
0 0.781430 0.240082 0.017812 0.020695
0 0.359529 0.301838 0.014687 0.020748
0 0.386872 0.359424 0.023346 0.024042
0 0.140112 0.770715 0.018469 0.022621
0 0.661440 0.614304 0.018047 0.020745
0 0.959919 0.306758 0.019155 0.023479
0 0.297420 0.072303 0.020549 0.022034
0 0.217040 0.752875 0.015939 0.018978
0 0.390103 0.574112 0.017274 0.020525
0 0.288989 0.434068 0.018314 0.021739
0 0.243599 0.557138 0.017742 0.022984
0 0.045299 0.081209 0.017972 0.022203
0 0.096330 0.507041 0.018956 0.024117
0 0.245492 0.744400 0.014682 0.019186
0 0.922288 0.886576 0.017334 0.021484
0 0.676468 0.634600 0.021606 0.028125
0 0.803920 0.873985 0.019820 0.025253
0 0.077779 0.306264 0.020381 0.024005
0 0.312370 0.264343 0.018640 0.024329
0 0.659736 0.738073 0.018866 0.021917
0 0.410560 0.381883 0.017250 0.022095
0 0.591836 0.332234 0.017904 0.021630
0 0.482791 0.352604 0.019025 0.022592
0 0.421729 0.760458 0.018556 0.021439
0 0.914302 0.798225 0.019488 0.024093
0 0.645273 0.310792 0.017455 0.024115
0 0.775815 0.381287 0.019456 0.021358
0 0.092826 0.871514 0.022733 0.026461
0 0.199581 0.326766 0.021221 0.026387
0 0.891405 0.288984 0.023302 0.021695
0 0.549623 0.659023 0.016414 0.020669
0 0.164776 0.897890 0.021643 0.027179
0 0.873413 0.879495 0.018172 0.023537
0 0.311610 0.158878 0.017500 0.021457
0 0.916296 0.280874 0.017678 0.024006
0 0.185128 0.238347 0.017381 0.021694
0 0.960301 0.510089 0.019481 0.023663
0 0.449741 0.316951 0.016298 0.020904
0 0.269715 0.741102 0.016121 0.020989
0 0.560274 0.119559 0.016477 0.021385
0 0.873662 0.636505 0.017912 0.023689
0 0.262199 0.420531 0.015908 0.020796
0 0.360760 0.645130 0.016807 0.022774
0 0.902030 0.111864 0.021504 0.026285
0 0.612162 0.155309 0.016150 0.019575
0 0.326180 0.242235 0.018755 0.022509
0 0.319306 0.857993 0.021480 0.027157
0 0.531374 0.696843 0.019481 0.022813
0 0.937447 0.684319 0.017519 0.021529
0 0.777933 0.212653 0.015671 0.018438
0 0.698543 0.288226 0.018896 0.023878
0 0.129240 0.287220 0.019924 0.024588
0 0.436256 0.673418 0.018152 0.023696
0 0.749386 0.561431 0.016421 0.019915
0 0.191811 0.853455 0.020818 0.022273
0 0.047777 0.421731 0.015941 0.020809
0 0.485472 0.149995 0.016769 0.022216
0 0.202678 0.277197 0.015413 0.018855
0 0.238109 0.683612 0.016701 0.021841
0 0.134899 0.739619 0.018474 0.022660
0 0.107806 0.470404 0.018748 0.020171
0 0.349262 0.128084 0.018498 0.020922
0 0.118473 0.548799 0.020404 0.024113
0 0.294884 0.650709 0.016913 0.018965
0 0.913078 0.910515 0.016384 0.020160
0 0.208151 0.873982 0.017804 0.024050
0 0.339425 0.300568 0.016072 0.021254
0 0.713453 0.824000 0.020013 0.026081
0 0.655014 0.250184 0.020634 0.025977
0 0.888507 0.421238 0.020205 0.025427
0 0.270096 0.574019 0.014839 0.019123
0 0.477758 0.482627 0.016751 0.020440
0 0.491202 0.282857 0.017801 0.021723
0 0.723687 0.574675 0.018515 0.023124
0 0.340066 0.643852 0.014471 0.021734
0 0.343315 0.176982 0.016881 0.020863
0 0.524103 0.411535 0.022474 0.025316
0 0.403685 0.485012 0.017961 0.022331
0 0.039821 0.180981 0.019462 0.024434
0 0.808539 0.089009 0.016404 0.019716
0 0.962000 0.159367 0.018986 0.024053
0 0.067286 0.603712 0.018141 0.021973
0 0.558076 0.160123 0.015306 0.017928
0 0.607268 0.122797 0.016669 0.020088
0 0.392643 0.165898 0.015985 0.019664
0 0.346898 0.387036 0.014537 0.019858
0 0.034873 0.223829 0.017379 0.020566
0 0.482478 0.261389 0.015588 0.020209
0 0.437931 0.076633 0.015753 0.018471
0 0.568386 0.079403 0.022042 0.025469
0 0.896304 0.892935 0.015491 0.019086