0 0.781756 0.939447 0.019485 0.024773
0 0.255457 0.468780 0.019526 0.024858
0 0.521624 0.968669 0.021757 0.027263
0 0.808152 0.951456 0.015930 0.018943
0 0.679778 0.598660 0.019460 0.021733
0 0.792864 0.660703 0.017288 0.021783
0 0.280026 0.461655 0.018616 0.022387
0 0.657234 0.708467 0.015240 0.019345
0 0.288367 0.389276 0.018274 0.022186
0 0.133281 0.117150 0.020187 0.025294
0 0.472560 0.656941 0.016740 0.020527
0 0.488586 0.131106 0.019147 0.024192
0 0.636932 0.133993 0.022936 0.025591
0 0.512365 0.311137 0.016728 0.020706
0 0.683496 0.992987 0.018135 0.013898
0 0.462222 0.266635 0.017529 0.022157
0 0.391884 0.086815 0.015744 0.021320
0 0.024051 0.897086 0.017622 0.022219
0 0.814709 0.652261 0.015786 0.020981
0 0.610281 0.113280 0.019422 0.024702
0 0.942625 0.898153 0.016030 0.020290
0 0.830667 0.869645 0.018319 0.021829
0 0.421168 0.011009 0.014728 0.018257
0 0.757136 0.569944 0.018554 0.023094
0 0.333089 0.107392 0.018368 0.021989
0 0.895125 0.965980 0.015429 0.019291
0 0.094096 0.077663 0.015602 0.021781
0 0.878451 0.568875 0.017113 0.022287
0 0.050873 0.118817 0.018604 0.024727
0 0.552757 0.809446 0.017564 0.021245
0 0.308005 0.102350 0.015026 0.020075
0 0.761606 0.057174 0.019474 0.023823
0 0.860156 0.675458 0.017814 0.022280
0 0.373943 0.646442 0.014145 0.017718
0 0.741901 0.222860 0.018841 0.021328
0 0.562116 0.385255 0.018812 0.022792
0 0.218864 0.334001 0.017272 0.021415
0 0.795338 0.792633 0.018588 0.023144
0 0.494896 0.680444 0.016944 0.021170
0 0.445394 0.103298 0.019261 0.022354
0 0.448030 0.653521 0.016226 0.021535
0 0.312773 0.837396 0.017468 0.021299
0 0.627213 0.709786 0.019118 0.022758
0 0.495029 0.088318 0.016096 0.019731
0 0.044157 0.938291 0.017159 0.023393
0 0.427000 0.716648 0.018035 0.021247
0 0.125387 0.494674 0.017243 0.022282
0 0.400978 0.012305 0.014592 0.017137
0 0.787919 0.085330 0.019690 0.025701
0 0.012233 0.490241 0.018108 0.021132
0 0.807843 0.407749 0.017579 0.021313
0 0.826294 0.990277 0.016171 0.017049
0 0.346365 0.932488 0.019406 0.024813
0 0.181981 0.565734 0.018451 0.024005
0 0.075982 0.857967 0.019748 0.023913
0 0.849429 0.551935 0.016169 0.020489
0 0.680208 0.707830 0.018626 0.022002
0 0.540417 0.438737 0.018243 0.021497
0 0.715128 0.592065 0.016570 0.020615
0 0.915603 0.151338 0.018691 0.023156
0 0.111834 0.726234 0.016662 0.023342
0 0.140021 0.237693 0.017139 0.020969
0 0.683068 0.567634 0.020268 0.025151
0 0.112655 0.129542 0.016011 0.019215
0 0.389760 0.656307 0.015541 0.018921
0 0.047035 0.907025 0.015652 0.017260
0 0.488447 0.275192 0.014083 0.020471
0 0.231383 0.956529 0.017668 0.019830
0 0.631651 0.390855 0.017407 0.019002
0 0.076405 0.544338 0.017971 0.021578
0 0.524886 0.242419 0.019309 0.022707
0 0.973823 0.525767 0.018759 0.021131
0 0.371342 0.976431 0.016599 0.018750
0 0.224653 0.232648 0.017887 0.023571
0 0.193192 0.515136 0.018729 0.022074
0 0.468798 0.144033 0.018009 0.021513
0 0.318254 0.038659 0.015856 0.019027
0 0.630007 0.901350 0.019984 0.024199
0 0.854802 0.249135 0.020412 0.024213
0 0.823889 0.967339 0.016830 0.019713
0 0.044409 0.584371 0.018816 0.022812
0 0.728763 0.571903 0.016896 0.021524
0 0.464358 0.569073 0.018624 0.022087
0 0.876514 0.541735 0.019861 0.023004
0 0.317019 0.014665 0.015603 0.019664
0 0.316138 0.738310 0.014786 0.020027
0 0.056018 0.052271 0.016335 0.021659
0 0.669578 0.868434 0.015774 0.020433
0 0.866077 0.755873 0.017565 0.022878
0 0.353317 0.041847 0.015361 0.017910
0 0.264639 0.911968 0.016802 0.020668
0 0.427971 0.039401 0.021812 0.023664
0 0.877471 0.720559 0.018438 0.022569
0 0.513101 0.749849 0.020544 0.022134
0 0.745566 0.590409 0.016007 0.019445
0 0.059789 0.361633 0.015699 0.021446
0 0.695901 0.202951 0.016747 0.020471
0 0.993980 0.339259 0.012039 0.021811
0 0.790963 0.289275 0.015686 0.018786
0 0.870935 0.965891 0.016194 0.020796
0 0.239202 0.807072 0.018772 0.022304
0 0.298380 0.026286 0.015494 0.021215
0 0.502918 0.391108 0.018179 0.023393
0 0.214693 0.645796 0.017990 0.021284
0 0.524208 0.091732 0.011213 0.014972
0 0.662908 0.684861 0.017352 0.020312
0 0.333088 0.051369 0.013851 0.020659
0 0.444049 0.354413 0.016382 0.019592
0 0.381579 0.008018 0.015167 0.015207
0 0.043469 0.882131 0.015027 0.018556
0 0.594963 0.895514 0.012446 0.015725
0 0.682851 0.892562 0.017178 0.019689
0 0.141087 0.668359 0.013562 0.017544
0 0.199994 0.666894 0.016480 0.019888
0 0.365416 0.955640 0.014922 0.017693
0 0.458220 0.872378 0.013892 0.020445
0 0.337560 0.023931 0.015904 0.020084
0 0.622327 0.074612 0.011843 0.013409
0 0.225216 0.009913 0.012803 0.016679
0 0.059102 0.083433 0.017073 0.018007