0 0.344990 0.114420 0.017118 0.021969
0 0.268517 0.473050 0.018765 0.022630
0 0.800489 0.290801 0.015637 0.017890
0 0.531649 0.974724 0.021900 0.027594
0 0.473287 0.695531 0.018079 0.022033
0 0.690772 0.667830 0.015732 0.022175
0 0.802669 0.661164 0.017683 0.023413
0 0.826236 0.889464 0.020047 0.024798
0 0.497990 0.127888 0.020222 0.023272
0 0.505892 0.099088 0.017646 0.021612
0 0.363872 0.047517 0.015475 0.021128
0 0.811979 0.311691 0.020143 0.022887
0 0.303252 0.389929 0.019219 0.024410
0 0.452915 0.830336 0.019067 0.024429
0 0.569490 0.711557 0.019295 0.023083
0 0.404013 0.655139 0.015755 0.019203
0 0.149019 0.549322 0.020428 0.024607
0 0.795468 0.501914 0.019706 0.023080
0 0.039397 0.097802 0.020409 0.024184
0 0.251423 0.808918 0.021867 0.026332
0 0.096751 0.141243 0.018674 0.023578
0 0.912595 0.808993 0.018067 0.021571
0 0.217786 0.990181 0.017497 0.016777
0 0.177516 0.036429 0.016874 0.022892
0 0.725531 0.054914 0.020227 0.024977
0 0.180730 0.696723 0.016210 0.021847
0 0.015241 0.324361 0.017294 0.020984
0 0.741376 0.576247 0.016453 0.021458
0 0.702253 0.849943 0.018425 0.022270
0 0.157017 0.071440 0.016613 0.020094
0 0.076535 0.085237 0.019038 0.022681
0 0.826530 0.654707 0.018860 0.025068
0 0.120619 0.009884 0.015563 0.015567
0 0.406253 0.564333 0.018704 0.024827
0 0.546952 0.443754 0.018007 0.021923
0 0.797365 0.089297 0.019899 0.025606
0 0.078157 0.761846 0.017781 0.020789
0 0.478257 0.865154 0.016686 0.020572
0 0.222120 0.328422 0.018235 0.021886
0 0.451888 0.041709 0.015946 0.020078
0 0.413809 0.008762 0.013553 0.015659
0 0.669962 0.655239 0.018407 0.023353
0 0.321396 0.121534 0.018547 0.023359
0 0.615013 0.323569 0.020692 0.024289
0 0.484891 0.270295 0.018472 0.022612
0 0.011368 0.748090 0.018408 0.021302
0 0.094412 0.832246 0.018995 0.022650
0 0.882094 0.650867 0.022165 0.025746
0 0.953533 0.800074 0.017391 0.022718
0 0.298243 0.258971 0.017424 0.022264
0 0.866563 0.686228 0.018784 0.022376
0 0.216989 0.508607 0.016359 0.020614
0 0.090827 0.009900 0.025229 0.019287
0 0.421352 0.483908 0.018543 0.022208
0 0.303738 0.037448 0.018157 0.021816
0 0.935086 0.443623 0.018535 0.021127
0 0.238072 0.237619 0.016916 0.020319
0 0.159677 0.691807 0.015587 0.020649
0 0.135060 0.498384 0.016321 0.022339
0 0.052981 0.942489 0.017590 0.021954
0 0.697246 0.414380 0.018026 0.023980
0 0.018819 0.411456 0.016000 0.019310
0 0.356744 0.797096 0.017155 0.021767
0 0.740029 0.919663 0.018822 0.022629
0 0.929076 0.991471 0.017386 0.016005
0 0.834104 0.993420 0.018866 0.013160
0 0.481962 0.152129 0.016756 0.020901
0 0.799155 0.827034 0.017186 0.021655
0 0.285873 0.336698 0.018094 0.022080
0 0.074936 0.977311 0.018521 0.020767
0 0.403462 0.101146 0.016761 0.021215
0 0.895674 0.053619 0.021712 0.029034
0 0.839056 0.319839 0.020454 0.025523
0 0.887877 0.392057 0.019939 0.024169
0 0.769316 0.579586 0.018422 0.024857
0 0.828398 0.949051 0.016789 0.019849
0 0.545081 0.898116 0.017162 0.022111
0 0.775489 0.057824 0.019450 0.024288
0 0.612250 0.046343 0.016182 0.020773
0 0.291291 0.456101 0.017036 0.022369
0 0.443816 0.692641 0.017428 0.022925
0 0.513098 0.395986 0.018868 0.024605
0 0.207891 0.881116 0.016623 0.021389
0 0.402072 0.073862 0.017514 0.020502
0 0.553972 0.263016 0.018511 0.022329
0 0.988138 0.346224 0.021061 0.026270
0 0.801224 0.269305 0.016280 0.019536
0 0.903756 0.181025 0.018041 0.022935
0 0.498039 0.881772 0.016553 0.019292
0 0.678458 0.307179 0.020734 0.026042
0 0.738258 0.153020 0.017741 0.021221
0 0.323007 0.842217 0.018976 0.023026
0 0.337047 0.769064 0.016753 0.021888
0 0.931494 0.789243 0.016431 0.020857
0 0.112152 0.859541 0.015402 0.021615
0 0.344594 0.050773 0.013787 0.019105
0 0.927286 0.908877 0.017602 0.022173
0 0.809749 0.693209 0.019989 0.021766
0 0.635143 0.699631 0.017760 0.021279
0 0.233826 0.627336 0.017959 0.022521
0 0.075167 0.375554 0.016567 0.022907
0 0.627870 0.083077 0.019591 0.026905
0 0.462276 0.020868 0.016119 0.018779
0 0.024543 0.624239 0.016225 0.019585
0 0.354273 0.882207 0.014878 0.021661
0 0.724042 0.589554 0.016568 0.020413
0 0.533893 0.945482 0.018481 0.021275
0 0.773337 0.449645 0.017512 0.020711
0 0.629890 0.756632 0.017900 0.021698
0 0.393636 0.326666 0.016506 0.021259
0 0.150119 0.241553 0.016785 0.021237
0 0.461813 0.800608 0.018467 0.022878
0 0.472480 0.317936 0.016257 0.021177
0 0.703545 0.531058 0.017181 0.021146
0 0.802170 0.528497 0.016309 0.022500
0 0.115076 0.701390 0.016221 0.020230
0 0.190129 0.232741 0.016192 0.020901
0 0.407756 0.693145 0.017277 0.021741
0 0.040204 0.652413 0.016737 0.021458
0 0.384979 0.651321 0.015806 0.018928
0 0.591440 0.478184 0.020325 0.023923
0 0.392334 0.010162 0.017948 0.016069
0 0.234045 0.973042 0.015696 0.020022
0 0.946857 0.241626 0.018004 0.020483
0 0.878116 0.803243 0.018042 0.021749
0 0.981949 0.437358 0.017907 0.021937
0 0.332297 0.294240 0.016368 0.020787
0 0.755897 0.715734 0.016838 0.020210
0 0.379277 0.958315 0.015008 0.018319
0 0.494304 0.730008 0.018371 0.020971
0 0.754589 0.599181 0.017120 0.019323
0 0.251780 0.761907 0.012321 0.015758
0 0.584213 0.235492 0.015604 0.018256
0 0.374188 0.980432 0.016632 0.017914
0 0.519805 0.738388 0.012547 0.015864
0 0.837116 0.973989 0.017097 0.019542
0 0.878512 0.959900 0.013929 0.016677
0 0.685305 0.872692 0.017732 0.020092
0 0.549139 0.783860 0.016145 0.021664
0 0.237856 0.758837 0.011251 0.017067
0 0.552131 0.618645 0.017059 0.020662
0 0.451934 0.102118 0.015461 0.020056
0 0.572671 0.173836 0.016636 0.021395
0 0.411253 0.820129 0.014039 0.017063
0 0.037845 0.036018 0.015097 0.016909