0 0.024231 0.885708 0.023135 0.028399
0 0.955189 0.857908 0.018560 0.023110
0 0.980921 0.853689 0.017031 0.021039
0 0.539326 0.975349 0.022452 0.027758
0 0.494318 0.012672 0.017993 0.022359
0 0.813878 0.350584 0.017977 0.022674
0 0.408763 0.658475 0.015461 0.019928
0 0.140192 0.500290 0.018316 0.023202
0 0.625350 0.685926 0.019310 0.023168
0 0.428801 0.018656 0.019737 0.024098
0 0.366358 0.935595 0.016728 0.021570
0 0.350800 0.117399 0.019524 0.022040
0 0.491248 0.833542 0.019775 0.023831
0 0.840415 0.873151 0.016362 0.019389
0 0.030499 0.987193 0.018799 0.020349
0 0.209855 0.465894 0.016895 0.021553
0 0.704650 0.357619 0.020905 0.024138
0 0.977916 0.351843 0.017798 0.023680
0 0.908022 0.019899 0.020042 0.025059
0 0.024709 0.556436 0.021669 0.024534
0 0.175399 0.040119 0.017868 0.021166
0 0.861645 0.276600 0.019221 0.024123
0 0.586976 0.390960 0.019729 0.022659
0 0.738653 0.061908 0.020157 0.024421
0 0.753360 0.918595 0.018824 0.023055
0 0.426559 0.629756 0.015291 0.017438
0 0.466589 0.022050 0.016833 0.020766
0 0.724001 0.474489 0.018670 0.024728
0 0.307530 0.393227 0.019480 0.024041
0 0.600980 0.539581 0.017612 0.021604
0 0.290181 0.459201 0.017332 0.021165
0 0.516497 0.396694 0.017595 0.022412
0 0.335885 0.987052 0.019795 0.020045
0 0.876717 0.594135 0.017002 0.021789
0 0.331188 0.835498 0.016913 0.020350
0 0.405235 0.714009 0.019180 0.023311
0 0.102259 0.835110 0.018612 0.022533
0 0.468489 0.348080 0.017376 0.021254
0 0.253776 0.815046 0.018943 0.024083
0 0.319308 0.442003 0.017281 0.022062
0 0.255880 0.053345 0.017798 0.022286
0 0.189861 0.684601 0.017867 0.021418
0 0.156165 0.242695 0.017910 0.020998
0 0.513183 0.702361 0.018140 0.023363
0 0.984831 0.649805 0.018338 0.020120
0 0.400675 0.012530 0.019904 0.019654
0 0.130815 0.931847 0.021407 0.024963
0 0.935398 0.435920 0.018252 0.024620
0 0.067158 0.869775 0.017853 0.021795
0 0.412688 0.078968 0.019474 0.019591
0 0.545442 0.763614 0.016655 0.021165
0 0.811621 0.287611 0.015091 0.018548
0 0.514151 0.873189 0.019416 0.022970
0 0.553632 0.446732 0.016767 0.019464
0 0.162362 0.074276 0.018169 0.020865
0 0.489508 0.156581 0.017762 0.021885
0 0.771094 0.730937 0.017191 0.021326
0 0.782725 0.150813 0.017171 0.022319
0 0.408245 0.103801 0.016524 0.020443
0 0.533099 0.234346 0.018332 0.023543
0 0.739404 0.127270 0.021109 0.021947
0 0.156141 0.552996 0.019476 0.023891
0 0.537928 0.430141 0.018683 0.022094
0 0.817865 0.630693 0.016944 0.019884
0 0.229557 0.336189 0.016896 0.020382
0 0.692438 0.956556 0.015584 0.019870
0 0.482412 0.521492 0.017708 0.022477
0 0.843018 0.781810 0.016217 0.020844
0 0.758897 0.596871 0.016313 0.020481
0 0.715342 0.446636 0.016856 0.019648
0 0.193077 0.726185 0.017854 0.021703
0 0.960421 0.244899 0.019291 0.023234
0 0.276752 0.806905 0.018311 0.023386
0 0.380830 0.921533 0.014240 0.019163
0 0.390989 0.652918 0.013301 0.019878
0 0.830303 0.432217 0.014969 0.019257
0 0.827953 0.896730 0.018687 0.022913
0 0.244172 0.239650 0.018357 0.022252
0 0.404082 0.887747 0.017221 0.021169
0 0.437192 0.045966 0.015554 0.018547
0 0.785140 0.064730 0.018486 0.023008
0 0.808399 0.665419 0.017966 0.020722
0 0.105478 0.217398 0.018713 0.022408
0 0.273668 0.477023 0.020479 0.025609
0 0.606137 0.011792 0.016498 0.019741
0 0.400195 0.921886 0.014728 0.019615
0 0.956833 0.891164 0.016888 0.020059
0 0.174142 0.283805 0.016263 0.022814
0 0.511157 0.098568 0.018020 0.022376
0 0.799372 0.092009 0.017194 0.022554
0 0.868691 0.682570 0.019440 0.022822
0 0.153937 0.437379 0.018755 0.023596
0 0.157848 0.727059 0.016986 0.021700
0 0.813353 0.691452 0.018536 0.021330
0 0.224518 0.487791 0.017018 0.020229
0 0.705534 0.174813 0.018577 0.024106
0 0.281763 0.973138 0.017648 0.020780
0 0.045214 0.654971 0.019201 0.023121
0 0.421045 0.600637 0.016564 0.019717
0 0.369663 0.652384 0.016260 0.019748
0 0.883959 0.169261 0.018178 0.021966
0 0.581872 0.466023 0.018606 0.023132
0 0.632236 0.119840 0.012537 0.017646
0 0.354516 0.049216 0.015886 0.018790
0 0.939251 0.503912 0.017296 0.022708
0 0.059032 0.944358 0.018707 0.023481
0 0.727652 0.596356 0.018245 0.022115
0 0.622930 0.363412 0.017022 0.021453
0 0.237837 0.587052 0.019317 0.023357
0 0.135043 0.194048 0.015730 0.020446
0 0.309136 0.038024 0.016923 0.024746
0 0.523787 0.744619 0.015422 0.020402
0 0.246197 0.437859 0.016312 0.020659
0 0.778215 0.260946 0.017119 0.020296
0 0.841580 0.975989 0.019171 0.019738
0 0.096083 0.513932 0.016265 0.020475
0 0.774504 0.539633 0.021623 0.025253
0 0.385958 0.959366 0.014663 0.017916
0 0.339229 0.382962 0.013954 0.019708
0 0.369583 0.971235 0.015829 0.018766
0 0.709524 0.944456 0.014778 0.019724
0 0.696045 0.880934 0.016726 0.018930
0 0.775747 0.981044 0.016552 0.020938
0 0.131731 0.271633 0.014357 0.017173
0 0.729947 0.981725 0.012706 0.014547
0 0.465854 0.500742 0.014629 0.016916
0 0.949833 0.785099 0.014977 0.021316
0 0.614017 0.828937 0.014332 0.018177