0 0.018932 0.049587 0.015434 0.018833
0 0.764137 0.948885 0.016221 0.022531
0 0.279425 0.384878 0.018656 0.024279
0 0.624515 0.944952 0.018640 0.026519
0 0.782117 0.836038 0.018632 0.023653
0 0.129876 0.230659 0.016339 0.022211
0 0.519371 0.245976 0.019547 0.023930
0 0.217302 0.698501 0.017064 0.023419
0 0.514649 0.293314 0.018260 0.024170
0 0.033781 0.932099 0.015520 0.022194
0 0.413878 0.557907 0.014067 0.018326
0 0.082000 0.810122 0.014557 0.019443
0 0.475558 0.077387 0.016522 0.020496
0 0.614705 0.661950 0.015971 0.020389
0 0.135219 0.176513 0.020070 0.023593
0 0.837390 0.315814 0.018256 0.022164
0 0.982306 0.707845 0.013434 0.014440
0 0.717575 0.225257 0.017880 0.021572
0 0.728792 0.913390 0.018596 0.020961
0 0.508509 0.109666 0.014611 0.018610
0 0.934693 0.894239 0.013836 0.018507
0 0.010169 0.027706 0.014472 0.017220
0 0.093880 0.936748 0.018593 0.022403
0 0.380506 0.651595 0.014359 0.017421
0 0.059596 0.321220 0.016682 0.022122
0 0.097101 0.680082 0.017766 0.021070
0 0.797067 0.960829 0.016687 0.018691
0 0.057686 0.212797 0.016205 0.020150
0 0.050783 0.517877 0.017303 0.021325
0 0.664250 0.241428 0.018215 0.019345
0 0.116113 0.488347 0.016210 0.023264
0 0.464251 0.678543 0.014503 0.018613
0 0.800906 0.157140 0.011589 0.015996
0 0.023342 0.172524 0.015323 0.020235
0 0.317104 0.933357 0.015078 0.019251
0 0.082706 0.707879 0.012163 0.017230
0 0.867791 0.334834 0.018521 0.020508
0 0.552714 0.936460 0.016748 0.020283
0 0.784397 0.937727 0.014679 0.018016
0 0.246737 0.469658 0.019033 0.025240
0 0.320597 0.109773 0.014325 0.019278
0 0.023849 0.208611 0.012811 0.016430
0 0.974713 0.327049 0.018747 0.022481
0 0.811186 0.093337 0.014886 0.017696
0 0.463381 0.335485 0.013014 0.019323
0 0.817401 0.933220 0.011327 0.013659
0 0.567906 0.626122 0.014867 0.019844
0 0.451086 0.774761 0.016540 0.021604
0 0.229866 0.958286 0.013565 0.016475
0 0.816019 0.785375 0.018625 0.023117
0 0.801936 0.056899 0.016501 0.021842
0 0.406444 0.866546 0.017248 0.021076
0 0.602268 0.634561 0.013981 0.016730
0 0.150327 0.445396 0.015180 0.019114
0 0.328337 0.821444 0.015208 0.019938
0 0.250593 0.930203 0.017248 0.021010
0 0.211949 0.224563 0.017710 0.019810
0 0.331670 0.588315 0.018477 0.023647
0 0.271188 0.067329 0.014673 0.020458
0 0.565532 0.877312 0.015488 0.022304
0 0.814177 0.871089 0.017829 0.021955
0 0.062500 0.185316 0.015275 0.018738
0 0.311689 0.082233 0.020086 0.015606
0 0.298633 0.058223 0.016069 0.018007
0 0.043033 0.109244 0.015065 0.016807
0 0.037007 0.079232 0.019082 0.019208
0 0.061111 0.043217 0.019082 0.016807
0 0.447775 0.257503 0.017073 0.020408
0 0.814353 0.660264 0.013056 0.014406
0 0.791756 0.692677 0.016069 0.019208
0 0.700362 0.680072 0.016069 0.020408
0 0.651653 0.680672 0.017073 0.021609
0 0.742544 0.186074 0.018078 0.019208
0 0.268503 0.099640 0.012052 0.014406
0 0.294114 0.102041 0.011048 0.014406
0 0.532138 0.434574 0.017073 0.019208
0 0.355377 0.552221 0.015065 0.019208
0 0.385005 0.088836 0.016069 0.019208
0 0.330772 0.037815 0.012052 0.013205
0 0.181630 0.453782 0.017073 0.021609
0 0.130409 0.291116 0.019082 0.020408
0 0.112331 0.241897 0.013056 0.018007
0 0.108816 0.554022 0.018078 0.015606
0 0.063622 0.547419 0.014061 0.019208
0 0.517576 0.086435 0.018078 0.016807
0 0.702371 0.911765 0.016069 0.020408