0 0.704244 0.272769 0.015799 0.020945
0 0.556253 0.527112 0.026008 0.035337
0 0.680591 0.122704 0.016832 0.021190
0 0.360376 0.827368 0.015654 0.019300
0 0.732071 0.984524 0.015534 0.018375
0 0.927222 0.772227 0.014487 0.018182
0 0.314383 0.554807 0.015709 0.019106
0 0.719947 0.753520 0.014655 0.019421
0 0.149805 0.444311 0.016683 0.021830
0 0.246796 0.678861 0.015180 0.019264
0 0.212138 0.323355 0.022028 0.028441
0 0.720778 0.254665 0.015373 0.020646
0 0.903796 0.773798 0.018423 0.025014
0 0.701565 0.738914 0.016067 0.019184
0 0.944065 0.339341 0.020159 0.020571
0 0.075854 0.175141 0.016113 0.019090
0 0.783938 0.725797 0.018482 0.022512
0 0.959044 0.767575 0.014114 0.020067
0 0.947341 0.816566 0.015615 0.019078
0 0.897476 0.470124 0.016482 0.019272
0 0.249533 0.387715 0.016088 0.019773
0 0.796976 0.822688 0.017833 0.022226
0 0.348054 0.810519 0.015251 0.017931
0 0.325949 0.101012 0.017837 0.021365
0 0.699618 0.764097 0.015691 0.020054
0 0.893077 0.256697 0.016165 0.021862
0 0.683288 0.287644 0.014678 0.019496
0 0.236804 0.314813 0.018020 0.025678
0 0.903944 0.732893 0.015683 0.019816
0 0.427707 0.427729 0.016682 0.019824
0 0.239897 0.648612 0.017362 0.019898
0 0.462293 0.418720 0.018855 0.022069
0 0.944503 0.457477 0.015835 0.018224
0 0.894680 0.816977 0.013643 0.016571
0 0.883251 0.341447 0.018536 0.022806
0 0.165985 0.021343 0.017758 0.023203
0 0.597679 0.185107 0.016833 0.020313
0 0.230755 0.369903 0.017148 0.021195
0 0.434151 0.245372 0.015104 0.019239
0 0.959817 0.689088 0.017882 0.019704
0 0.415092 0.550304 0.018824 0.022721
0 0.335570 0.290768 0.017605 0.021397
0 0.602448 0.861671 0.018676 0.021499
0 0.912658 0.707572 0.014920 0.017831
0 0.381138 0.665154 0.017732 0.020758
0 0.305580 0.580297 0.017866 0.020797
0 0.403223 0.237807 0.018304 0.023519
0 0.056886 0.359766 0.018827 0.021734
0 0.676956 0.961654 0.016962 0.020860
0 0.647341 0.666389 0.017391 0.020257
0 0.075077 0.284701 0.015224 0.017363
0 0.579594 0.376244 0.015295 0.017808
0 0.864577 0.990212 0.016438 0.016690
0 0.933020 0.879274 0.014892 0.018865
0 0.773556 0.530709 0.017406 0.021382
0 0.362838 0.936392 0.019138 0.025711
0 0.262610 0.927010 0.014526 0.017145
0 0.386849 0.841518 0.015329 0.019809
0 0.576201 0.703882 0.016772 0.019365
0 0.941580 0.796892 0.015460 0.017967
0 0.133832 0.362710 0.020550 0.023710
0 0.489473 0.459702 0.017179 0.023112
0 0.821770 0.965095 0.014839 0.018177
0 0.145153 0.114031 0.016562 0.020807
0 0.983460 0.301132 0.018284 0.021465
0 0.080869 0.251188 0.015921 0.020115
0 0.297189 0.128796 0.017399 0.022141
0 0.414405 0.091822 0.018800 0.022899
0 0.449826 0.926863 0.015978 0.020450
0 0.253623 0.524724 0.016449 0.020946
0 0.438906 0.619028 0.017067 0.021009
0 0.328741 0.431637 0.020925 0.024497
0 0.206421 0.685792 0.015828 0.020752
0 0.960770 0.968765 0.017985 0.026322
0 0.338620 0.020041 0.015156 0.019066
0 0.347817 0.545449 0.014893 0.019125
0 0.619794 0.061769 0.018292 0.023032
0 0.688770 0.713605 0.019721 0.020958
0 0.849656 0.569862 0.019346 0.024160
0 0.780374 0.457564 0.018438 0.025799
0 0.833637 0.946155 0.013463 0.016971
0 0.301476 0.048726 0.016131 0.020626
0 0.901636 0.155875 0.014866 0.018962
0 0.937928 0.312113 0.018297 0.018374
0 0.218208 0.450867 0.017046 0.020271
0 0.696352 0.058219 0.017001 0.020874
0 0.276482 0.967606 0.017223 0.020566
0 0.420012 0.861026 0.016148 0.020577
0 0.349116 0.735594 0.021653 0.022866
0 0.858356 0.937945 0.014987 0.019677
0 0.476414 0.305205 0.016641 0.020250
0 0.425271 0.469480 0.016401 0.019551
0 0.807187 0.505030 0.015803 0.020347
0 0.360699 0.469477 0.017032 0.021076
0 0.902672 0.406476 0.016899 0.019455
0 0.558695 0.981199 0.015995 0.018052
0 0.416044 0.353393 0.016710 0.019212
0 0.681012 0.547751 0.018384 0.022365
0 0.972944 0.766898 0.012134 0.020913
0 0.424167 0.150873 0.017016 0.021426
0 0.753659 0.652681 0.016414 0.020078
0 0.293273 0.561053 0.014757 0.021392
0 0.352980 0.482719 0.014671 0.017659
0 0.060683 0.421006 0.015449 0.018635
0 0.965946 0.150614 0.017128 0.020391
0 0.298831 0.283006 0.014991 0.017107
0 0.088227 0.359544 0.015065 0.018007
0 0.557246 0.310324 0.015065 0.018007
0 0.045544 0.388956 0.014061 0.014406
0 0.432710 0.755102 0.015065 0.019208