0 0.243038 0.743206 0.015121 0.019249
0 0.992238 0.080622 0.015523 0.022698
0 0.515163 0.156200 0.019037 0.023838
0 0.779602 0.238137 0.017229 0.019722
0 0.568713 0.658797 0.016413 0.020228
0 0.458157 0.041166 0.019688 0.025901
0 0.232900 0.518680 0.017652 0.021243
0 0.866837 0.935117 0.023189 0.032481
0 0.194434 0.377371 0.017944 0.022355
0 0.772614 0.381690 0.019259 0.020676
0 0.528355 0.549258 0.024830 0.026647
0 0.569829 0.203478 0.018863 0.023711
0 0.990859 0.613763 0.017392 0.021711
0 0.268944 0.741722 0.016090 0.020894
0 0.241282 0.555153 0.018040 0.022570
0 0.127123 0.287000 0.020003 0.024281
0 0.170615 0.345503 0.017676 0.023434
0 0.310375 0.153982 0.017446 0.021881
0 0.108675 0.794023 0.017183 0.021762
0 0.665854 0.514337 0.020482 0.025002
0 0.483424 0.149728 0.017819 0.023278
0 0.154244 0.299082 0.020380 0.024198
0 0.475986 0.070037 0.018058 0.023538
0 0.293652 0.501699 0.016935 0.020916
0 0.074580 0.304303 0.020346 0.024280
0 0.858723 0.113651 0.018143 0.023258
0 0.286115 0.419030 0.018121 0.023286
0 0.047444 0.419465 0.015851 0.021136
0 0.447430 0.316465 0.015253 0.020372
0 0.633975 0.508119 0.017447 0.020644
0 0.094297 0.506838 0.017953 0.022078
0 0.564760 0.697201 0.018767 0.024777
0 0.775345 0.212149 0.014584 0.017356
0 0.920035 0.884695 0.017047 0.020404
0 0.567016 0.307150 0.018203 0.024271
0 0.294885 0.310543 0.020818 0.025101
0 0.872829 0.880054 0.017098 0.021727
0 0.643385 0.304139 0.019187 0.022795
0 0.161041 0.892180 0.020262 0.025895
0 0.886314 0.285200 0.023399 0.024174
0 0.416571 0.317958 0.019235 0.023371
0 0.739398 0.659450 0.018962 0.023651
0 0.213269 0.745514 0.014701 0.017808
0 0.220702 0.043591 0.018364 0.022926
0 0.306238 0.263267 0.018742 0.022358
0 0.337483 0.270486 0.017703 0.019743
0 0.869862 0.632920 0.020961 0.025170
0 0.475942 0.480707 0.017728 0.022485
0 0.337548 0.298003 0.017856 0.020065
0 0.317242 0.327796 0.016801 0.020932
0 0.980065 0.291380 0.018182 0.021451
0 0.086946 0.789400 0.017432 0.025099
0 0.788130 0.190591 0.018148 0.022327
0 0.936805 0.680504 0.017479 0.022836
0 0.090907 0.870420 0.022216 0.026838
0 0.289494 0.654305 0.018879 0.022287
0 0.019121 0.414682 0.017682 0.020865
0 0.800436 0.872375 0.018544 0.022829
0 0.067703 0.917224 0.021168 0.024473
0 0.744637 0.912303 0.020034 0.023997
0 0.104457 0.602627 0.017511 0.022047
0 0.317510 0.859476 0.020604 0.028823
0 0.531246 0.698727 0.018297 0.020225
0 0.966965 0.458726 0.017109 0.021503
0 0.898603 0.110011 0.020392 0.025643
0 0.121701 0.730414 0.017073 0.021552
0 0.186274 0.561352 0.017619 0.020337
0 0.549178 0.522680 0.017198 0.021523
0 0.887974 0.421789 0.019388 0.024657
0 0.608431 0.155316 0.016672 0.020632
0 0.038464 0.688659 0.018152 0.023025
0 0.871327 0.230032 0.018686 0.022908
0 0.584783 0.432350 0.016425 0.019874
0 0.521119 0.409282 0.018777 0.024444
0 0.804048 0.085579 0.018731 0.020872
0 0.910888 0.906447 0.016181 0.019559
0 0.099417 0.190875 0.013994 0.018736
0 0.259865 0.098070 0.017775 0.020982
0 0.321837 0.242852 0.017790 0.022684
0 0.227604 0.575628 0.017732 0.020279
0 0.435775 0.671192 0.016445 0.022380
0 0.536162 0.104875 0.015377 0.021225
0 0.554129 0.159185 0.013836 0.017390
0 0.398263 0.231256 0.018864 0.020175
0 0.547114 0.655091 0.015039 0.020339
0 0.079892 0.175481 0.016920 0.023044
0 0.039453 0.184634 0.019224 0.024532
0 0.269025 0.577845 0.014538 0.019060
0 0.285286 0.076368 0.016387 0.019122
0 0.275066 0.336040 0.016589 0.017821
0 0.814376 0.408930 0.018389 0.021504
0 0.481957 0.260157 0.015489 0.019898