0 0.830215 0.910789 0.025412 0.028842
0 0.100132 0.780645 0.018143 0.020876
0 0.548079 0.185336 0.016941 0.022218
0 0.240466 0.555765 0.018236 0.023001
0 0.279162 0.305348 0.020380 0.023732
0 0.271708 0.487546 0.017299 0.021440
0 0.532609 0.541860 0.020710 0.025272
0 0.242549 0.742436 0.015320 0.020122
0 0.772810 0.381509 0.019877 0.020642
0 0.505038 0.144082 0.018250 0.023283
0 0.046701 0.418762 0.017477 0.021516
0 0.546433 0.683409 0.018352 0.020649
0 0.433076 0.029229 0.020592 0.024945
0 0.779230 0.238019 0.017652 0.021094
0 0.212935 0.745921 0.014821 0.017882
0 0.093065 0.505884 0.018943 0.023780
0 0.568466 0.308365 0.018022 0.024315
0 0.263662 0.407328 0.017828 0.023491
0 0.549583 0.506575 0.017052 0.022472
0 0.052297 0.156577 0.016912 0.020960
0 0.013275 0.667612 0.017996 0.022026
0 0.226754 0.069985 0.017345 0.022479
0 0.476007 0.481682 0.016556 0.021219
0 0.267857 0.740688 0.016575 0.022172
0 0.799494 0.404521 0.018267 0.023178
0 0.750938 0.172828 0.019112 0.022690
0 0.193064 0.375746 0.017978 0.020859
0 0.959895 0.060864 0.019386 0.022256
0 0.152575 0.334781 0.018055 0.022845
0 0.129447 0.284570 0.019863 0.024492
0 0.643118 0.306356 0.018560 0.021808
0 0.091692 0.704689 0.017292 0.021455
0 0.804383 0.090088 0.018907 0.019022
0 0.521770 0.410071 0.019324 0.023084
0 0.839239 0.210255 0.016849 0.021170
0 0.636970 0.509465 0.017508 0.021719
0 0.703351 0.636417 0.020297 0.025494
0 0.968831 0.869906 0.019028 0.024479
0 0.919711 0.884955 0.016648 0.020378
0 0.898104 0.109735 0.021437 0.026154
0 0.447732 0.314985 0.015979 0.020345
0 0.608377 0.154236 0.016935 0.021148
0 0.548894 0.409798 0.015100 0.019651
0 0.160687 0.895034 0.021663 0.027003
0 0.870822 0.633767 0.019742 0.024385
0 0.074949 0.304400 0.021073 0.026071
0 0.192143 0.027470 0.018402 0.023415
0 0.034644 0.187639 0.019541 0.023389
0 0.258278 0.060740 0.017194 0.020273
0 0.969431 0.590203 0.016847 0.022767
0 0.707917 0.884362 0.018854 0.022656
0 0.075819 0.582457 0.017502 0.021064
0 0.036794 0.888374 0.019092 0.023608
0 0.394012 0.308143 0.019471 0.023079
0 0.166608 0.547181 0.017017 0.019557
0 0.255097 0.628004 0.017825 0.022808
0 0.775141 0.211330 0.015408 0.017423
0 0.320331 0.242375 0.018273 0.022055
0 0.979599 0.291551 0.017903 0.020938
0 0.649569 0.485777 0.019111 0.023737
0 0.156466 0.298396 0.019175 0.023553
0 0.559980 0.641786 0.016086 0.020841
0 0.886868 0.287432 0.026065 0.024156
0 0.801448 0.876682 0.019338 0.023411
0 0.482939 0.149057 0.017316 0.023571
0 0.513718 0.087203 0.016003 0.019815
0 0.268299 0.577107 0.015056 0.018292
0 0.387553 0.223592 0.017684 0.021314
0 0.329587 0.270829 0.015295 0.019128
0 0.886203 0.420248 0.021063 0.025299
0 0.871562 0.880025 0.017218 0.022427
0 0.308813 0.154279 0.017361 0.020638
0 0.211028 0.558760 0.017170 0.022762
0 0.987677 0.205603 0.017275 0.022793
0 0.908713 0.906836 0.015037 0.019326
0 0.305806 0.263121 0.018192 0.022769
0 0.018033 0.413990 0.018174 0.019906
0 0.936742 0.684766 0.017417 0.021473
0 0.856132 0.114097 0.017920 0.022807
0 0.089805 0.872157 0.022727 0.027101
0 0.076259 0.783205 0.021975 0.023943
0 0.951052 0.446180 0.017023 0.022188
0 0.318042 0.856105 0.021589 0.027752
0 0.197017 0.498297 0.017954 0.021541
0 0.258392 0.324390 0.014901 0.019346
0 0.300533 0.323167 0.016133 0.020251
0 0.073076 0.173281 0.015274 0.018771
0 0.432665 0.671399 0.019128 0.020082
0 0.554612 0.158861 0.015134 0.017041
0 0.530373 0.700297 0.018141 0.020641
0 0.397679 0.339445 0.015770 0.019341
0 0.339408 0.297174 0.017065 0.020749
0 0.451856 0.057095 0.016999 0.023996
0 0.544714 0.656373 0.015155 0.018656
0 0.889074 0.897903 0.013953 0.019423
0 0.477842 0.259345 0.015197 0.017581