0 0.552324 0.512558 0.021698 0.027968
0 0.721315 0.254424 0.018467 0.023402
0 0.382281 0.565365 0.019190 0.023963
0 0.553322 0.481459 0.014287 0.020400
0 0.207329 0.307600 0.021582 0.026117
0 0.693364 0.257552 0.022202 0.026295
0 0.415390 0.537633 0.016780 0.021664
0 0.547000 0.304198 0.020261 0.023086
0 0.266301 0.651673 0.016343 0.020439
0 0.245785 0.665639 0.020226 0.023415
0 0.991785 0.105920 0.016430 0.022860
0 0.974481 0.870295 0.020303 0.025025
0 0.990209 0.764319 0.018532 0.023792
0 0.424875 0.014430 0.014623 0.018944
0 0.952347 0.950154 0.021794 0.026862
0 0.329180 0.273161 0.016885 0.021810
0 0.246581 0.508495 0.020542 0.023628
0 0.133732 0.351449 0.017038 0.021289
0 0.976528 0.639794 0.019565 0.022368
0 0.973273 0.800104 0.019076 0.021731
0 0.196149 0.346795 0.018056 0.022853
0 0.534290 0.485023 0.017045 0.022810
0 0.424473 0.235163 0.016055 0.023698
0 0.690988 0.049452 0.018525 0.026039
0 0.156786 0.348879 0.014460 0.019561
0 0.827034 0.819431 0.022725 0.025643
0 0.872358 0.309723 0.019095 0.023138
0 0.379129 0.013847 0.014860 0.017891
0 0.320016 0.243408 0.020262 0.023149
0 0.788254 0.813566 0.021713 0.026048
0 0.289759 0.273613 0.018846 0.024036
0 0.324873 0.927245 0.021556 0.026578
0 0.342362 0.796234 0.017208 0.021190
0 0.600399 0.856244 0.021257 0.024244
0 0.732469 0.397705 0.022336 0.025735
0 0.903815 0.162699 0.017817 0.022865
0 0.705359 0.843074 0.020576 0.027196
0 0.140726 0.432462 0.017672 0.021652
0 0.535787 0.280412 0.017137 0.019572
0 0.680164 0.698813 0.022621 0.027681
0 0.430747 0.747312 0.019645 0.023406
0 0.045573 0.918921 0.017385 0.021234
0 0.223604 0.359448 0.015798 0.020295
0 0.038754 0.374034 0.017516 0.021424
0 0.416701 0.845864 0.019105 0.023186
0 0.244912 0.370138 0.015342 0.020338
0 0.392044 0.535440 0.015601 0.019962
0 0.404783 0.230162 0.016662 0.022471
0 0.843234 0.557395 0.023241 0.029817
0 0.508046 0.729179 0.018836 0.021733
0 0.641544 0.065391 0.016933 0.023259
0 0.352373 0.894103 0.020417 0.023727
0 0.097404 0.473821 0.018027 0.023298
0 0.438557 0.603464 0.018259 0.021709
0 0.898486 0.729814 0.019928 0.023081
0 0.206879 0.436772 0.019719 0.024390
0 0.622331 0.915211 0.022581 0.026636
0 0.767402 0.304152 0.019461 0.023312
0 0.416090 0.448648 0.017952 0.022394
0 0.531442 0.528978 0.017454 0.021519
0 0.021125 0.522871 0.019409 0.022070
0 0.353999 0.467977 0.016886 0.021552
0 0.416482 0.138911 0.018351 0.023427
0 0.471496 0.965900 0.018459 0.022362
0 0.051554 0.409085 0.015959 0.020002
0 0.783575 0.723054 0.017757 0.021437
0 0.260800 0.078940 0.020288 0.021338
0 0.921427 0.131275 0.018427 0.020631
0 0.168318 0.100116 0.018333 0.021863
0 0.122481 0.223777 0.018460 0.023899
0 0.024806 0.265351 0.017301 0.021043
0 0.595995 0.170257 0.018482 0.023175
0 0.684203 0.775263 0.018079 0.020624
0 0.374141 0.037766 0.015077 0.018674
0 0.754686 0.641376 0.018305 0.023964
0 0.161791 0.875215 0.019523 0.023014
0 0.574300 0.470958 0.018308 0.022889
0 0.136554 0.099302 0.016028 0.020326
0 0.314794 0.398827 0.020875 0.024289
0 0.602834 0.204082 0.018708 0.021018
0 0.937291 0.439975 0.018803 0.023919
0 0.308664 0.034317 0.019673 0.026072
0 0.951543 0.166297 0.016037 0.019448
0 0.317035 0.558183 0.018620 0.023112
0 0.192021 0.065227 0.016128 0.021207
0 0.309789 0.091309 0.017359 0.020713
0 0.369554 0.649807 0.017158 0.020950
0 0.689207 0.750048 0.019835 0.022101
0 0.302791 0.577697 0.016559 0.019776
0 0.849140 0.679948 0.021002 0.024019
0 0.069816 0.697822 0.017280 0.019046
0 0.020251 0.797849 0.015306 0.018908
0 0.541144 0.432496 0.018021 0.021068
0 0.425983 0.626257 0.016338 0.019926
0 0.629652 0.223204 0.015899 0.017871
0 0.617004 0.030612 0.016069 0.018007
0 0.620017 0.056423 0.016069 0.019208