0 0.554980 0.514475 0.022058 0.028860
0 0.289468 0.095942 0.018507 0.022169
0 0.209266 0.309493 0.021319 0.025310
0 0.414560 0.583619 0.019734 0.024997
0 0.939317 0.440442 0.020622 0.025964
0 0.248581 0.667618 0.018502 0.023157
0 0.200204 0.348397 0.018151 0.022610
0 0.320225 0.250534 0.018416 0.022829
0 0.695493 0.260757 0.022329 0.025612
0 0.226146 0.361537 0.016081 0.020615
0 0.394710 0.536697 0.016077 0.020977
0 0.537548 0.488048 0.018430 0.022961
0 0.544413 0.302880 0.018693 0.023225
0 0.381159 0.015851 0.017051 0.020156
0 0.906170 0.164820 0.017416 0.022439
0 0.218812 0.144307 0.017920 0.022196
0 0.345968 0.797621 0.017023 0.020893
0 0.268542 0.654333 0.016242 0.021269
0 0.100035 0.473784 0.019006 0.024181
0 0.434029 0.023293 0.017107 0.020653
0 0.248423 0.510295 0.020992 0.024578
0 0.313598 0.096343 0.015974 0.020068
0 0.419510 0.538945 0.017994 0.022920
0 0.601180 0.860021 0.022115 0.024200
0 0.770245 0.438834 0.020384 0.026408
0 0.826955 0.367253 0.019794 0.024431
0 0.179038 0.389016 0.018462 0.021195
0 0.847167 0.831002 0.021682 0.026672
0 0.690171 0.050188 0.017006 0.021948
0 0.980381 0.867958 0.021074 0.024341
0 0.533402 0.529341 0.016060 0.020767
0 0.293563 0.065937 0.015820 0.019571
0 0.321422 0.559678 0.020403 0.024103
0 0.978632 0.641933 0.019929 0.022739
0 0.725038 0.253106 0.019158 0.023887
0 0.419467 0.847978 0.018072 0.022694
0 0.577128 0.303055 0.016532 0.021035
0 0.756054 0.644992 0.019825 0.024707
0 0.023246 0.525852 0.019334 0.022126
0 0.352393 0.621973 0.017265 0.020969
0 0.400361 0.913607 0.019657 0.022569
0 0.903747 0.725869 0.016654 0.021299
0 0.443267 0.606306 0.017125 0.022533
0 0.136283 0.353752 0.019568 0.023360
0 0.675599 0.111232 0.018994 0.022692
0 0.124159 0.225185 0.018176 0.024719
0 0.683601 0.700536 0.021648 0.026255
0 0.394812 0.973284 0.019532 0.022965
0 0.349227 0.094647 0.019059 0.022053
0 0.990732 0.767577 0.018438 0.024926
0 0.691587 0.753382 0.018948 0.022987
0 0.461694 0.284940 0.018248 0.021074
0 0.737880 0.846313 0.019350 0.024597
0 0.428952 0.070814 0.015414 0.019422
0 0.844932 0.557948 0.023133 0.030681
0 0.658938 0.072167 0.014862 0.018198
0 0.143718 0.434641 0.016789 0.021223
0 0.434510 0.747347 0.018378 0.023098
0 0.597988 0.173578 0.018420 0.023250
0 0.545594 0.431683 0.016564 0.020875
0 0.209298 0.438921 0.019222 0.022603
0 0.356625 0.469692 0.016778 0.021879
0 0.481539 0.077384 0.016290 0.021948
0 0.162372 0.008985 0.018309 0.017081
0 0.331924 0.277350 0.016108 0.020172
0 0.418778 0.140894 0.017547 0.021910
0 0.789268 0.816870 0.022059 0.025133
0 0.640522 0.240175 0.015647 0.018309
0 0.040938 0.372723 0.016862 0.020735
0 0.247067 0.373145 0.016372 0.021060
0 0.683960 0.955875 0.019435 0.024705
0 0.347808 0.433842 0.019788 0.023559
0 0.116366 0.946626 0.017043 0.020351
0 0.620621 0.056235 0.018774 0.022911
0 0.575481 0.474515 0.017625 0.023234
0 0.724308 0.779706 0.017014 0.020959
0 0.418656 0.454765 0.016990 0.020815
0 0.940225 0.390697 0.018764 0.022811
0 0.954171 0.953178 0.021047 0.026026
0 0.138955 0.101679 0.016692 0.023388
0 0.292517 0.278470 0.017849 0.022566
0 0.237698 0.912583 0.019433 0.024504
0 0.511101 0.730715 0.017338 0.021937
0 0.047169 0.437512 0.016585 0.023143
0 0.489980 0.970872 0.019150 0.024526
0 0.371781 0.652730 0.016963 0.020462
0 0.138395 0.734078 0.016214 0.018849
0 0.144020 0.854545 0.015920 0.020659
0 0.479314 0.658275 0.015874 0.019331
0 0.079861 0.310819 0.015505 0.018623
0 0.425901 0.237937 0.020094 0.022422
0 0.793969 0.725668 0.018155 0.021457
0 0.236102 0.101358 0.013944 0.019764
0 0.055787 0.410822 0.016183 0.020305
0 0.880956 0.717940 0.017975 0.021765
0 0.556038 0.484163 0.013923 0.020566