0 0.033668 0.932584 0.016653 0.022418
0 0.409329 0.552334 0.013578 0.019357
0 0.133495 0.178841 0.020324 0.024628
0 0.625074 0.944829 0.018688 0.024574
0 0.463066 0.046337 0.016554 0.019275
0 0.004889 0.675899 0.009778 0.018684
0 0.512975 0.231539 0.020860 0.025624
0 0.830796 0.289844 0.017995 0.022499
0 0.279538 0.384840 0.018028 0.024191
0 0.597054 0.624607 0.013311 0.017985
0 0.758358 0.822008 0.019645 0.024089
0 0.617774 0.647563 0.015942 0.020959
0 0.652265 0.927020 0.012948 0.015321
0 0.652525 0.211403 0.016502 0.020417
0 0.248031 0.067462 0.015830 0.016135
0 0.130679 0.229329 0.015965 0.022114
0 0.860890 0.312915 0.017012 0.020648
0 0.044641 0.160992 0.014880 0.017839
0 0.715226 0.201668 0.018536 0.023530
0 0.787354 0.670195 0.016272 0.020325
0 0.465622 0.678036 0.015374 0.020522
0 0.287470 0.261569 0.017852 0.020852
0 0.115745 0.488813 0.017126 0.020584
0 0.565670 0.874838 0.017375 0.021073
0 0.802630 0.640847 0.017195 0.020743
0 0.384321 0.087248 0.015432 0.020954
0 0.304956 0.562678 0.018657 0.023152
0 0.795610 0.776296 0.016725 0.023454
0 0.180119 0.667842 0.017908 0.022124
0 0.252623 0.944205 0.015442 0.020183
0 0.764999 0.949461 0.015377 0.019872
0 0.015638 0.040052 0.015531 0.019997
0 0.722800 0.906906 0.016681 0.022148
0 0.540803 0.920458 0.016755 0.018539
0 0.471171 0.532882 0.013074 0.017680
0 0.110110 0.221554 0.015277 0.021223
0 0.567543 0.624545 0.014191 0.017366
0 0.326903 0.820491 0.016457 0.017672
0 0.050226 0.189009 0.017386 0.024271
0 0.505133 0.102603 0.016022 0.021274
0 0.962972 0.697571 0.014939 0.018103
0 0.737873 0.539365 0.014258 0.018304
0 0.268239 0.046079 0.014715 0.018596
0 0.498573 0.052624 0.017126 0.022452
0 0.816120 0.869163 0.018073 0.023655
0 0.464592 0.334962 0.012872 0.017934
0 0.530075 0.433231 0.015356 0.019621
0 0.934080 0.896388 0.015109 0.016519
0 0.249578 0.466186 0.020096 0.024745
0 0.225897 0.972969 0.014811 0.018926
0 0.796481 0.959063 0.015631 0.019179
0 0.129391 0.471975 0.012988 0.016743
0 0.213393 0.225459 0.018073 0.021349
0 0.334310 0.526183 0.016100 0.019994
0 0.049778 0.515464 0.016815 0.020865
0 0.275950 0.080046 0.015178 0.018414
0 0.316209 0.081633 0.021091 0.019208
0 0.295620 0.055822 0.018078 0.018007
0 0.038011 0.078031 0.019082 0.019208
0 0.062617 0.048019 0.018078 0.016807
0 0.045042 0.113445 0.017073 0.018007
0 0.074669 0.209484 0.018078 0.018007
0 0.460831 0.096038 0.019082 0.021609
0 0.724466 0.067227 0.016069 0.019208
0 0.738025 0.169268 0.023099 0.021609
0 0.774682 0.171068 0.018078 0.022809
0 0.896206 0.608043 0.012052 0.015606
0 0.962491 0.300720 0.014061 0.020408
0 0.095760 0.672869 0.016069 0.025210
0 0.102288 0.552221 0.015065 0.021609
0 0.091240 0.523409 0.015065 0.016807
0 0.063622 0.534814 0.016069 0.020408
0 0.085717 0.846339 0.018078 0.016807
0 0.075171 0.934574 0.017073 0.015606
0 0.451792 0.777311 0.015065 0.013205
0 0.342321 0.862545 0.015065 0.015606
0 0.655168 0.682473 0.014061 0.022809
0 0.517576 0.299520 0.020086 0.018007
0 0.324243 0.114046 0.019082 0.016807
0 0.798786 0.062425 0.016069 0.016807
0 0.843981 0.880552 0.014061 0.013205
0 0.699860 0.665066 0.017073 0.016807
0 0.828916 0.567227 0.020086 0.020408