0 0.099660 0.307442 0.017361 0.023296
0 0.452853 0.442065 0.019101 0.023733
0 0.237197 0.553911 0.019446 0.024210
0 0.564769 0.759485 0.029156 0.028002
0 0.208190 0.746183 0.015996 0.018900
0 0.639286 0.306535 0.019119 0.022979
0 0.986213 0.466081 0.020506 0.025954
0 0.771654 0.209736 0.018136 0.019061
0 0.237861 0.742645 0.016783 0.020353
0 0.061050 0.269658 0.017943 0.022834
0 0.798260 0.872580 0.019559 0.023599
0 0.915033 0.884792 0.018268 0.022497
0 0.871837 0.137822 0.020905 0.026232
0 0.096034 0.371828 0.016789 0.021797
0 0.443037 0.316010 0.016974 0.021198
0 0.594229 0.808849 0.017848 0.022567
0 0.772370 0.380224 0.021349 0.025184
0 0.623389 0.274233 0.019708 0.023379
0 0.016456 0.406271 0.016209 0.019076
0 0.308917 0.212178 0.018683 0.023671
0 0.297999 0.945654 0.018145 0.020677
0 0.157075 0.889416 0.019970 0.025550
0 0.553680 0.106913 0.019336 0.023143
0 0.977248 0.294360 0.019123 0.022524
0 0.134272 0.914948 0.020630 0.023239
0 0.430269 0.227143 0.018375 0.022503
0 0.414000 0.349040 0.019504 0.021985
0 0.041852 0.420541 0.016117 0.018466
0 0.860515 0.910246 0.016394 0.019144
0 0.263609 0.738750 0.015914 0.020375
0 0.566801 0.044575 0.018574 0.023033
0 0.075284 0.304283 0.018221 0.024915
0 0.917478 0.766238 0.019918 0.024361
0 0.127936 0.284587 0.019684 0.023684
0 0.480250 0.148991 0.018228 0.022512
0 0.091184 0.504162 0.019779 0.024293
0 0.815443 0.370203 0.016735 0.019747
0 0.054560 0.900832 0.018416 0.022402
0 0.422513 0.111796 0.018640 0.025101
0 0.966929 0.698812 0.019425 0.025019
0 0.866006 0.880638 0.018440 0.020912
0 0.350422 0.264154 0.015809 0.019177
0 0.444218 0.687443 0.017619 0.023731
0 0.720444 0.086281 0.018950 0.023547
0 0.317069 0.241055 0.016497 0.019480
0 0.615058 0.616435 0.018892 0.022945
0 0.312482 0.529946 0.018665 0.023516
0 0.085434 0.204614 0.015060 0.017909
0 0.323398 0.265918 0.014186 0.020194
0 0.876867 0.533803 0.018868 0.023008
0 0.304453 0.153877 0.019173 0.022154
0 0.411622 0.961999 0.018737 0.023088
0 0.469732 0.476362 0.018078 0.021769
0 0.312650 0.853267 0.019120 0.024361
0 0.030873 0.452638 0.015975 0.019139
0 0.801046 0.084478 0.018058 0.020615
0 0.749583 0.339450 0.018517 0.022510
0 0.102227 0.223785 0.020720 0.022714
0 0.934281 0.222050 0.018987 0.023119
0 0.544970 0.654288 0.016829 0.019372
0 0.932528 0.678329 0.017538 0.023406
0 0.254279 0.176644 0.016125 0.020879
0 0.523620 0.697642 0.018360 0.023325
0 0.349396 0.400011 0.018572 0.021877
0 0.062672 0.234986 0.019149 0.023069
0 0.314296 0.061963 0.019293 0.025352
0 0.776897 0.235822 0.018369 0.022254
0 0.865318 0.629738 0.018856 0.022866
0 0.275393 0.419564 0.022729 0.028753
0 0.738587 0.447789 0.017842 0.022226
0 0.006802 0.448035 0.013573 0.018701
0 0.166519 0.248686 0.016694 0.020654
0 0.190979 0.906122 0.015242 0.019514
0 0.226320 0.914903 0.018423 0.020739
0 0.810776 0.113537 0.018567 0.022359
0 0.638982 0.506259 0.018530 0.021487
0 0.270349 0.943569 0.015576 0.018702
0 0.887398 0.418976 0.019793 0.023747
0 0.519641 0.410372 0.019436 0.022339
0 0.301153 0.264782 0.016896 0.021972
0 0.267945 0.570033 0.015673 0.020421
0 0.606516 0.152147 0.016187 0.020342
0 0.888244 0.287728 0.022597 0.021249
0 0.432927 0.563498 0.017214 0.020123
0 0.029729 0.180167 0.016714 0.020092
0 0.556220 0.158025 0.014896 0.019856
0 0.992394 0.248088 0.015212 0.021856
0 0.089734 0.872749 0.014061 0.016807
0 0.476398 0.262905 0.018078 0.019208
0 0.332278 0.301921 0.015065 0.018007