0 0.095078 0.294333 0.016252 0.022353
0 0.325934 0.269779 0.014908 0.018819
0 0.638949 0.306122 0.017937 0.021530
0 0.239130 0.743397 0.016007 0.019548
0 0.665901 0.806535 0.027515 0.028498
0 0.264203 0.740812 0.015851 0.020161
0 0.772749 0.211039 0.017020 0.018288
0 0.043587 0.418715 0.016179 0.019304
0 0.074037 0.307592 0.018807 0.026102
0 0.237725 0.554070 0.019398 0.024610
0 0.772415 0.380220 0.021512 0.021398
0 0.506567 0.471200 0.019119 0.024542
0 0.662671 0.302584 0.016992 0.021994
0 0.209193 0.749277 0.015363 0.019983
0 0.868507 0.879739 0.018406 0.021801
0 0.039359 0.262679 0.018549 0.020917
0 0.905515 0.908046 0.016254 0.019816
0 0.443222 0.316932 0.016432 0.020932
0 0.157036 0.888842 0.020005 0.025249
0 0.041907 0.447452 0.014524 0.020780
0 0.127264 0.280487 0.020575 0.024799
0 0.952504 0.564181 0.018356 0.022251
0 0.465227 0.229470 0.019553 0.023071
0 0.795205 0.114463 0.018293 0.020844
0 0.016128 0.405480 0.016692 0.020255
0 0.092003 0.504452 0.019384 0.023617
0 0.633654 0.063362 0.018417 0.022761
0 0.695488 0.662201 0.020065 0.026437
0 0.312942 0.854968 0.019304 0.024650
0 0.976279 0.292979 0.018856 0.025459
0 0.145691 0.392276 0.017771 0.021971
0 0.868038 0.386525 0.016687 0.020408
0 0.303506 0.265248 0.018767 0.021464
0 0.662459 0.858948 0.019507 0.023610
0 0.473954 0.362635 0.021375 0.024999
0 0.396471 0.413924 0.017643 0.020690
0 0.481563 0.149417 0.016941 0.021802
0 0.088093 0.472210 0.015186 0.020026
0 0.885004 0.419848 0.021118 0.026046
0 0.530281 0.698709 0.017834 0.021193
0 0.775895 0.237160 0.017528 0.021707
0 0.833259 0.363615 0.017901 0.022875
0 0.472312 0.120125 0.018368 0.021820
0 0.498444 0.729708 0.017633 0.022447
0 0.801403 0.088851 0.018272 0.017622
0 0.478740 0.258675 0.014809 0.019604
0 0.341707 0.441253 0.023737 0.027876
0 0.916227 0.885388 0.016627 0.020268
0 0.382148 0.562489 0.018479 0.022295
0 0.470700 0.477432 0.016981 0.021926
0 0.867869 0.634210 0.019908 0.024094
0 0.133983 0.916654 0.019850 0.023901
0 0.155782 0.232332 0.021810 0.023665
0 0.106290 0.946099 0.017517 0.021935
0 0.289066 0.190707 0.015433 0.019441
0 0.962725 0.161528 0.018902 0.023870
0 0.640095 0.500894 0.018278 0.023343
0 0.187562 0.260759 0.017797 0.022133
0 0.589410 0.090869 0.017081 0.021996
0 0.606349 0.153421 0.016358 0.020712
0 0.847502 0.111208 0.017538 0.022620
0 0.452748 0.572403 0.015452 0.019612
0 0.316871 0.242405 0.016352 0.020027
0 0.339773 0.231925 0.018310 0.023220
0 0.375474 0.079031 0.019205 0.024301
0 0.794811 0.477515 0.017671 0.022427
0 0.227161 0.946619 0.017486 0.021566
0 0.031849 0.179388 0.018173 0.024253
0 0.132258 0.213400 0.014159 0.017287
0 0.126431 0.318689 0.017555 0.022495
0 0.933881 0.218868 0.018433 0.022780
0 0.544963 0.654193 0.017405 0.020862
0 0.306114 0.156958 0.018279 0.021568
0 0.103691 0.241152 0.018727 0.025329
0 0.428156 0.280749 0.016120 0.021101
0 0.334462 0.296621 0.017656 0.021885
0 0.898197 0.111821 0.020854 0.023968
0 0.799162 0.874549 0.019696 0.024727
0 0.520693 0.411755 0.018743 0.023365
0 0.338625 0.972889 0.015021 0.022207
0 0.551102 0.158609 0.014632 0.018756
0 0.274763 0.962911 0.018798 0.022208
0 0.431251 0.674826 0.018943 0.020052
0 0.268836 0.576671 0.015347 0.019450
0 0.090714 0.875153 0.021134 0.024645
0 0.061185 0.465263 0.018045 0.020375
0 0.888933 0.289915 0.020432 0.022537
0 0.932515 0.679779 0.017976 0.020385
0 0.637535 0.663592 0.012731 0.017007