0 0.279932 0.385062 0.018592 0.024296
0 0.132859 0.179109 0.020421 0.026161
0 0.624908 0.944726 0.018936 0.025696
0 0.130685 0.231016 0.016169 0.022719
0 0.546633 0.930666 0.015654 0.020421
0 0.514723 0.232764 0.021373 0.026659
0 0.756835 0.825865 0.019078 0.023557
0 0.056046 0.200172 0.017390 0.022613
0 0.467099 0.060360 0.016587 0.021040
0 0.247855 0.469430 0.019470 0.024676
0 0.033312 0.931783 0.017130 0.021820
0 0.512882 0.964911 0.020913 0.027294
0 0.201262 0.679052 0.017118 0.023147
0 0.097287 0.673927 0.017566 0.021776
0 0.835353 0.299182 0.019336 0.022927
0 0.719468 0.213623 0.018609 0.025776
0 0.411170 0.554427 0.014346 0.019230
0 0.115520 0.488740 0.018208 0.022565
0 0.384006 0.086071 0.016518 0.022664
0 0.723798 0.913388 0.016567 0.020944
0 0.465010 0.678142 0.016144 0.021059
0 0.764752 0.949025 0.016679 0.020853
0 0.599339 0.632746 0.014148 0.018418
0 0.504708 0.108135 0.016881 0.019945
0 0.815013 0.870112 0.019112 0.024067
0 0.661953 0.226776 0.017752 0.022334
0 0.452735 0.775628 0.019259 0.024730
0 0.218735 0.955251 0.014439 0.018229
0 0.076260 0.924457 0.016265 0.021039
0 0.214321 0.224949 0.017147 0.019881
0 0.371750 0.856616 0.017504 0.020558
0 0.314091 0.081380 0.018439 0.023567
0 0.270222 0.058006 0.016255 0.020235
0 0.008773 0.028108 0.015342 0.018296
0 0.613023 0.656821 0.016435 0.020447
0 0.023838 0.298702 0.017772 0.021431
0 0.809370 0.655468 0.016586 0.019805
0 0.017765 0.954688 0.016324 0.021902
0 0.798887 0.959248 0.014169 0.018756
0 0.793133 0.683919 0.016904 0.020238
0 0.245194 0.928471 0.016478 0.019810
0 0.799546 0.780478 0.016388 0.020548
0 0.726230 0.954031 0.012039 0.016523
0 0.049165 0.515548 0.018621 0.021381
0 0.070935 0.806157 0.016775 0.018955
0 0.991263 0.648202 0.016350 0.020960
0 0.976184 0.701811 0.014186 0.019514
0 0.188306 0.194898 0.014557 0.016871
0 0.911979 0.623863 0.015333 0.019195
0 0.331240 0.038899 0.014264 0.017438
0 0.017831 0.047616 0.015777 0.020090
0 0.328763 0.111645 0.024104 0.019208
0 0.506026 0.067827 0.017073 0.020408
0 0.304659 0.286915 0.014061 0.016807
0 0.848500 0.888355 0.015065 0.021609
0 0.313698 0.574430 0.016069 0.020408
0 0.138946 0.528812 0.014061 0.018007
0 0.272019 0.094238 0.015065 0.018007
0 0.296122 0.049220 0.019082 0.026411
0 0.060106 0.048019 0.015065 0.019208
0 0.044037 0.106843 0.015065 0.016807
0 0.057596 0.170468 0.014061 0.016807
0 0.077180 0.229292 0.019082 0.016807
0 0.961487 0.320528 0.014061 0.019208
0 0.342321 0.542617 0.015065 0.019208
0 0.064124 0.538415 0.015065 0.015606
0 0.653661 0.686074 0.015065 0.020408
0 0.737020 0.540216 0.015065 0.019208
0 0.724466 0.082833 0.016069 0.019208
0 0.735012 0.175270 0.019082 0.024010
0 0.266997 0.970588 0.015065 0.018007
0 0.108816 0.229292 0.016069 0.024010
0 0.696345 0.961585 0.016069 0.019208
0 0.529125 0.430972 0.015065 0.019208
0 0.451792 0.256903 0.015065 0.014406
0 0.424676 0.038415 0.017073 0.019208
0 0.685298 0.621849 0.016069 0.016807
0 0.741038 0.568427 0.013056 0.015606
0 0.234859 0.207083 0.015065 0.018007
0 0.294616 0.102641 0.014061 0.022809
0 0.034998 0.076831 0.015065 0.019208
0 0.197197 0.395558 0.016069 0.015606
0 0.520589 0.294118 0.012052 0.012005
0 0.812847 0.086435 0.014061 0.012005
0 0.693332 0.199280 0.014061 0.016807
0 0.469870 0.108043 0.015065 0.016807
0 0.233854 0.978992 0.019082 0.022809
0 0.107310 0.549220 0.019082 0.018007
0 0.134928 0.426170 0.016069 0.014406
0 0.122374 0.281513 0.017073 0.010804