0 0.436635 0.794806 0.018276 0.023083
0 0.951956 0.284017 0.020408 0.026004
0 0.346936 0.109872 0.016549 0.022077
0 0.832759 0.992739 0.017391 0.014189
0 0.528432 0.973339 0.019741 0.028369
0 0.662213 0.276432 0.018928 0.024074
0 0.411291 0.707523 0.020147 0.026217
0 0.529855 0.884194 0.020064 0.025639
0 0.234712 0.237524 0.016987 0.021432
0 0.980554 0.307878 0.018578 0.021955
0 0.990381 0.344238 0.018572 0.023041
0 0.267885 0.471461 0.019382 0.023450
0 0.552029 0.976205 0.017009 0.020354
0 0.290228 0.460825 0.015558 0.020336
0 0.780426 0.606184 0.019069 0.022872
0 0.986252 0.703152 0.020749 0.023836
0 0.066429 0.092121 0.016780 0.022682
0 0.297508 0.389153 0.019522 0.025021
0 0.357796 0.045914 0.015826 0.019985
0 0.319404 0.111065 0.017983 0.022524
0 0.007099 0.757072 0.014198 0.022033
0 0.546331 0.442274 0.018308 0.022822
0 0.132058 0.137402 0.018454 0.023235
0 0.343148 0.679583 0.019360 0.022534
0 0.503671 0.096335 0.018221 0.022352
0 0.865470 0.677929 0.018801 0.021730
0 0.736732 0.574452 0.016555 0.020438
0 0.216924 0.506799 0.016127 0.018446
0 0.988238 0.049120 0.021421 0.026037
0 0.656585 0.722526 0.020436 0.023244
0 0.673656 0.043500 0.018299 0.023366
0 0.131292 0.369867 0.018201 0.021622
0 0.133958 0.770335 0.019554 0.022656
0 0.467428 0.266473 0.018729 0.022871
0 0.723291 0.553801 0.018572 0.019570
0 0.756393 0.489902 0.019906 0.023815
0 0.495391 0.130639 0.021185 0.024815
0 0.148535 0.240193 0.016827 0.020081
0 0.769771 0.577818 0.017941 0.022252
0 0.248372 0.807077 0.020013 0.025406
0 0.652140 0.068956 0.016399 0.020113
0 0.177214 0.976424 0.016338 0.018983
0 0.327567 0.036107 0.012818 0.019100
0 0.857811 0.160201 0.020220 0.025587
0 0.671512 0.384622 0.018592 0.023007
0 0.357317 0.799594 0.017021 0.020313
0 0.084218 0.087379 0.012831 0.019256
0 0.476488 0.401961 0.018754 0.023838
0 0.738265 0.011282 0.021134 0.022564
0 0.051897 0.940915 0.016438 0.020348
0 0.344456 0.024009 0.016077 0.019757
0 0.360955 0.773628 0.016170 0.019977
0 0.823863 0.889514 0.019519 0.024079
0 0.371993 0.130845 0.017286 0.021883
0 0.541910 0.512042 0.021090 0.026853
0 0.010601 0.289794 0.019119 0.023067
0 0.007151 0.920371 0.014302 0.020610
0 0.908293 0.946633 0.016425 0.020586
0 0.629547 0.081388 0.017552 0.021708
0 0.405155 0.934627 0.018219 0.023722
0 0.070749 0.710534 0.019871 0.022670
0 0.018760 0.408301 0.015683 0.020332
0 0.691305 0.992953 0.018989 0.013493
0 0.773760 0.349439 0.017609 0.021186
0 0.911713 0.911545 0.017453 0.019966
0 0.842088 0.593828 0.018782 0.023054
0 0.132655 0.496252 0.018112 0.024193
0 0.884534 0.909757 0.016930 0.020313
0 0.808577 0.747582 0.021182 0.024094
0 0.269801 0.305813 0.017071 0.021739
0 0.044867 0.844610 0.016256 0.019815
0 0.548916 0.238505 0.015398 0.020072
0 0.353719 0.726204 0.019764 0.022753
0 0.318642 0.839413 0.017769 0.022350
0 0.651222 0.598788 0.021039 0.023781
0 0.010566 0.498605 0.016386 0.022212
0 0.410029 0.020971 0.014632 0.017819
0 0.079715 0.915570 0.017155 0.021237
0 0.410526 0.778042 0.019109 0.022365
0 0.402281 0.099630 0.017018 0.020143
0 0.091755 0.831096 0.018284 0.022486
0 0.833871 0.970377 0.018172 0.022189
0 0.421477 0.067984 0.016428 0.019964
0 0.596027 0.844864 0.017634 0.022142
0 0.477403 0.149175 0.018258 0.022161
0 0.300502 0.547004 0.016330 0.021458
0 0.154044 0.069673 0.017267 0.021131
0 0.774247 0.056496 0.020122 0.024550
0 0.801447 0.661021 0.019600 0.023187
0 0.306311 0.033782 0.017052 0.020136
0 0.429509 0.867312 0.020199 0.025244
0 0.992817 0.249836 0.014365 0.023793
0 0.908845 0.973524 0.014719 0.017542
0 0.022315 0.624901 0.016921 0.021114
0 0.433057 0.091474 0.017096 0.021619
0 0.890915 0.488888 0.016723 0.019059
0 0.401299 0.659027 0.015704 0.019242
0 0.508091 0.393516 0.020285 0.023741
0 0.930143 0.436267 0.020203 0.023724
0 0.643387 0.112100 0.018547 0.021272
0 0.802034 0.481506 0.020635 0.024116
0 0.122399 0.729435 0.017984 0.021489
0 0.037186 0.649887 0.017640 0.022235
0 0.929404 0.988873 0.015631 0.017898
0 0.854191 0.386716 0.017630 0.021664
0 0.047427 0.123279 0.018502 0.024017
0 0.806277 0.690966 0.017923 0.021789
0 0.091884 0.065380 0.016794 0.020984
0 0.880749 0.698702 0.018495 0.024509
0 0.799226 0.289973 0.016710 0.022196
0 0.967388 0.554387 0.018512 0.022468
0 0.368752 0.596450 0.018902 0.022036
0 0.759145 0.677741 0.018096 0.019979
0 0.651589 0.413906 0.017836 0.021664
0 0.196174 0.496003 0.018481 0.024213
0 0.220796 0.331214 0.016382 0.021423
0 0.284126 0.367646 0.015412 0.018969
0 0.026157 0.983783 0.016935 0.020311
0 0.793982 0.086253 0.020022 0.026460
0 0.852389 0.936797 0.019153 0.021561
0 0.647432 0.819728 0.018726 0.022974
0 0.765822 0.993563 0.016883 0.012874
0 0.290133 0.843902 0.017305 0.020703
0 0.338232 0.052140 0.013235 0.017742
0 0.383787 0.649777 0.015418 0.019939
0 0.990178 0.886258 0.018777 0.023537
0 0.893790 0.009771 0.019072 0.019541
0 0.040216 0.037491 0.016635 0.020119
0 0.532420 0.663083 0.020494 0.025545
0 0.442744 0.837570 0.017115 0.020160
0 0.424226 0.428924 0.016662 0.020675
0 0.620332 0.058703 0.016466 0.019709
0 0.195513 0.727798 0.018479 0.021846
0 0.375224 0.978801 0.015379 0.018561
0 0.378236 0.956827 0.016373 0.018895
0 0.564746 0.287791 0.015503 0.018963
0 0.675762 0.299209 0.014762 0.018848
0 0.724894 0.835968 0.016420 0.021082
0 0.380498 0.261704 0.017239 0.020671
0 0.588115 0.929875 0.017517 0.020311
0 0.644295 0.137985 0.013453 0.018064
0 0.500732 0.921161 0.016441 0.019797
0 0.495259 0.988022 0.017926 0.018737
0 0.753224 0.591317 0.014436 0.020437
0 0.684884 0.869679 0.015967 0.020590
0 0.138203 0.410710 0.013457 0.016771
0 0.833920 0.699134 0.014730 0.017088
0 0.719535 0.588072 0.016684 0.022143
0 0.445061 0.018397 0.014481 0.016997