0 0.325351 0.271739 0.017065 0.020365
0 0.106431 0.874648 0.024897 0.029318
0 0.146478 0.291612 0.018880 0.023100
0 0.189077 0.517369 0.016458 0.022695
0 0.325621 0.165752 0.018452 0.021057
0 0.869309 0.659726 0.018774 0.024478
0 0.938552 0.892647 0.020432 0.022912
0 0.047684 0.191207 0.022165 0.027851
0 0.107851 0.681769 0.021595 0.027088
0 0.501884 0.158803 0.020290 0.025090
0 0.123502 0.844492 0.022967 0.026162
0 0.346624 0.907721 0.020227 0.025418
0 0.095882 0.388199 0.023770 0.026232
0 0.819152 0.882272 0.021857 0.025904
0 0.259441 0.564877 0.017264 0.027385
0 0.503171 0.426674 0.021749 0.028049
0 0.925878 0.912617 0.016014 0.019261
0 0.355228 0.306070 0.014615 0.019710
0 0.188485 0.347467 0.016760 0.022153
0 0.103633 0.495314 0.018262 0.020332
0 0.789497 0.388437 0.022911 0.023140
0 0.891540 0.880062 0.020584 0.023026
0 0.330574 0.122846 0.019570 0.023761
0 0.207658 0.335538 0.016140 0.021886
0 0.796871 0.245087 0.019984 0.024854
0 0.911606 0.296078 0.021505 0.034147
0 0.890264 0.645049 0.018054 0.022755
0 0.078112 0.514829 0.017896 0.021893
0 0.390477 0.359039 0.017770 0.021344
0 0.338760 0.293070 0.018034 0.020513
0 0.080834 0.486072 0.018138 0.022070
0 0.911906 0.929102 0.019032 0.022208
0 0.095610 0.310206 0.019210 0.024016
0 0.921580 0.814010 0.019370 0.027261
0 0.160502 0.360255 0.018076 0.023076
0 0.955183 0.606580 0.022343 0.027938
0 0.599369 0.144761 0.017270 0.021889
0 0.503440 0.223228 0.020238 0.026808
0 0.336316 0.249758 0.020333 0.021334
0 0.539084 0.418206 0.019601 0.023594
0 0.325597 0.434638 0.019402 0.023782
0 0.177044 0.904671 0.021334 0.027157
0 0.535974 0.626583 0.020559 0.026221
0 0.360262 0.113070 0.017360 0.023698
0 0.553864 0.704135 0.020164 0.022728
0 0.778548 0.730215 0.022761 0.026671
0 0.306334 0.286703 0.015718 0.019633
0 0.418701 0.737343 0.019732 0.023293
0 0.281851 0.743181 0.019260 0.028050
0 0.133353 0.957555 0.019323 0.022702
0 0.266525 0.133189 0.017112 0.024669
0 0.921475 0.120666 0.020323 0.025818
0 0.849171 0.601497 0.019328 0.023014
0 0.771944 0.247685 0.017754 0.019725
0 0.906241 0.430240 0.020634 0.025590
0 0.331768 0.859731 0.022550 0.023810
0 0.010372 0.499657 0.018164 0.021565
0 0.987597 0.495982 0.021391 0.025621
0 0.120961 0.291756 0.016357 0.020800
0 0.075797 0.448773 0.017238 0.021837
0 0.766400 0.861170 0.017537 0.022559
0 0.466322 0.322200 0.019793 0.022103
0 0.628907 0.157053 0.018055 0.023564
0 0.276706 0.694429 0.018928 0.023954
0 0.113880 0.439586 0.017179 0.020802
0 0.188277 0.860641 0.018120 0.022614
0 0.153371 0.748774 0.017521 0.021950
0 0.217633 0.774767 0.018549 0.023005
0 0.490730 0.487523 0.018091 0.022250
0 0.578575 0.070490 0.022896 0.025146
0 0.611014 0.760955 0.017515 0.022214
0 0.887642 0.247230 0.020107 0.022929
0 0.404816 0.504182 0.017591 0.024142
0 0.382657 0.079356 0.017309 0.021861
0 0.242897 0.893883 0.020281 0.023654
0 0.614580 0.056311 0.019735 0.024243
0 0.450903 0.677509 0.018610 0.026557
0 0.570005 0.160846 0.019435 0.023140
0 0.355739 0.259252 0.014908 0.019783
0 0.438327 0.544602 0.018141 0.022246
0 0.713724 0.777182 0.019874 0.025178
0 0.297241 0.402573 0.015942 0.021788
0 0.309061 0.091867 0.017831 0.021859
0 0.341824 0.185405 0.017423 0.022212
0 0.685200 0.319282 0.018403 0.024017
0 0.487758 0.258260 0.016598 0.020531
0 0.278291 0.368094 0.016846 0.020291
0 0.868836 0.407691 0.017354 0.021243
0 0.537148 0.361630 0.018507 0.022433
0 0.251687 0.037852 0.018777 0.023408
0 0.601652 0.214315 0.018868 0.022174
0 0.650567 0.040038 0.019017 0.022846
0 0.338099 0.334089 0.017414 0.021656
0 0.956856 0.689369 0.018976 0.021934
0 0.803747 0.325062 0.017608 0.021498
0 0.285427 0.583346 0.015076 0.018397
0 0.018424 0.273462 0.018302 0.021659
0 0.958318 0.825894 0.018126 0.020024
0 0.824259 0.096447 0.019325 0.022846
0 0.308012 0.793741 0.016778 0.020499
0 0.043465 0.854318 0.017441 0.022132
0 0.791375 0.217053 0.016537 0.020640
0 0.590023 0.403151 0.017427 0.021126
0 0.755224 0.349060 0.017114 0.020584
0 0.497478 0.110983 0.014131 0.017746
0 0.765353 0.224907 0.015593 0.024458
0 0.091668 0.783362 0.016801 0.020070
0 0.134333 0.315660 0.015120 0.018248
0 0.411898 0.343404 0.013496 0.016273
0 0.509903 0.126246 0.013807 0.016956
0 0.596788 0.191060 0.017087 0.018571
0 0.168573 0.533013 0.019082 0.016807