0 0.626662 0.945003 0.019161 0.026014
0 0.280961 0.385048 0.019308 0.023652
0 0.251081 0.470496 0.020627 0.023785
0 0.750936 0.827017 0.017688 0.023033
0 0.796939 0.602802 0.018064 0.022631
0 0.184228 0.963218 0.013607 0.016879
0 0.544583 0.563070 0.015914 0.020146
0 0.227610 0.258721 0.014753 0.017952
0 0.066326 0.041002 0.017363 0.021009
0 0.008006 0.654173 0.015773 0.021990
0 0.771662 0.190776 0.018679 0.022599
0 0.086235 0.487020 0.016490 0.020331
0 0.785585 0.654641 0.016034 0.020522
0 0.747775 0.932836 0.017161 0.020743
0 0.596381 0.051373 0.014791 0.017131
0 0.511826 0.539834 0.015520 0.017978
0 0.129214 0.233071 0.018173 0.023706
0 0.695011 0.125489 0.017524 0.023877
0 0.733861 0.909584 0.016573 0.018575
0 0.238387 0.499759 0.018703 0.021826
0 0.467068 0.676512 0.017450 0.021688
0 0.515297 0.292920 0.019397 0.023199
0 0.115540 0.675383 0.017613 0.021918
0 0.010250 0.101513 0.014376 0.017833
0 0.303917 0.825028 0.018123 0.021874
0 0.027719 0.578877 0.016544 0.021565
0 0.035037 0.933838 0.016763 0.021572
0 0.747263 0.053728 0.018319 0.025131
0 0.448979 0.030845 0.016014 0.021674
0 0.124833 0.167778 0.019818 0.027265
0 0.020930 0.335440 0.014386 0.018842
0 0.208756 0.972914 0.019163 0.021201
0 0.026852 0.203698 0.012745 0.016977
0 0.197410 0.937558 0.015737 0.021337
0 0.118131 0.489222 0.017383 0.021624
0 0.838539 0.866137 0.014875 0.018371
0 0.195526 0.871190 0.018567 0.021733
0 0.617634 0.624167 0.016046 0.020974
0 0.219353 0.941647 0.015462 0.018618
0 0.043878 0.071748 0.016151 0.020846
0 0.366378 0.641227 0.013380 0.019754
0 0.788345 0.737053 0.018546 0.023611
0 0.810828 0.258620 0.018582 0.024005
0 0.078062 0.922579 0.017991 0.022513
0 0.520475 0.568547 0.015761 0.019861
0 0.159479 0.157430 0.016179 0.021796
0 0.937916 0.889803 0.015976 0.020815
0 0.979478 0.666658 0.016883 0.021006
0 0.691643 0.008797 0.014574 0.014757
0 0.480416 0.886695 0.016687 0.020557
0 0.512419 0.967250 0.022896 0.029193
0 0.036403 0.130053 0.016513 0.019854
0 0.228332 0.894745 0.016768 0.019489
0 0.326467 0.810973 0.016565 0.020035
0 0.661812 0.334753 0.015334 0.018518
0 0.284053 0.493070 0.015440 0.022418
0 0.400869 0.817625 0.019240 0.024249
0 0.307348 0.025877 0.014195 0.017096
0 0.568244 0.090396 0.016929 0.020476
0 0.834836 0.559018 0.015737 0.019756
0 0.824814 0.521129 0.017528 0.022843
0 0.493665 0.848831 0.018437 0.021994
0 0.815146 0.867907 0.017125 0.023145
0 0.649206 0.674417 0.018720 0.021198
0 0.251520 0.958160 0.016399 0.021433
0 0.705833 0.577897 0.015454 0.017965
0 0.763348 0.954221 0.016595 0.020092
0 0.487181 0.139693 0.021852 0.025912
0 0.709713 0.939269 0.015026 0.020360
0 0.804868 0.404937 0.017614 0.022657
0 0.216429 0.225982 0.016724 0.021633
0 0.020502 0.075058 0.016598 0.020501
0 0.385407 0.087337 0.017501 0.022907
0 0.236493 0.865750 0.015566 0.019534
0 0.571523 0.617940 0.016584 0.019298
0 0.638735 0.528091 0.016300 0.020533
0 0.132383 0.420476 0.019966 0.022543
0 0.466316 0.337157 0.013680 0.016271
0 0.003409 0.821839 0.006797 0.018617
0 0.817944 0.897999 0.015970 0.021816
0 0.588966 0.308423 0.015976 0.021308
0 0.059180 0.463494 0.015466 0.020136
0 0.043352 0.898714 0.013913 0.018028
0 0.944462 0.832188 0.019087 0.024881
0 0.945445 0.503222 0.017631 0.019336
0 0.390782 0.767837 0.019108 0.023445
0 0.532354 0.437014 0.016139 0.021296
0 0.903948 0.138298 0.014943 0.019268
0 0.317424 0.095321 0.014826 0.020350
0 0.015732 0.894435 0.014476 0.018993
0 0.311764 0.048168 0.017989 0.022993
0 0.747324 0.565525 0.016957 0.020933
0 0.400443 0.010397 0.013503 0.018212
0 0.735254 0.083260 0.014910 0.017381
0 0.086716 0.846506 0.019976 0.026407
0 0.585651 0.645489 0.017748 0.021256
0 0.835753 0.044550 0.013040 0.017847
0 0.296073 0.096746 0.014429 0.018227
0 0.267724 0.608756 0.016276 0.021039
0 0.721047 0.522136 0.016772 0.023513
0 0.649825 0.070901 0.016900 0.020834
0 0.452300 0.259829 0.019126 0.023695
0 0.117888 0.540344 0.017008 0.021465
0 0.446600 0.497469 0.014833 0.018305
0 0.968626 0.229869 0.019212 0.021736
0 0.851875 0.672813 0.015821 0.020301
0 0.363074 0.949984 0.012480 0.016038
0 0.710041 0.900576 0.017141 0.019412
0 0.377473 0.047419 0.017073 0.018007
0 0.330269 0.018607 0.013056 0.015606
0 0.330772 0.047419 0.016069 0.015606
0 0.797280 0.053421 0.017073 0.015606
0 0.812847 0.021609 0.016069 0.016807
0 0.653661 0.774910 0.019082 0.015606
0 0.183136 0.708283 0.016069 0.016807
0 0.799791 0.984994 0.016069 0.018007
0 0.514061 0.661465 0.021091 0.019208