0 0.703474 0.272404 0.016230 0.022376
0 0.970813 0.941550 0.013328 0.016170
0 0.977141 0.881705 0.018707 0.021919
0 0.361330 0.822981 0.014468 0.019083
0 0.923749 0.723023 0.014116 0.019316
0 0.762275 0.284754 0.013726 0.019680
0 0.827547 0.810818 0.016672 0.019836
0 0.450981 0.858477 0.012116 0.014676
0 0.719503 0.252970 0.015326 0.020312
0 0.906194 0.731907 0.014518 0.019786
0 0.670334 0.600252 0.017065 0.021369
0 0.689914 0.850972 0.014310 0.019118
0 0.827512 0.931684 0.015431 0.020842
0 0.387222 0.842076 0.013947 0.017809
0 0.416613 0.853847 0.015199 0.019394
0 0.200655 0.476882 0.012575 0.015163
0 0.805775 0.557604 0.015738 0.020122
0 0.654562 0.564302 0.016841 0.020900
0 0.730922 0.751105 0.018618 0.020935
0 0.137711 0.157637 0.019677 0.027518
0 0.434675 0.565531 0.014388 0.020763
0 0.938841 0.811144 0.015847 0.019744
0 0.288894 0.798862 0.018448 0.021684
0 0.414094 0.091398 0.016839 0.021431
0 0.548517 0.482657 0.024354 0.030778
0 0.745672 0.980910 0.012964 0.016015
0 0.982841 0.650387 0.017638 0.023571
0 0.203288 0.792869 0.014028 0.018051
0 0.352518 0.286022 0.017364 0.022013
0 0.948403 0.118064 0.013957 0.017527
0 0.891061 0.752743 0.018899 0.023542
0 0.419439 0.813018 0.015190 0.019219
0 0.990293 0.727739 0.017051 0.021499
0 0.304485 0.578724 0.018639 0.021175
0 0.962126 0.445592 0.013077 0.015390
0 0.478024 0.303065 0.015410 0.020243
0 0.699172 0.762295 0.015843 0.019803
0 0.433207 0.247145 0.015375 0.019868
0 0.597557 0.184135 0.015038 0.019155
0 0.803598 0.845163 0.016331 0.020720
0 0.433688 0.431502 0.016583 0.021241
0 0.592190 0.038879 0.016431 0.019859
0 0.426126 0.713433 0.015922 0.020560
0 0.416418 0.551572 0.016986 0.021168
0 0.476520 0.500932 0.017880 0.022020
0 0.944379 0.456624 0.014770 0.018983
0 0.059851 0.098313 0.015829 0.019125
0 0.945698 0.513227 0.016059 0.021420
0 0.153323 0.444263 0.014882 0.019317
0 0.637046 0.317612 0.014398 0.017580
0 0.153844 0.485550 0.015556 0.020968
0 0.627946 0.552998 0.017315 0.022416
0 0.289579 0.842029 0.017556 0.020322
0 0.899268 0.465168 0.015338 0.019794
0 0.135744 0.359946 0.016312 0.020139
0 0.931397 0.877660 0.015266 0.018881
0 0.728518 0.966997 0.017964 0.020740
0 0.795655 0.160770 0.016970 0.018980
0 0.422046 0.176504 0.013940 0.018263
0 0.165369 0.022018 0.018489 0.022736
0 0.943469 0.331205 0.017521 0.021730
0 0.319262 0.550572 0.017378 0.022305
0 0.317242 0.219594 0.016373 0.022134
0 0.742930 0.283626 0.015386 0.021220
0 0.897451 0.680885 0.015477 0.017791
0 0.678379 0.961253 0.016904 0.020332
0 0.231388 0.312139 0.021053 0.024036
0 0.939894 0.101137 0.014385 0.016952
0 0.242616 0.520264 0.017518 0.019448
0 0.606549 0.923744 0.016648 0.021117
0 0.845606 0.568504 0.015377 0.021330
0 0.752598 0.866274 0.015437 0.018474
0 0.017020 0.139455 0.014319 0.018859
0 0.954038 0.935942 0.011916 0.015535
0 0.088956 0.327073 0.013718 0.017635
0 0.237102 0.668110 0.015593 0.018781
0 0.965987 0.971288 0.015650 0.019206
0 0.347153 0.810731 0.013905 0.018631
0 0.771827 0.635628 0.014361 0.017850
0 0.348353 0.542989 0.013717 0.018013
0 0.751174 0.961011 0.013372 0.017197
0 0.603800 0.858955 0.016384 0.023074
0 0.147665 0.727854 0.017301 0.018809
0 0.075722 0.242077 0.014606 0.017949
0 0.640633 0.977623 0.015229 0.017816
0 0.931020 0.700027 0.015472 0.018476
0 0.960343 0.468474 0.014705 0.020823
0 0.249630 0.385988 0.016400 0.021259
0 0.558269 0.318260 0.019900 0.023579
0 0.829191 0.911036 0.014690 0.015235
0 0.798837 0.822166 0.014624 0.015362
0 0.417147 0.135718 0.016393 0.018519
0 0.144192 0.114451 0.015206 0.019094
0 0.864348 0.914134 0.015040 0.017742
0 0.418842 0.469241 0.014367 0.017461
0 0.837151 0.435989 0.016474 0.019738
0 0.346594 0.730951 0.016130 0.020015
0 0.801146 0.767336 0.014198 0.018954
0 0.262722 0.161130 0.013861 0.017534
0 0.977415 0.203022 0.013505 0.017327
0 0.692620 0.713717 0.015571 0.020626
0 0.359403 0.468769 0.018027 0.021519
0 0.810374 0.305348 0.015420 0.023048
0 0.227468 0.366450 0.014641 0.018933
0 0.487539 0.458802 0.017005 0.022478
0 0.775727 0.569944 0.015290 0.018369
0 0.692595 0.828258 0.014422 0.017317
0 0.438986 0.616112 0.016434 0.020995
0 0.696070 0.054919 0.015289 0.018596
0 0.759298 0.173335 0.016265 0.018854
0 0.621892 0.057837 0.015548 0.018481
0 0.918335 0.456807 0.014675 0.018586
0 0.961485 0.180302 0.012858 0.017144
0 0.944607 0.296151 0.016838 0.019972
0 0.136640 0.497249 0.014895 0.019257
0 0.458453 0.317145 0.013388 0.017181
0 0.252786 0.293269 0.016036 0.019621
0 0.216262 0.450759 0.016878 0.021636
0 0.309726 0.102287 0.014411 0.016754
0 0.295070 0.127247 0.015174 0.018176
0 0.340517 0.076592 0.013944 0.016890
0 0.330965 0.291551 0.014057 0.019507
0 0.378293 0.166513 0.012180 0.016080
0 0.684969 0.286807 0.014042 0.018871
0 0.778783 0.458645 0.016675 0.020801
0 0.992293 0.989796 0.015414 0.020408
0 0.027968 0.763505 0.015065 0.014406