0 0.280392 0.385213 0.019034 0.023828
0 0.393207 0.534139 0.014018 0.018931
0 0.470231 0.012757 0.014150 0.017917
0 0.243788 0.039974 0.014736 0.019226
0 0.610250 0.631874 0.015588 0.019635
0 0.033681 0.932048 0.016689 0.022087
0 0.625279 0.944369 0.018586 0.024490
0 0.813974 0.248858 0.018581 0.023111
0 0.800825 0.956884 0.015668 0.020755
0 0.237467 0.935992 0.014080 0.020278
0 0.117108 0.490401 0.014575 0.018016
0 0.326147 0.041777 0.014390 0.019663
0 0.260208 0.018439 0.014357 0.018860
0 0.501889 0.085824 0.015433 0.019346
0 0.767400 0.950843 0.015298 0.021093
0 0.764041 0.806481 0.018749 0.022847
0 0.935811 0.889534 0.016865 0.018993
0 0.309392 0.837831 0.015377 0.018874
0 0.131408 0.230451 0.017561 0.021724
0 0.513209 0.963751 0.022360 0.027625
0 0.126203 0.178148 0.019835 0.025160
0 0.315230 0.064034 0.016256 0.020632
0 0.716259 0.897966 0.015058 0.018930
0 0.249249 0.469264 0.017506 0.022618
0 0.824057 0.526691 0.016182 0.020099
0 0.384277 0.086697 0.014491 0.020282
0 0.034059 0.493515 0.021951 0.020399
0 0.301507 0.039191 0.015852 0.019559
0 0.514274 0.894751 0.016920 0.021977
0 0.290148 0.533045 0.020019 0.022937
0 0.091144 0.666419 0.016276 0.019841
0 0.124957 0.640678 0.018150 0.020670
0 0.031410 0.161181 0.016275 0.023686
0 0.292052 0.314251 0.013774 0.018168
0 0.815667 0.869533 0.019170 0.022795
0 0.800084 0.623750 0.017271 0.019842
0 0.737706 0.532478 0.017096 0.023466
0 0.104379 0.204710 0.016545 0.020589
0 0.785708 0.760932 0.017153 0.021939
0 0.503475 0.211664 0.019142 0.024811
0 0.074800 0.371383 0.015147 0.021329
0 0.617064 0.162524 0.016452 0.019665
0 0.839571 0.307537 0.016732 0.022052
0 0.114323 0.550421 0.014399 0.019375
0 0.583678 0.603028 0.015129 0.017643
0 0.019870 0.138479 0.012909 0.016851
0 0.685720 0.384405 0.013898 0.018075
0 0.803445 0.056561 0.015675 0.019513
0 0.063574 0.044737 0.015770 0.020391
0 0.327323 0.822612 0.014265 0.017247
0 0.742790 0.951985 0.014379 0.018127
0 0.714629 0.175481 0.020405 0.026920
0 0.590190 0.668562 0.016361 0.021069
0 0.464800 0.676135 0.016773 0.020702
0 0.557185 0.615921 0.015069 0.018409
0 0.487689 0.186747 0.013470 0.017757
0 0.903629 0.138051 0.014106 0.017830
0 0.442670 0.767437 0.017244 0.022975
0 0.565375 0.943497 0.014909 0.019747
0 0.046808 0.979074 0.014193 0.017797
0 0.072326 0.928185 0.016996 0.022658
0 0.992022 0.635781 0.015956 0.022638
0 0.530297 0.432300 0.016912 0.021326
0 0.636921 0.113542 0.014453 0.018072
0 0.844902 0.931054 0.016729 0.018979
0 0.071851 0.805169 0.016357 0.019380
0 0.060346 0.521945 0.015076 0.018532
0 0.785655 0.653243 0.015984 0.019732
0 0.192628 0.948776 0.014022 0.019372
0 0.214305 0.226652 0.016876 0.020024
0 0.464206 0.335206 0.016227 0.018708
0 0.169152 0.055789 0.014849 0.016781
0 0.252402 0.956252 0.014584 0.017015
0 0.930012 0.974628 0.018593 0.020095
0 0.365141 0.645253 0.013541 0.018748
0 0.660212 0.605360 0.013239 0.015978
0 0.693911 0.898151 0.016955 0.021485
0 0.205003 0.404340 0.014298 0.017670
0 0.741629 0.138624 0.017218 0.024220
0 0.473927 0.795558 0.016282 0.021616
0 0.764137 0.156062 0.017073 0.019208
0 0.249923 0.231092 0.015065 0.018007
0 0.057596 0.161465 0.016069 0.022809
0 0.120868 0.340936 0.014061 0.019208
0 0.042531 0.420168 0.014061 0.014406
0 0.310183 0.508403 0.017073 0.015606
0 0.439238 0.659064 0.014061 0.019208
0 0.214270 0.930372 0.016069 0.019208
0 0.218287 0.966387 0.014061 0.021609
0 0.322235 0.097239 0.019082 0.021609
0 0.984586 0.286915 0.016069 0.021609
0 0.667722 0.156062 0.017073 0.021609
0 0.520589 0.301921 0.020086 0.020408
0 0.448277 0.258103 0.020086 0.016807
0 0.111327 0.372749 0.015065 0.015606
0 0.269508 0.057623 0.018078 0.016807
0 0.650648 0.680072 0.013056 0.013205
0 0.739029 0.588235 0.013056 0.021609
0 0.926335 0.833133 0.016069 0.019208
0 0.739531 0.920768 0.016069 0.024010
0 0.348849 0.071429 0.014061 0.015606
0 0.293612 0.101441 0.012052 0.013205
0 0.082202 0.240696 0.017073 0.018007
0 0.045042 0.111645 0.015065 0.019208
0 0.038513 0.069028 0.018078 0.018007
0 0.607463 0.102641 0.017073 0.018007
0 0.419654 0.037815 0.015065 0.018007
0 0.452797 0.048019 0.017073 0.014406
0 0.539169 0.850540 0.015065 0.020408
0 0.802803 0.402161 0.016069 0.016807
0 0.967512 0.050420 0.018078 0.016807
0 0.226322 0.461585 0.016069 0.022809
0 0.811842 0.678872 0.016069 0.015606
0 0.697852 0.941176 0.013056 0.021609
0 0.782215 0.924370 0.015065 0.021609
0 0.280555 0.919568 0.016069 0.014406
0 0.240382 0.708283 0.012052 0.014406
0 0.209751 0.324730 0.017073 0.020408