0 0.592559 0.668032 0.016531 0.022225
0 0.627706 0.947177 0.018976 0.024736
0 0.515255 0.967248 0.020170 0.027303
0 0.282413 0.386234 0.018791 0.023179
0 0.123808 0.165674 0.020646 0.025697
0 0.515846 0.294468 0.018683 0.024354
0 0.236911 0.500806 0.016403 0.023914
0 0.765770 0.953428 0.016842 0.021229
0 0.840327 0.541785 0.017778 0.021340
0 0.385261 0.648180 0.013493 0.019029
0 0.118870 0.491035 0.016446 0.021423
0 0.817455 0.268391 0.014887 0.018174
0 0.070538 0.036802 0.019039 0.023903
0 0.075883 0.920242 0.016179 0.020236
0 0.253994 0.471285 0.019870 0.024411
0 0.189172 0.258277 0.015179 0.019763
0 0.859563 0.904719 0.014893 0.019445
0 0.466977 0.677214 0.017303 0.021855
0 0.950500 0.509731 0.016799 0.021805
0 0.325729 0.814227 0.015596 0.018007
0 0.017374 0.058927 0.015645 0.018281
0 0.785988 0.656596 0.015997 0.020999
0 0.288767 0.016389 0.020345 0.025609
0 0.816398 0.872921 0.017967 0.021675
0 0.036987 0.935714 0.017631 0.023077
0 0.746837 0.186273 0.018572 0.023835
0 0.705721 0.587641 0.016580 0.019676
0 0.624383 0.656431 0.015950 0.019785
0 0.754161 0.050825 0.017321 0.021629
0 0.482302 0.130522 0.019728 0.025451
0 0.470958 0.928252 0.018080 0.021536
0 0.306502 0.828800 0.016281 0.020149
0 0.098815 0.479240 0.016457 0.023387
0 0.659161 0.682636 0.017246 0.020588
0 0.369977 0.642366 0.013164 0.018526
0 0.533676 0.606430 0.016552 0.020213
0 0.218689 0.229949 0.018183 0.022629
0 0.046338 0.072232 0.017248 0.022488
0 0.276524 0.454592 0.018068 0.020775
0 0.380288 0.035545 0.015305 0.017118
0 0.388385 0.087994 0.016355 0.021275
0 0.128845 0.133605 0.017184 0.019876
0 0.420812 0.659070 0.015675 0.020338
0 0.350885 0.862222 0.018720 0.022011
0 0.486189 0.885237 0.017981 0.022537
0 0.132997 0.234189 0.017377 0.021721
0 0.254427 0.957616 0.015429 0.021546
0 0.449269 0.012062 0.017390 0.020191
0 0.023300 0.444774 0.018389 0.021626
0 0.570039 0.676440 0.015706 0.020634
0 0.936654 0.890811 0.016246 0.018700
0 0.682532 0.693729 0.016931 0.021601
0 0.070334 0.076961 0.016973 0.020482
0 0.676950 0.134973 0.018216 0.023958
0 0.096256 0.016618 0.011205 0.015376
0 0.641677 0.374901 0.015963 0.019939
0 0.971408 0.248932 0.019710 0.022458
0 0.331901 0.047334 0.014984 0.019475
0 0.113520 0.539172 0.017172 0.020806
0 0.658191 0.829679 0.014591 0.017747
0 0.329432 0.099561 0.017174 0.020673
0 0.561083 0.040817 0.014792 0.017603
0 0.431378 0.116459 0.017023 0.020430
0 0.808135 0.640591 0.018118 0.021391
0 0.752391 0.568325 0.016783 0.022991
0 0.846618 0.961651 0.014458 0.018654
0 0.711440 0.547122 0.018414 0.023095
0 0.113732 0.774660 0.016965 0.021560
0 0.808878 0.406772 0.017867 0.021065
0 0.010319 0.660797 0.017573 0.022022
0 0.504492 0.553596 0.017314 0.022005
0 0.651609 0.057672 0.016762 0.021520
0 0.847449 0.514979 0.018026 0.022639
0 0.504946 0.593928 0.015900 0.022423
0 0.788328 0.261385 0.014984 0.018132
0 0.535065 0.074373 0.016562 0.020445
0 0.853082 0.672602 0.018324 0.023006
0 0.012178 0.096049 0.014933 0.019204
0 0.824948 0.898790 0.015864 0.021465
0 0.312665 0.041642 0.016661 0.021204
0 0.751972 0.859905 0.018133 0.023730
0 0.811606 0.712752 0.017111 0.021002
0 0.201017 0.914847 0.015522 0.021720
0 0.021180 0.503090 0.015744 0.019357
0 0.737006 0.987401 0.016950 0.019904
0 0.017288 0.895641 0.016304 0.020350
0 0.628905 0.082200 0.013895 0.016847
0 0.207895 0.321645 0.016110 0.018163
0 0.808853 0.763558 0.018811 0.022991
0 0.212420 0.943889 0.016904 0.021788
0 0.740368 0.951208 0.017250 0.020334
0 0.982177 0.717641 0.017188 0.021446
0 0.373482 0.813088 0.019670 0.024845
0 0.173759 0.906017 0.016235 0.021943
0 0.886715 0.101285 0.017384 0.022377
0 0.070761 0.713053 0.017313 0.021678
0 0.204667 0.660025 0.015386 0.020848
0 0.604780 0.355637 0.019788 0.023315
0 0.181324 0.975842 0.018214 0.022782
0 0.260044 0.516401 0.016121 0.022919
0 0.651643 0.536363 0.018146 0.019714
0 0.366565 0.975892 0.015341 0.018894
0 0.818787 0.969120 0.015611 0.020469
0 0.026966 0.129358 0.016346 0.021331
0 0.827225 0.578763 0.015436 0.020324
0 0.974032 0.873615 0.019437 0.023220
0 0.468239 0.337245 0.014052 0.017340
0 0.908442 0.135328 0.015795 0.021955
0 0.535254 0.437235 0.016912 0.021226
0 0.655449 0.604182 0.017615 0.026284
0 0.089617 0.850765 0.017364 0.022727
0 0.054544 0.680295 0.015914 0.019195
0 0.783821 0.822091 0.016900 0.021394
0 0.311469 0.017115 0.016282 0.021692
0 0.453085 0.261762 0.017315 0.023582
0 0.195784 0.341263 0.016230 0.021657
0 0.036964 0.878669 0.013238 0.016369
0 0.046046 0.902161 0.015065 0.020408
0 0.334287 0.021609 0.017073 0.019208
0 0.357888 0.040816 0.016069 0.019208
0 0.419654 0.045618 0.015065 0.016807
0 0.458823 0.139256 0.019082 0.021609
0 0.296122 0.102041 0.017073 0.014406
0 0.048557 0.117047 0.018078 0.015606
0 0.401576 0.670468 0.015065 0.018007
0 0.672241 0.803721 0.014061 0.015606
0 0.865574 0.624850 0.017073 0.015606
0 0.819877 0.040216 0.012052 0.015606
0 0.842976 0.043818 0.014061 0.013205
0 0.786734 0.081032 0.024104 0.018007
0 0.613991 0.117047 0.016069 0.018007