0 0.913078 0.884166 0.017149 0.022428
0 0.234708 0.553268 0.019228 0.024504
0 0.145587 0.917624 0.016510 0.020691
0 0.343113 0.350517 0.018745 0.022553
0 0.815850 0.307074 0.020305 0.026435
0 0.337917 0.252319 0.020209 0.027122
0 0.237132 0.741606 0.015391 0.020797
0 0.467954 0.451762 0.018393 0.022013
0 0.704785 0.514233 0.019327 0.024327
0 0.208420 0.742265 0.016853 0.019615
0 0.814627 0.513351 0.018762 0.023912
0 0.311168 0.731806 0.018006 0.021838
0 0.341876 0.866321 0.016067 0.020128
0 0.488216 0.080492 0.017038 0.021684
0 0.042235 0.416320 0.016618 0.020850
0 0.699447 0.088025 0.018116 0.022535
0 0.975330 0.296660 0.019766 0.023026
0 0.358136 0.168701 0.017906 0.020580
0 0.427588 0.673965 0.017026 0.019879
0 0.769775 0.209488 0.017647 0.019128
0 0.263377 0.737797 0.015879 0.019285
0 0.711791 0.268263 0.015721 0.019072
0 0.028441 0.319362 0.017444 0.022592
0 0.967994 0.393340 0.019219 0.024161
0 0.815072 0.989176 0.017793 0.018058
0 0.668721 0.068959 0.018132 0.023055
0 0.318306 0.394038 0.018074 0.021482
0 0.157542 0.889495 0.020041 0.027466
0 0.316982 0.053294 0.018929 0.022810
0 0.441334 0.315867 0.017298 0.020968
0 0.407470 0.089282 0.017124 0.021592
0 0.122187 0.909004 0.017504 0.022742
0 0.630160 0.345104 0.017129 0.021148
0 0.734159 0.732762 0.017222 0.021670
0 0.920335 0.392084 0.016796 0.019876
0 0.520923 0.409163 0.017672 0.023449
0 0.080890 0.898986 0.015577 0.020100
0 0.208997 0.013141 0.019166 0.022657
0 0.616861 0.250672 0.017700 0.022510
0 0.086965 0.505706 0.019968 0.023026
0 0.298615 0.258026 0.016270 0.021105
0 0.722624 0.387128 0.016731 0.019892
0 0.121294 0.803565 0.017316 0.021124
0 0.487490 0.717074 0.016355 0.022398
0 0.313044 0.277224 0.014605 0.019469
0 0.775470 0.233917 0.017926 0.022053
0 0.072267 0.271862 0.016820 0.021869
0 0.932020 0.225065 0.017643 0.022285
0 0.869078 0.877922 0.018319 0.021564
0 0.556631 0.150181 0.015169 0.018245
0 0.322853 0.793585 0.017776 0.023198
0 0.426194 0.437924 0.018243 0.020810
0 0.073632 0.306016 0.018484 0.023771
0 0.207910 0.780605 0.018088 0.020604
0 0.167909 0.118256 0.015224 0.018800
0 0.160056 0.317304 0.022378 0.024005
0 0.246009 0.456946 0.018206 0.022785
0 0.029079 0.179888 0.016838 0.022699
0 0.636806 0.301578 0.016905 0.019371
0 0.081033 0.156825 0.016170 0.020705
0 0.604579 0.153070 0.015230 0.018746
0 0.794821 0.869200 0.019541 0.024798
0 0.866881 0.636427 0.020528 0.023558
0 0.137696 0.764525 0.013562 0.018636
0 0.519669 0.688458 0.017330 0.023682
0 0.268154 0.794918 0.016842 0.024013
0 0.025346 0.898956 0.016462 0.019438
0 0.118523 0.736506 0.017104 0.022210
0 0.797853 0.085674 0.019149 0.019793
0 0.125809 0.279189 0.019318 0.026560
0 0.351460 0.446097 0.016526 0.019790
0 0.258677 0.147826 0.015023 0.016970
0 0.838453 0.232545 0.018927 0.026627
0 0.300135 0.153840 0.016856 0.020191
0 0.032669 0.964005 0.017552 0.022017
0 0.053108 0.200922 0.018111 0.022645
0 0.217580 0.130522 0.017605 0.021603
0 0.366819 0.607288 0.018140 0.021492
0 0.677432 0.315655 0.021321 0.028828
0 0.088360 0.867333 0.015994 0.020550
0 0.541979 0.657038 0.016926 0.020921
0 0.206256 0.980200 0.020109 0.024349
0 0.933205 0.678449 0.017474 0.018614
0 0.884179 0.420254 0.018804 0.023503
0 0.429865 0.635346 0.020212 0.034734
0 0.591433 0.954885 0.015366 0.018308
0 0.316912 0.239816 0.015586 0.018930
0 0.268034 0.577899 0.014831 0.020506
0 0.485793 0.186923 0.017273 0.022758
0 0.332278 0.296519 0.013056 0.016807
0 0.588883 0.977791 0.012052 0.015606
0 0.007707 0.729892 0.015414 0.016807
0 0.638597 0.505402 0.017073 0.024010