0 0.556402 0.524699 0.026424 0.035859
0 0.704096 0.272777 0.015597 0.021009
0 0.451638 0.413154 0.018322 0.023642
0 0.211865 0.323739 0.021191 0.028001
0 0.234427 0.645941 0.017552 0.021100
0 0.249499 0.387820 0.016670 0.021227
0 0.764770 0.714111 0.017666 0.022622
0 0.699597 0.764226 0.016078 0.020271
0 0.926571 0.773189 0.014670 0.020070
0 0.701717 0.737904 0.016074 0.020924
0 0.973706 0.469178 0.016049 0.019349
0 0.428723 0.427691 0.016461 0.019746
0 0.237588 0.314891 0.016864 0.025808
0 0.945206 0.340624 0.019266 0.021907
0 0.895496 0.706437 0.014899 0.018053
0 0.166131 0.021291 0.017509 0.022989
0 0.048258 0.354635 0.018376 0.022692
0 0.149489 0.443814 0.017252 0.022876
0 0.719868 0.750889 0.015721 0.020708
0 0.680610 0.122508 0.017010 0.021330
0 0.432810 0.754024 0.016843 0.021768
0 0.361014 0.825741 0.015326 0.019068
0 0.384465 0.844925 0.016043 0.021262
0 0.347997 0.809945 0.015259 0.019191
0 0.077570 0.349697 0.015984 0.021878
0 0.071538 0.285066 0.015690 0.018003
0 0.231061 0.369020 0.015743 0.022903
0 0.825080 0.943467 0.013484 0.017951
0 0.405075 0.349533 0.016425 0.020218
0 0.903028 0.773848 0.018577 0.024591
0 0.769648 0.528798 0.016728 0.020753
0 0.403083 0.237830 0.018428 0.022786
0 0.969091 0.295193 0.017314 0.022709
0 0.305167 0.580319 0.018060 0.020566
0 0.374968 0.659333 0.017994 0.023547
0 0.080387 0.250962 0.015691 0.019741
0 0.898836 0.468455 0.016692 0.018933
0 0.335183 0.290345 0.018044 0.020849
0 0.145235 0.114615 0.016448 0.020766
0 0.246507 0.677145 0.016984 0.020208
0 0.348390 0.544148 0.015634 0.019455
0 0.796752 0.822952 0.018208 0.023712
0 0.676902 0.961132 0.016538 0.021414
0 0.434513 0.245176 0.015619 0.019797
0 0.731790 0.987076 0.016017 0.018687
0 0.136078 0.362715 0.016503 0.022296
0 0.683427 0.286244 0.015235 0.019818
0 0.417428 0.549353 0.018171 0.023192
0 0.438534 0.916550 0.016175 0.021209
0 0.936104 0.315945 0.017678 0.019156
0 0.879373 0.810448 0.014365 0.017120
0 0.360933 0.933010 0.018813 0.025222
0 0.074847 0.175086 0.016178 0.020070
0 0.349526 0.734415 0.021880 0.023364
0 0.323454 0.424649 0.020241 0.023161
0 0.319943 0.097364 0.017286 0.021469
0 0.634829 0.656676 0.017084 0.020305
0 0.413906 0.089933 0.019550 0.024762
0 0.476415 0.305239 0.016430 0.019519
0 0.807878 0.955833 0.015305 0.018808
0 0.253370 0.524254 0.016768 0.020456
0 0.620438 0.060127 0.018286 0.022567
0 0.941132 0.813844 0.015602 0.019168
0 0.950332 0.684118 0.014928 0.018543
0 0.948327 0.756366 0.014351 0.020368
0 0.555760 0.312204 0.019568 0.024183
0 0.490166 0.461128 0.017635 0.022766
0 0.437749 0.619377 0.018188 0.022118
0 0.780143 0.456769 0.018106 0.026924
0 0.912986 0.455213 0.013947 0.016681
0 0.231356 0.797915 0.015525 0.019858
0 0.932619 0.878238 0.015117 0.018783
0 0.884269 0.252549 0.017619 0.022663
0 0.262723 0.952065 0.016808 0.019541
0 0.688115 0.713179 0.019006 0.020896
0 0.598091 0.185702 0.017745 0.020701
0 0.564339 0.696452 0.016949 0.020035
0 0.896118 0.152648 0.015583 0.019084
0 0.314611 0.554394 0.016530 0.020461
0 0.323817 0.015010 0.014182 0.017805
0 0.797680 0.507318 0.016473 0.019335
0 0.199994 0.674296 0.015067 0.019247
0 0.961024 0.968656 0.017137 0.023802
0 0.602960 0.860470 0.018882 0.023227
0 0.361480 0.468840 0.016006 0.019325
0 0.945185 0.457010 0.014816 0.016910
0 0.947166 0.478083 0.014781 0.018018
0 0.048807 0.385278 0.013541 0.017833
0 0.864747 0.334581 0.017607 0.021725
0 0.695603 0.057510 0.017147 0.019048
0 0.301621 0.047689 0.016861 0.021143
0 0.216591 0.450859 0.016893 0.020298
0 0.888390 0.399492 0.016583 0.018100
0 0.849473 0.569598 0.018863 0.023492
0 0.419551 0.860091 0.016495 0.020739
0 0.557719 0.980248 0.015851 0.018931
0 0.257544 0.918575 0.014701 0.017605
0 0.753033 0.652775 0.014929 0.020469
0 0.296149 0.128286 0.016235 0.020770
0 0.423706 0.151856 0.017755 0.022258
0 0.425119 0.466597 0.016482 0.018441
0 0.385757 0.305696 0.013528 0.016572
0 0.906375 0.731886 0.016025 0.018952
0 0.964556 0.150481 0.015602 0.019504
0 0.060811 0.419295 0.015357 0.018604
0 0.667962 0.533041 0.019721 0.024001
0 0.085717 0.913565 0.018078 0.026411
0 0.962993 0.183073 0.017073 0.020408
0 0.717436 0.252101 0.018078 0.021609
0 0.562268 0.367947 0.013056 0.013205
0 0.853522 0.941176 0.017073 0.016807