0 0.103937 0.872665 0.023552 0.029455
0 0.803710 0.377403 0.020949 0.027926
0 0.328237 0.859149 0.021582 0.022991
0 0.815034 0.974042 0.020473 0.023831
0 0.172703 0.901031 0.021671 0.026456
0 0.911092 0.874717 0.015016 0.020560
0 0.333969 0.247391 0.019959 0.023822
0 0.934597 0.890942 0.021985 0.023438
0 0.141593 0.285985 0.020679 0.024555
0 0.842452 0.934694 0.021900 0.024922
0 0.253848 0.747246 0.015292 0.021282
0 0.900928 0.295309 0.022038 0.024219
0 0.805451 0.930573 0.021864 0.023299
0 0.642851 0.240045 0.020172 0.024866
0 0.376196 0.240773 0.021772 0.024978
0 0.612710 0.509283 0.021400 0.024039
0 0.497762 0.218124 0.021729 0.026073
0 0.064232 0.175116 0.016037 0.020544
0 0.345642 0.303430 0.016491 0.020515
0 0.388482 0.439840 0.019295 0.025724
0 0.781576 0.386759 0.016777 0.020468
0 0.789590 0.241317 0.019052 0.022761
0 0.016525 0.265486 0.017587 0.021626
0 0.144066 0.743354 0.017207 0.021254
0 0.888742 0.692554 0.022274 0.024757
0 0.967472 0.860330 0.019351 0.024346
0 0.092118 0.815648 0.018641 0.023157
0 0.882010 0.638126 0.019517 0.023299
0 0.606497 0.053989 0.020387 0.026700
0 0.815632 0.879967 0.020044 0.024063
0 0.102215 0.505751 0.019837 0.023627
0 0.252900 0.558892 0.019073 0.023849
0 0.024536 0.552414 0.022307 0.027832
0 0.785442 0.077964 0.018543 0.021679
0 0.379723 0.322493 0.021011 0.022344
0 0.112000 0.190403 0.018953 0.025024
0 0.227645 0.297441 0.020871 0.020597
0 0.275828 0.744687 0.016550 0.027070
0 0.357874 0.137795 0.016237 0.018168
0 0.240426 0.888524 0.019757 0.024832
0 0.788551 0.137644 0.020227 0.025017
0 0.537324 0.861365 0.019294 0.023881
0 0.889771 0.878325 0.018902 0.022687
0 0.918284 0.404540 0.018317 0.022781
0 0.045483 0.092704 0.018733 0.020015
0 0.819251 0.092211 0.017488 0.024129
0 0.829633 0.841721 0.020055 0.023124
0 0.901037 0.424752 0.019833 0.023793
0 0.089086 0.309189 0.020280 0.024927
0 0.563986 0.157805 0.016258 0.020180
0 0.357058 0.762501 0.017924 0.024584
0 0.458370 0.321783 0.017529 0.023105
0 0.549310 0.706210 0.018404 0.019424
0 0.532836 0.412443 0.019917 0.024301
0 0.156176 0.148942 0.017781 0.022868
0 0.619851 0.159296 0.017677 0.020159
0 0.318115 0.160263 0.017413 0.021042
0 0.495403 0.152320 0.019308 0.025927
0 0.411042 0.733126 0.018013 0.021350
0 0.486368 0.485902 0.018152 0.022087
0 0.841137 0.676792 0.018108 0.021794
0 0.197872 0.122480 0.020179 0.021871
0 0.166662 0.721538 0.014906 0.018871
0 0.424394 0.154184 0.015558 0.020518
0 0.556113 0.658129 0.015893 0.019420
0 0.279606 0.579905 0.015746 0.018998
0 0.446106 0.671887 0.019266 0.024443
0 0.358113 0.111287 0.017224 0.022728
0 0.915064 0.120739 0.020795 0.025805
0 0.512995 0.457369 0.019487 0.023695
0 0.644078 0.102522 0.017554 0.020832
0 0.589234 0.164006 0.017052 0.020411
0 0.925867 0.351548 0.018537 0.022326
0 0.359576 0.885982 0.020179 0.027058
0 0.676117 0.432110 0.019689 0.023636
0 0.039362 0.065182 0.016388 0.020102
0 0.554941 0.122255 0.018037 0.022098
0 0.526761 0.654037 0.017326 0.021840
0 0.551986 0.533080 0.016956 0.020924
0 0.019736 0.207953 0.018576 0.022024
0 0.128176 0.824264 0.016211 0.020734
0 0.786661 0.213836 0.016941 0.019779
0 0.267744 0.149288 0.016367 0.019758
0 0.319377 0.269811 0.019871 0.023975
0 0.130861 0.064585 0.017998 0.022735
0 0.816653 0.328485 0.020184 0.022570
0 0.487065 0.259237 0.016503 0.020571
0 0.242032 0.270130 0.017631 0.020867
0 0.502975 0.698555 0.017432 0.021072
0 0.163591 0.524635 0.019362 0.030444
0 0.948531 0.685403 0.017462 0.021544
0 0.747841 0.517193 0.018305 0.021495
0 0.600192 0.653802 0.020820 0.020347
0 0.895374 0.903854 0.018500 0.019623
0 0.058710 0.255146 0.015674 0.019689
0 0.058457 0.422664 0.016512 0.020923
0 0.042992 0.188436 0.019270 0.023276
0 0.577235 0.077151 0.024705 0.024666
0 0.654328 0.028138 0.017266 0.022208
0 0.409959 0.342910 0.013721 0.017399
0 0.904733 0.261993 0.017067 0.022079
0 0.856518 0.479852 0.015928 0.019316
0 0.081175 0.897459 0.016174 0.019231