0 0.124333 0.166189 0.020066 0.024805
0 0.468418 0.912045 0.018198 0.022528
0 0.789357 0.656783 0.018322 0.021302
0 0.327446 0.883994 0.018249 0.021131
0 0.044648 0.904499 0.014760 0.017883
0 0.283836 0.388218 0.018426 0.022364
0 0.515567 0.966679 0.020172 0.028435
0 0.391112 0.089944 0.015367 0.019723
0 0.630731 0.947956 0.019026 0.024744
0 0.817627 0.262834 0.016286 0.021159
0 0.818035 0.871565 0.018152 0.022113
0 0.758843 0.050386 0.019442 0.023451
0 0.278767 0.453279 0.019648 0.023482
0 0.634528 0.387002 0.015227 0.019660
0 0.856405 0.549915 0.019363 0.023744
0 0.631023 0.669983 0.015914 0.019226
0 0.811063 0.646946 0.017849 0.024688
0 0.666509 0.825869 0.016246 0.019217
0 0.038178 0.935283 0.017278 0.023629
0 0.252719 0.469873 0.019595 0.024220
0 0.467316 0.676081 0.017664 0.022740
0 0.517644 0.067323 0.015931 0.020307
0 0.020882 0.896544 0.015908 0.020570
0 0.311423 0.016600 0.015621 0.021412
0 0.737550 0.202335 0.017987 0.022664
0 0.911359 0.136925 0.016229 0.020534
0 0.173042 0.256897 0.015260 0.018886
0 0.803275 0.983802 0.014830 0.019619
0 0.855268 0.672603 0.016945 0.021200
0 0.664324 0.679416 0.017586 0.021064
0 0.654277 0.054126 0.018248 0.021805
0 0.070135 0.042507 0.019822 0.023614
0 0.289776 0.023025 0.018445 0.022454
0 0.536355 0.436367 0.016255 0.020509
0 0.751824 0.569215 0.020540 0.024640
0 0.431808 0.125657 0.016685 0.021177
0 0.218257 0.960961 0.017114 0.021055
0 0.379402 0.038772 0.015521 0.019716
0 0.119392 0.491106 0.017651 0.022644
0 0.459038 0.955271 0.017461 0.020483
0 0.605650 0.682449 0.017268 0.021953
0 0.771353 0.982292 0.015609 0.019047
0 0.425967 0.043103 0.018755 0.022092
0 0.462041 0.131301 0.016857 0.022289
0 0.759736 0.885542 0.020762 0.024567
0 0.193323 0.948942 0.016747 0.022345
0 0.314249 0.040464 0.014974 0.019913
0 0.483685 0.131607 0.019202 0.026577
0 0.067180 0.929740 0.016409 0.021301
0 0.523137 0.629399 0.015481 0.020555
0 0.683617 0.696530 0.017765 0.022195
0 0.012334 0.658644 0.017733 0.020730
0 0.009079 0.057194 0.017260 0.019937
0 0.325426 0.840660 0.015476 0.019669
0 0.786857 0.839643 0.016538 0.022056
0 0.984854 0.729330 0.018882 0.022155
0 0.245650 0.521513 0.015853 0.019703
0 0.840968 0.031272 0.014061 0.016925
0 0.085728 0.501562 0.018074 0.022595
0 0.827694 0.903127 0.017292 0.021258
0 0.132672 0.134897 0.017490 0.020124
0 0.134552 0.235954 0.017305 0.021383
0 0.490533 0.556190 0.017604 0.020813
0 0.748535 0.965407 0.015866 0.019136
0 0.507952 0.289780 0.019352 0.023889
0 0.372446 0.837226 0.020160 0.023908
0 0.707929 0.587074 0.016715 0.022286
0 0.857310 0.519469 0.018197 0.023248
0 0.047547 0.073544 0.018101 0.022882
0 0.393652 0.681742 0.015537 0.019401
0 0.793471 0.781984 0.018693 0.022815
0 0.660189 0.141069 0.017299 0.023813
0 0.719250 0.541887 0.017613 0.021200
0 0.304106 0.828342 0.016563 0.021048
0 0.385005 0.650946 0.014124 0.018557
0 0.078851 0.797782 0.017991 0.021404
0 0.624473 0.793905 0.017637 0.024606
0 0.369598 0.642368 0.015256 0.019929
0 0.212829 0.322237 0.017375 0.020524
0 0.328817 0.102774 0.017470 0.022399
0 0.950167 0.525780 0.016845 0.020214
0 0.825169 0.723959 0.015683 0.019528
0 0.181984 0.664749 0.017090 0.023519
0 0.631706 0.078309 0.015496 0.019562
0 0.021422 0.694791 0.016293 0.021386
0 0.824791 0.573555 0.015282 0.020939
0 0.935796 0.891040 0.015339 0.019430
0 0.478106 0.616642 0.017862 0.021191
0 0.010228 0.498982 0.017205 0.020728
0 0.656092 0.850913 0.018522 0.021975
0 0.548910 0.054538 0.014706 0.018161
0 0.026132 0.479321 0.017217 0.021162
0 0.788807 0.268467 0.016186 0.018869
0 0.716237 0.260080 0.016565 0.020271
0 0.813431 0.408242 0.017395 0.021795
0 0.780199 0.072855 0.017532 0.024672
0 0.536191 0.343372 0.017532 0.021968
0 0.069743 0.075612 0.017141 0.026475
0 0.878633 0.656713 0.018322 0.022928
0 0.250431 0.974450 0.016656 0.019735
0 0.845019 0.971127 0.015710 0.020451
0 0.110414 0.538817 0.017859 0.021853
0 0.891341 0.990146 0.017667 0.017426
0 0.453747 0.262964 0.018324 0.022915
0 0.870631 0.926431 0.016723 0.020249
0 0.895809 0.098512 0.017918 0.023942
0 0.219489 0.232154 0.018062 0.022790
0 0.090583 0.850563 0.019048 0.025920
0 0.299342 0.099106 0.014705 0.017167
0 0.425700 0.657640 0.014544 0.020997
0 0.498134 0.387893 0.016247 0.020405
0 0.660094 0.598787 0.017652 0.022371
0 0.364011 0.952989 0.014243 0.017433
0 0.741192 0.521026 0.013777 0.016944
0 0.992051 0.882491 0.015889 0.023148
0 0.581135 0.359204 0.017574 0.021363
0 0.107062 0.066506 0.015749 0.020592
0 0.095549 0.947028 0.015463 0.019105
0 0.612775 0.113879 0.017483 0.022376
0 0.578488 0.700996 0.016897 0.022686
0 0.238119 0.617883 0.016029 0.020241
0 0.820625 0.969473 0.017938 0.019884
0 0.522026 0.692363 0.017476 0.022513
0 0.842976 0.065426 0.016069 0.018007
0 0.364416 0.977791 0.011048 0.013205
0 0.335291 0.019208 0.017073 0.016807
0 0.330269 0.050420 0.017073 0.019208
0 0.352364 0.042617 0.015065 0.015606
0 0.670735 0.546819 0.017073 0.020408
0 0.223811 0.513205 0.013056 0.013205
0 0.283568 0.570228 0.016069 0.021609
0 0.027466 0.756903 0.014061 0.015606
0 0.147483 0.944778 0.015065 0.016807
0 0.038513 0.876951 0.014061 0.015606
0 0.051067 0.118247 0.019082 0.018007