0 0.327290 0.268538 0.013913 0.017980
0 0.153459 0.926299 0.019766 0.022554
0 0.443539 0.317854 0.016618 0.022093
0 0.772324 0.379407 0.021306 0.021913
0 0.772773 0.210587 0.018472 0.019107
0 0.044392 0.416943 0.016537 0.020243
0 0.695256 0.831114 0.027277 0.029827
0 0.073172 0.305690 0.018100 0.025631
0 0.239720 0.742057 0.016206 0.020384
0 0.098209 0.304290 0.017296 0.022319
0 0.264027 0.741646 0.016957 0.022692
0 0.238060 0.553811 0.019609 0.025282
0 0.545433 0.659594 0.016822 0.021246
0 0.481600 0.149552 0.017629 0.022687
0 0.158010 0.888248 0.020083 0.024672
0 0.209950 0.747688 0.016052 0.019450
0 0.663072 0.309546 0.016780 0.022532
0 0.641225 0.304231 0.018195 0.023287
0 0.722686 0.681188 0.019692 0.024350
0 0.655277 0.077415 0.017429 0.022656
0 0.529620 0.484111 0.019878 0.024325
0 0.058911 0.453802 0.015481 0.020846
0 0.991507 0.177940 0.016986 0.026141
0 0.492830 0.373004 0.020607 0.025975
0 0.976249 0.292995 0.017883 0.023512
0 0.164541 0.401246 0.018367 0.022495
0 0.202738 0.267255 0.018194 0.022602
0 0.362694 0.449501 0.022729 0.027822
0 0.391157 0.079105 0.017928 0.024273
0 0.523098 0.744503 0.019360 0.024354
0 0.530016 0.696689 0.018918 0.021066
0 0.092969 0.504109 0.018917 0.022955
0 0.775664 0.236206 0.018511 0.022856
0 0.978925 0.574924 0.017366 0.020979
0 0.801683 0.088479 0.018864 0.019578
0 0.869606 0.878816 0.018642 0.023155
0 0.107440 0.480317 0.015332 0.020867
0 0.797771 0.872719 0.019709 0.023960
0 0.057582 0.266176 0.018317 0.020529
0 0.808840 0.115611 0.020081 0.023538
0 0.887870 0.392229 0.018373 0.019771
0 0.340217 0.231349 0.018201 0.023282
0 0.809415 0.489114 0.018864 0.022912
0 0.858360 0.375440 0.018889 0.021504
0 0.867167 0.631326 0.020327 0.026323
0 0.887175 0.419746 0.020813 0.024248
0 0.292567 0.977786 0.017698 0.018989
0 0.916782 0.884219 0.018308 0.021080
0 0.126817 0.282946 0.020342 0.024387
0 0.134395 0.953080 0.018097 0.022201
0 0.681848 0.877627 0.020137 0.023434
0 0.316459 0.242491 0.016070 0.019118
0 0.018084 0.402923 0.015975 0.020550
0 0.419504 0.427419 0.018423 0.022282
0 0.603343 0.099843 0.018754 0.023329
0 0.477463 0.226397 0.018582 0.022043
0 0.486571 0.121531 0.018171 0.022179
0 0.313514 0.855247 0.019675 0.026235
0 0.854024 0.113619 0.018824 0.023449
0 0.306463 0.155073 0.019408 0.022876
0 0.173061 0.241036 0.022059 0.023971
0 0.249693 0.959619 0.017747 0.022876
0 0.143794 0.323544 0.018154 0.023488
0 0.471036 0.473647 0.017558 0.021706
0 0.935649 0.222325 0.018680 0.023991
0 0.410495 0.578120 0.018458 0.021721
0 0.269623 0.572911 0.015777 0.019474
0 0.520305 0.409841 0.018014 0.023203
0 0.475727 0.586190 0.017824 0.021250
0 0.934308 0.677560 0.018194 0.021257
0 0.303840 0.263184 0.018511 0.022149
0 0.022369 0.363344 0.017467 0.020205
0 0.906308 0.905754 0.014990 0.019709
0 0.448919 0.289741 0.015328 0.020569
0 0.431642 0.673473 0.018306 0.019735
0 0.082772 0.467324 0.015923 0.021423
0 0.888530 0.285389 0.023650 0.022648
0 0.642592 0.507677 0.019082 0.024279
0 0.606720 0.154233 0.017063 0.020526
0 0.333129 0.293783 0.016846 0.021369
0 0.308848 0.189492 0.015672 0.019816
0 0.091270 0.873290 0.020120 0.023691
0 0.118023 0.242681 0.020151 0.023907
0 0.552748 0.158984 0.015706 0.019864
0 0.479588 0.256535 0.014666 0.019239
0 0.898462 0.111958 0.021900 0.024855
0 0.145636 0.215642 0.015324 0.018796
0 0.031214 0.177174 0.018946 0.023863