0 0.631859 0.948084 0.019947 0.025463
0 0.514923 0.969428 0.020481 0.026858
0 0.817966 0.872104 0.017679 0.021306
0 0.625748 0.664442 0.015688 0.020239
0 0.389490 0.088527 0.016276 0.021336
0 0.123184 0.165882 0.020797 0.026033
0 0.038195 0.935235 0.018016 0.024198
0 0.815654 0.264490 0.015188 0.023200
0 0.010340 0.658786 0.018200 0.019822
0 0.756629 0.051126 0.018155 0.021891
0 0.755867 0.869030 0.019945 0.023704
0 0.283002 0.386841 0.018475 0.022215
0 0.598785 0.668359 0.018380 0.023240
0 0.466696 0.676686 0.017950 0.022388
0 0.482763 0.133749 0.020485 0.027268
0 0.742878 0.952664 0.018231 0.020952
0 0.786142 0.655718 0.016425 0.021697
0 0.736786 0.193761 0.017175 0.022615
0 0.830623 0.895942 0.015763 0.020005
0 0.253581 0.471249 0.019295 0.024243
0 0.331450 0.821543 0.015367 0.019934
0 0.196631 0.927264 0.017166 0.023459
0 0.289560 0.019973 0.018850 0.023524
0 0.707100 0.584612 0.016757 0.022107
0 0.659504 0.680350 0.017526 0.021532
0 0.889629 0.098765 0.017691 0.023493
0 0.647385 0.059438 0.017339 0.022994
0 0.672678 0.138676 0.017856 0.025498
0 0.846270 0.511857 0.017635 0.022107
0 0.119129 0.490733 0.017170 0.022058
0 0.842629 0.540443 0.017614 0.021631
0 0.133638 0.234372 0.018276 0.023291
0 0.981285 0.722723 0.018074 0.022521
0 0.071552 0.037751 0.018759 0.023543
0 0.786786 0.267456 0.014762 0.019493
0 0.212095 0.949162 0.018686 0.022455
0 0.070723 0.919712 0.018277 0.021723
0 0.809674 0.641153 0.018518 0.022855
0 0.048024 0.071897 0.017427 0.021490
0 0.252917 0.515700 0.016837 0.021420
0 0.160615 0.918204 0.016931 0.022233
0 0.977369 0.241887 0.020312 0.023418
0 0.706626 0.547931 0.017843 0.023405
0 0.302461 0.825922 0.016265 0.021382
0 0.523541 0.064238 0.017880 0.021350
0 0.464588 0.940641 0.017781 0.021154
0 0.572275 0.678940 0.015705 0.019591
0 0.093834 0.791606 0.018382 0.025762
0 0.435288 0.126859 0.017313 0.021769
0 0.464588 0.870248 0.015047 0.017385
0 0.097188 0.482215 0.016908 0.023215
0 0.253733 0.955431 0.016011 0.023413
0 0.338778 0.868081 0.019713 0.022473
0 0.975100 0.871118 0.019305 0.025402
0 0.767622 0.964168 0.016826 0.019956
0 0.521913 0.615535 0.016548 0.020049
0 0.476911 0.893553 0.018940 0.021878
0 0.218985 0.230628 0.017612 0.021865
0 0.855230 0.669354 0.019606 0.022561
0 0.684578 0.695163 0.016778 0.022133
0 0.371083 0.819914 0.020139 0.024811
0 0.230220 0.507953 0.016305 0.024652
0 0.334532 0.013213 0.017001 0.023582
0 0.009109 0.121252 0.017081 0.020966
0 0.045707 0.903015 0.014523 0.018342
0 0.134070 0.133220 0.017867 0.020889
0 0.548642 0.041610 0.015379 0.019847
0 0.314286 0.043556 0.016039 0.023476
0 0.453766 0.260348 0.018367 0.023861
0 0.311574 0.017341 0.016182 0.023255
0 0.178597 0.254201 0.015993 0.018987
0 0.536896 0.437233 0.016472 0.020351
0 0.935055 0.890234 0.015093 0.019238
0 0.009509 0.092449 0.016449 0.020931
0 0.950750 0.700522 0.014610 0.018655
0 0.017366 0.057552 0.016499 0.018396
0 0.842127 0.969191 0.016362 0.021094
0 0.408891 0.510793 0.013809 0.018990
0 0.507432 0.288946 0.019238 0.025581
0 0.489211 0.599207 0.017135 0.021298
0 0.193300 0.661231 0.017300 0.022570
0 0.173960 0.978578 0.015546 0.018975
0 0.019541 0.895860 0.016594 0.019095
0 0.401227 0.008407 0.013204 0.014616
0 0.634765 0.377151 0.016747 0.020773
0 0.328614 0.100310 0.018787 0.024806
0 0.731912 0.250156 0.015766 0.018073
0 0.461320 0.133629 0.015982 0.022593
0 0.614195 0.115627 0.017745 0.021049
0 0.751449 0.568121 0.019014 0.022817
0 0.629475 0.772204 0.018062 0.024300
0 0.691314 0.023195 0.015585 0.019285
0 0.949845 0.511896 0.017220 0.020862
0 0.908285 0.138578 0.015439 0.020523
0 0.111786 0.539474 0.018379 0.021530
0 0.672735 0.814834 0.015550 0.019640
0 0.739573 0.513467 0.014887 0.018938
0 0.829379 0.581562 0.015179 0.017903
0 0.808100 0.407694 0.017543 0.020436
0 0.033930 0.684802 0.015057 0.020080
0 0.022811 0.480305 0.016693 0.021778
0 0.780761 0.829889 0.016179 0.020685
0 0.871523 0.635964 0.017716 0.020755
0 0.548334 0.343613 0.015426 0.019629
0 0.275497 0.455529 0.019601 0.024448
0 0.655840 0.833159 0.016182 0.019468
0 0.377441 0.042361 0.015526 0.017661
0 0.868858 0.914590 0.016465 0.019433
0 0.035791 0.877235 0.014247 0.015932
0 0.253621 0.602394 0.017723 0.021796
0 0.818970 0.968423 0.016142 0.021707
0 0.008086 0.499362 0.016172 0.021026
0 0.089191 0.851514 0.017587 0.023480
0 0.299012 0.100014 0.015414 0.018039
0 0.811004 0.710653 0.016250 0.021767
0 0.518957 0.681331 0.016739 0.021436
0 0.423840 0.044183 0.016641 0.021166
0 0.210019 0.320934 0.017021 0.021074
0 0.074060 0.077208 0.017054 0.021013
0 0.493864 0.543787 0.017270 0.020951
0 0.463296 0.348327 0.012839 0.017665
0 0.110335 0.068853 0.016307 0.019285
0 0.659772 0.605114 0.018277 0.021565
0 0.587345 0.350736 0.017670 0.022395
0 0.797743 0.767390 0.017954 0.021144
0 0.496449 0.385707 0.016208 0.021392
0 0.626643 0.081457 0.013514 0.016490
0 0.398191 0.676077 0.015503 0.018947
0 0.802124 0.980788 0.015087 0.018543
0 0.351465 0.036439 0.017170 0.019802
0 0.832933 0.011405 0.018078 0.015606
0 0.827912 0.040816 0.014061 0.014406
0 0.847998 0.055222 0.016069 0.016807
0 0.385005 0.651861 0.014061 0.014406
0 0.369438 0.642257 0.015065 0.016807
0 0.651151 0.528812 0.018078 0.015606
0 0.742544 0.590036 0.016069 0.015606