0 0.624216 0.945754 0.018191 0.025711
0 0.794664 0.844519 0.019103 0.022817
0 0.838962 0.331923 0.017900 0.023330
0 0.615812 0.667935 0.017027 0.022542
0 0.479662 0.082866 0.014972 0.019772
0 0.384366 0.084747 0.016183 0.021092
0 0.319282 0.937146 0.017728 0.022348
0 0.279622 0.384708 0.019240 0.024399
0 0.136287 0.174664 0.021260 0.026572
0 0.670341 0.252480 0.017478 0.020837
0 0.421978 0.551084 0.015117 0.019677
0 0.980031 0.705896 0.013196 0.016043
0 0.520344 0.252289 0.020223 0.026339
0 0.721666 0.224246 0.018592 0.024350
0 0.115672 0.488045 0.015719 0.021248
0 0.130570 0.230751 0.016394 0.022240
0 0.222009 0.706097 0.016357 0.020974
0 0.004319 0.676646 0.008638 0.018622
0 0.100211 0.681043 0.018128 0.021660
0 0.815036 0.870621 0.018277 0.023791
0 0.464172 0.674725 0.016002 0.021013
0 0.333175 0.596051 0.017780 0.025011
0 0.119410 0.110636 0.014319 0.016924
0 0.032905 0.932132 0.016425 0.021854
0 0.925560 0.195024 0.013723 0.016542
0 0.795183 0.962214 0.015680 0.020106
0 0.558880 0.939442 0.016624 0.021177
0 0.067994 0.545266 0.016038 0.020947
0 0.869885 0.343164 0.016602 0.019241
0 0.018373 0.046561 0.015034 0.021660
0 0.333059 0.322307 0.018709 0.023923
0 0.064707 0.913788 0.013916 0.018807
0 0.737810 0.546211 0.017040 0.022386
0 0.244422 0.468891 0.019996 0.023242
0 0.061959 0.221895 0.019569 0.020089
0 0.004503 0.184596 0.009006 0.016879
0 0.029794 0.179795 0.015928 0.020991
0 0.765177 0.951255 0.017084 0.020697
0 0.157157 0.456356 0.015145 0.019771
0 0.083333 0.805618 0.016956 0.020832
0 0.417317 0.876617 0.016964 0.019983
0 0.230053 0.420636 0.012188 0.015259
0 0.507722 0.118214 0.017236 0.019450
0 0.358597 0.012117 0.016156 0.019681
0 0.976564 0.325517 0.020081 0.023601
0 0.796497 0.693215 0.016740 0.021882
0 0.249025 0.098955 0.014563 0.019702
0 0.103169 0.944606 0.018115 0.023528
0 0.815659 0.663625 0.014999 0.021159
0 0.728726 0.919954 0.016129 0.021027
0 0.270001 0.075389 0.013600 0.018487
0 0.934874 0.892225 0.014221 0.018707
0 0.309681 0.082833 0.018078 0.014406
0 0.303153 0.055222 0.015065 0.016807
0 0.330269 0.037215 0.015065 0.016807
0 0.044539 0.108043 0.018078 0.016807
0 0.054583 0.160264 0.014061 0.015606
0 0.062115 0.189076 0.019082 0.020408
0 0.513558 0.291116 0.014061 0.015606
0 0.186651 0.466387 0.013056 0.013205
0 0.106305 0.551020 0.015065 0.019208
0 0.156019 0.543818 0.014061 0.019208
0 0.381992 0.652461 0.016069 0.015606
0 0.256452 0.932773 0.016069 0.019208
0 0.125890 0.881753 0.018078 0.015606
0 0.088730 0.837335 0.016069 0.015606
0 0.817366 0.791717 0.019082 0.018007
0 0.740033 0.181873 0.019082 0.020408
0 0.521593 0.088235 0.020086 0.018007
0 0.472883 0.130852 0.017073 0.021609
0 0.328261 0.111044 0.017073 0.022809
0 0.270010 0.111044 0.019082 0.022809
0 0.113838 0.248499 0.014061 0.012005
0 0.092245 0.261104 0.015065 0.015606
0 0.069145 0.328331 0.015065 0.013205
0 0.212764 0.228091 0.015065 0.016807
0 0.533645 0.430372 0.016069 0.013205
0 0.699860 0.680672 0.013056 0.016807
0 0.659687 0.680072 0.017073 0.020408
0 0.603947 0.639856 0.014061 0.019208
0 0.450788 0.776711 0.013056 0.014406