0 0.278006 0.080489 0.014902 0.020526
0 0.545497 0.510156 0.021637 0.028758
0 0.127161 0.345612 0.019317 0.023416
0 0.568188 0.469106 0.017818 0.022739
0 0.537180 0.458365 0.019238 0.022866
0 0.014694 0.519676 0.018400 0.023426
0 0.688200 0.252143 0.021135 0.027512
0 0.240866 0.662909 0.018838 0.024066
0 0.198876 0.305945 0.021387 0.027174
0 0.966846 0.860887 0.019730 0.024234
0 0.218462 0.352831 0.018708 0.022437
0 0.747261 0.623388 0.024319 0.025665
0 0.985073 0.760828 0.019101 0.022578
0 0.200926 0.432598 0.019476 0.022962
0 0.960727 0.590142 0.016201 0.020644
0 0.240507 0.369102 0.017519 0.020993
0 0.414396 0.532886 0.019806 0.023995
0 0.298928 0.079556 0.015237 0.021495
0 0.279515 0.509665 0.018589 0.023477
0 0.284596 0.269097 0.017697 0.023335
0 0.241152 0.501276 0.019193 0.023324
0 0.423368 0.743548 0.018130 0.022769
0 0.324053 0.270697 0.019019 0.022915
0 0.315389 0.236478 0.019797 0.026017
0 0.674525 0.699387 0.022252 0.026834
0 0.389048 0.798074 0.017431 0.022147
0 0.388808 0.503594 0.019051 0.023163
0 0.949914 0.943922 0.021226 0.026448
0 0.542842 0.298416 0.021740 0.025372
0 0.931788 0.588121 0.018927 0.022063
0 0.068077 0.365283 0.019108 0.023042
0 0.837820 0.017597 0.019964 0.024605
0 0.973330 0.633856 0.020683 0.022830
0 0.292188 0.470004 0.019421 0.023590
0 0.685559 0.745841 0.018613 0.022659
0 0.891223 0.433680 0.019606 0.023933
0 0.520447 0.495617 0.017097 0.021265
0 0.625225 0.273697 0.019819 0.023511
0 0.287724 0.858874 0.021771 0.025295
0 0.888557 0.717709 0.019559 0.023985
0 0.973192 0.374414 0.025545 0.027376
0 0.411005 0.132257 0.017260 0.022313
0 0.682522 0.043065 0.020370 0.026318
0 0.615326 0.044441 0.020507 0.025648
0 0.088492 0.459305 0.018617 0.023557
0 0.141640 0.878999 0.021839 0.028074
0 0.348957 0.463570 0.016253 0.019983
0 0.700829 0.556389 0.020598 0.024775
0 0.589951 0.847396 0.021618 0.028084
0 0.934670 0.433657 0.018969 0.023293
0 0.239760 0.314216 0.018383 0.022051
0 0.807743 0.209720 0.021716 0.024755
0 0.132508 0.094971 0.017145 0.023705
0 0.824965 0.818114 0.025417 0.028406
0 0.024506 0.255054 0.018062 0.022482
0 0.888108 0.499635 0.019811 0.027827
0 0.428952 0.603963 0.019442 0.024631
0 0.971251 0.066437 0.019696 0.024125
0 0.515629 0.389420 0.017454 0.019832
0 0.842702 0.558817 0.020445 0.025754
0 0.336666 0.789709 0.019994 0.023907
0 0.434712 0.923441 0.020814 0.026801
0 0.937224 0.877630 0.017611 0.021464
0 0.139932 0.427945 0.016883 0.021417
0 0.419274 0.229354 0.019187 0.024574
0 0.977973 0.569570 0.017215 0.020725
0 0.118959 0.216404 0.019132 0.024143
0 0.051342 0.401132 0.017616 0.020924
0 0.504797 0.074577 0.019338 0.024183
0 0.127839 0.305115 0.021753 0.025779
0 0.546718 0.702206 0.017022 0.021552
0 0.678001 0.774305 0.022153 0.024802
0 0.956285 0.096025 0.018873 0.022499
0 0.824780 0.968239 0.021767 0.023523
0 0.189388 0.469090 0.017446 0.022370
0 0.625839 0.795377 0.019759 0.025565
0 0.366138 0.623959 0.019386 0.023823
0 0.506867 0.726842 0.018696 0.023150
0 0.255031 0.075029 0.017645 0.021679
0 0.355156 0.099720 0.017329 0.019505
0 0.824164 0.698473 0.017454 0.020631
0 0.408350 0.447825 0.017340 0.022565
0 0.718629 0.227258 0.019181 0.021416
0 0.899106 0.154731 0.020449 0.025249
0 0.716320 0.251558 0.018056 0.021187
0 0.936971 0.991647 0.020289 0.015738
0 0.262977 0.645641 0.017528 0.022241
0 0.748248 0.685293 0.019150 0.025614
0 0.307317 0.543277 0.017297 0.021217
0 0.948159 0.160496 0.017414 0.021129
0 0.447555 0.854604 0.022680 0.027035
0 0.547208 0.482498 0.015341 0.019320
0 0.571307 0.070828 0.017073 0.019208