0 0.107026 0.874141 0.025003 0.028927
0 0.984581 0.086641 0.018350 0.023620
0 0.007682 0.677800 0.015284 0.020546
0 0.135916 0.435356 0.019977 0.032675
0 0.944327 0.048271 0.019468 0.023193
0 0.094701 0.311167 0.019185 0.024299
0 0.283144 0.744015 0.016143 0.024515
0 0.148724 0.294320 0.019217 0.022900
0 0.826401 0.809244 0.022177 0.028164
0 0.791065 0.388006 0.022228 0.022937
0 0.301893 0.759302 0.017167 0.021610
0 0.546652 0.483633 0.020801 0.025804
0 0.207595 0.729348 0.027028 0.034586
0 0.097361 0.924208 0.017741 0.022391
0 0.939516 0.895378 0.019493 0.022991
0 0.923360 0.123068 0.021551 0.027177
0 0.179209 0.904983 0.020757 0.026269
0 0.038513 0.679164 0.017095 0.019728
0 0.170449 0.766813 0.020903 0.025494
0 0.905827 0.432554 0.021464 0.026655
0 0.821237 0.883097 0.023095 0.026412
0 0.342050 0.291801 0.017800 0.019245
0 0.133008 0.895521 0.023071 0.028257
0 0.904374 0.678573 0.018207 0.020871
0 0.893938 0.883064 0.019527 0.021081
0 0.131038 0.530178 0.018347 0.020406
0 0.351887 0.845351 0.016256 0.019592
0 0.924699 0.936983 0.020217 0.022787
0 0.324135 0.273071 0.017966 0.021719
0 0.085091 0.487702 0.019752 0.024216
0 0.655617 0.140442 0.017442 0.021629
0 0.325070 0.165506 0.018001 0.020648
0 0.313237 0.092149 0.016765 0.021449
0 0.250284 0.408935 0.016166 0.021475
0 0.827679 0.322668 0.015767 0.022125
0 0.581573 0.069485 0.023647 0.027531
0 0.959705 0.886591 0.017374 0.023820
0 0.122227 0.555710 0.018250 0.020823
0 0.217784 0.446501 0.019516 0.022371
0 0.957667 0.697427 0.019003 0.022240
0 0.333038 0.863370 0.020909 0.022085
0 0.554535 0.705714 0.020304 0.022543
0 0.385064 0.413869 0.018993 0.022062
0 0.046785 0.196375 0.022163 0.027030
0 0.389098 0.524442 0.018829 0.024744
0 0.959802 0.400742 0.020955 0.029169
0 0.798975 0.244688 0.021066 0.025916
0 0.228728 0.405193 0.016773 0.021722
0 0.690776 0.122981 0.017567 0.023200
0 0.925040 0.345810 0.019810 0.023703
0 0.500140 0.651622 0.017372 0.021166
0 0.205140 0.572752 0.017169 0.022332
0 0.542519 0.420595 0.019719 0.022646
0 0.205450 0.815285 0.016945 0.021546
0 0.505300 0.384239 0.021288 0.022345
0 0.299449 0.194399 0.019042 0.024577
0 0.442681 0.014868 0.018942 0.022608
0 0.899700 0.704389 0.018306 0.021885
0 0.261885 0.566417 0.018197 0.027457
0 0.339681 0.316499 0.017693 0.019957
0 0.354375 0.266278 0.014971 0.018473
0 0.381168 0.225167 0.018783 0.022893
0 0.491435 0.487783 0.017849 0.021393
0 0.674016 0.869149 0.019612 0.025305
0 0.420037 0.739867 0.017923 0.023009
0 0.920942 0.510546 0.018679 0.022680
0 0.042575 0.907944 0.020685 0.026408
0 0.890141 0.645012 0.020037 0.024774
0 0.362287 0.113468 0.017403 0.023647
0 0.848719 0.420834 0.017596 0.022248
0 0.910668 0.037100 0.018936 0.023832
0 0.347337 0.158749 0.018479 0.023625
0 0.119822 0.488133 0.018488 0.023588
0 0.336947 0.424255 0.015204 0.022063
0 0.631548 0.183035 0.016728 0.019154
0 0.504216 0.220412 0.018911 0.026404
0 0.635298 0.279485 0.020423 0.022927
0 0.438140 0.436077 0.019529 0.021776
0 0.049125 0.046950 0.017685 0.022988
0 0.799610 0.415165 0.016336 0.020545
0 0.825821 0.095335 0.018725 0.022773
0 0.451101 0.679320 0.018108 0.025248
0 0.457815 0.586902 0.018661 0.025110
0 0.763880 0.876822 0.020473 0.026064
0 0.230183 0.922360 0.020067 0.024121
0 0.555760 0.655240 0.019977 0.024090
0 0.685895 0.318237 0.018565 0.025394
0 0.018778 0.276245 0.017695 0.021606
0 0.155216 0.319829 0.016187 0.018657
0 0.371869 0.327507 0.017174 0.022175
0 0.290051 0.583009 0.015330 0.018508
0 0.504170 0.158967 0.016999 0.021125
0 0.338623 0.251231 0.020052 0.022577
0 0.510171 0.308087 0.017047 0.020917
0 0.151906 0.849089 0.016186 0.019096
0 0.122772 0.296638 0.017176 0.022689
0 0.637592 0.495237 0.017307 0.022507
0 0.793455 0.218578 0.015699 0.018400
0 0.587137 0.436761 0.018417 0.022378
0 0.430567 0.173068 0.018312 0.021853
0 0.806915 0.316169 0.018211 0.025839
0 0.313285 0.422501 0.015959 0.021646
0 0.231166 0.793734 0.019287 0.023327
0 0.080820 0.585732 0.018089 0.022454
0 0.025848 0.650153 0.015614 0.019826
0 0.574688 0.160265 0.020525 0.021394
0 0.170406 0.531820 0.020955 0.021897
0 0.597930 0.193905 0.017958 0.022602
0 0.284849 0.084297 0.018226 0.022981
0 0.415160 0.344236 0.015552 0.018146
0 0.243827 0.896204 0.019843 0.022275
0 0.113585 0.448111 0.015803 0.020649
0 0.529903 0.166935 0.013735 0.017454
0 0.960036 0.082559 0.015801 0.020409
0 0.906520 0.907061 0.016852 0.024069
0 0.412223 0.993133 0.018457 0.013733
0 0.926033 0.913613 0.015456 0.018115
0 0.631809 0.160208 0.016224 0.019584