0 0.559502 0.528985 0.022717 0.030939
0 0.233279 0.367714 0.017118 0.024753
0 0.717991 0.749279 0.016300 0.024246
0 0.217571 0.321922 0.020036 0.025399
0 0.492083 0.975712 0.016540 0.020214
0 0.420859 0.548797 0.018526 0.024706
0 0.946748 0.332303 0.017360 0.020764
0 0.307893 0.580539 0.016212 0.020789
0 0.983417 0.646606 0.018256 0.022312
0 0.960503 0.312271 0.016395 0.020999
0 0.977689 0.855385 0.018601 0.022536
0 0.292068 0.567273 0.015203 0.019713
0 0.070795 0.399233 0.018662 0.022452
0 0.436893 0.752052 0.018610 0.027243
0 0.390717 0.835671 0.017576 0.021973
0 0.500922 0.027638 0.017890 0.028686
0 0.958830 0.696142 0.016636 0.020505
0 0.706194 0.272416 0.016151 0.021088
0 0.411817 0.488322 0.018857 0.023321
0 0.357816 0.769606 0.017998 0.022659
0 0.251386 0.388211 0.015567 0.019531
0 0.683467 0.287863 0.015212 0.019467
0 0.146222 0.361590 0.018857 0.023655
0 0.321734 0.557619 0.016702 0.022919
0 0.164033 0.399826 0.016486 0.020221
0 0.553611 0.477467 0.018747 0.021392
0 0.504062 0.071068 0.014144 0.018196
0 0.914845 0.171163 0.019360 0.024934
0 0.255423 0.527134 0.017790 0.021711
0 0.362249 0.468676 0.015637 0.018607
0 0.148154 0.301087 0.015070 0.018066
0 0.756494 0.647892 0.016775 0.023510
0 0.781195 0.453256 0.018915 0.022577
0 0.106666 0.210833 0.016013 0.019722
0 0.353682 0.077220 0.019394 0.023593
0 0.051371 0.386771 0.015368 0.018631
0 0.774340 0.770224 0.015776 0.019644
0 0.601843 0.186495 0.015409 0.020362
0 0.151859 0.444139 0.015761 0.020307
0 0.821055 0.655022 0.019381 0.023108
0 0.219088 0.454084 0.017741 0.020318
0 0.242418 0.315806 0.018112 0.023869
0 0.371677 0.008004 0.016026 0.014113
0 0.425257 0.807672 0.018779 0.022010
0 0.299738 0.288737 0.015967 0.021702
0 0.440714 0.400851 0.017990 0.021842
0 0.403643 0.238830 0.017213 0.021112
0 0.629034 0.067550 0.018718 0.023017
0 0.794529 0.825709 0.017039 0.022820
0 0.606995 0.858916 0.018736 0.023856
0 0.349125 0.805805 0.016909 0.018901
0 0.560320 0.980264 0.015821 0.019186
0 0.550599 0.442444 0.015264 0.017165
0 0.904257 0.774295 0.019232 0.023788
0 0.509477 0.478972 0.015292 0.019298
0 0.983362 0.302304 0.017125 0.020042
0 0.163412 0.022615 0.025714 0.025291
0 0.061687 0.424047 0.015813 0.020219
0 0.146851 0.113444 0.017152 0.020850
0 0.196857 0.750726 0.014512 0.020984
0 0.948952 0.456070 0.016123 0.020703
0 0.814220 0.813715 0.018138 0.023727
0 0.536832 0.050637 0.014721 0.017846
0 0.260349 0.774053 0.016962 0.021528
0 0.834401 0.592801 0.015124 0.017693
0 0.139836 0.574738 0.016462 0.020094
0 0.435966 0.245332 0.014898 0.018338
0 0.856926 0.571775 0.017758 0.021498
0 0.425775 0.152319 0.017296 0.021817
0 0.351670 0.547041 0.017295 0.020906
0 0.340689 0.287632 0.015591 0.019700
0 0.488058 0.306644 0.015395 0.020467
0 0.698438 0.051175 0.016146 0.021378
0 0.962931 0.964693 0.017228 0.025534
0 0.725918 0.255271 0.017005 0.021227
0 0.262617 0.664493 0.018072 0.025405
0 0.493546 0.461027 0.015396 0.020338
0 0.738623 0.535411 0.015002 0.025651
0 0.440340 0.621497 0.016461 0.021114
0 0.382778 0.663096 0.016733 0.020391
0 0.290358 0.081255 0.013578 0.017189
0 0.679889 0.960968 0.016205 0.020423
0 0.766847 0.886461 0.015750 0.021712
0 0.691159 0.713934 0.018345 0.022093
0 0.902897 0.734259 0.018232 0.021027
0 0.123501 0.297936 0.013338 0.016419
0 0.700979 0.765321 0.015825 0.020056
0 0.325367 0.111825 0.017208 0.020427
0 0.296403 0.132347 0.017805 0.021997
0 0.684355 0.122545 0.016943 0.019918
0 0.561542 0.317665 0.018992 0.022773
0 0.428909 0.465376 0.016094 0.019047
0 0.414197 0.090948 0.021973 0.024474
0 0.941117 0.794146 0.015037 0.020124
0 0.267596 0.117823 0.015814 0.020794
0 0.030735 0.543183 0.018500 0.023616
0 0.520382 0.742231 0.016124 0.020864
0 0.356053 0.484182 0.012039 0.013164
0 0.491284 0.489443 0.015589 0.020874
0 0.363857 0.827215 0.017699 0.028433
0 0.436621 0.979615 0.017016 0.018874
0 0.246185 0.600990 0.014643 0.016005
0 0.535341 0.532779 0.015360 0.020959
0 0.547625 0.396736 0.015263 0.019633
0 0.942484 0.438748 0.013111 0.014466
0 0.682505 0.394515 0.012717 0.014410