0 0.515151 0.968245 0.020123 0.027227
0 0.631346 0.947291 0.019038 0.025309
0 0.384826 0.648403 0.013538 0.019762
0 0.038558 0.935022 0.017899 0.023542
0 0.483641 0.134233 0.018983 0.026567
0 0.814089 0.259022 0.015879 0.024165
0 0.630583 0.669676 0.015673 0.019166
0 0.282953 0.387529 0.018984 0.023282
0 0.758197 0.874219 0.019500 0.024316
0 0.757015 0.051254 0.018080 0.022483
0 0.380089 0.038663 0.015591 0.019628
0 0.388322 0.086899 0.016609 0.020304
0 0.669175 0.133349 0.018739 0.023961
0 0.817287 0.872145 0.017477 0.021275
0 0.787266 0.656550 0.017697 0.021636
0 0.983946 0.723312 0.017467 0.022423
0 0.848016 0.518302 0.018020 0.020438
0 0.461175 0.948385 0.018250 0.020133
0 0.123829 0.167842 0.020178 0.023993
0 0.507632 0.283905 0.018827 0.022913
0 0.519541 0.059200 0.016623 0.019617
0 0.710081 0.584470 0.018117 0.021410
0 0.549039 0.044415 0.014542 0.017861
0 0.842922 0.967023 0.016026 0.021214
0 0.770340 0.964140 0.015596 0.020294
0 0.597896 0.672415 0.017276 0.020723
0 0.119512 0.490873 0.016447 0.020836
0 0.047022 0.070776 0.017696 0.021664
0 0.736538 0.194915 0.017959 0.023149
0 0.465390 0.870189 0.013975 0.018713
0 0.709544 0.544529 0.018470 0.022990
0 0.215017 0.950125 0.018186 0.021387
0 0.979987 0.872887 0.019376 0.022693
0 0.846472 0.545914 0.017298 0.022473
0 0.253114 0.470265 0.018901 0.023710
0 0.332804 0.873376 0.018662 0.022221
0 0.474218 0.898219 0.018188 0.022773
0 0.788543 0.269708 0.015740 0.018673
0 0.680941 0.689975 0.018222 0.020261
0 0.466506 0.676577 0.017341 0.022036
0 0.936944 0.890209 0.015943 0.020221
0 0.909508 0.138420 0.016095 0.019058
0 0.249560 0.518496 0.016352 0.021116
0 0.632351 0.378266 0.016648 0.021312
0 0.541506 0.341476 0.016040 0.020324
0 0.873454 0.922635 0.016634 0.021320
0 0.814069 0.640932 0.018219 0.021847
0 0.888596 0.098550 0.016793 0.023636
0 0.818063 0.717959 0.017261 0.020152
0 0.435118 0.125990 0.017649 0.021378
0 0.156545 0.925112 0.016262 0.021946
0 0.751252 0.568239 0.020413 0.024723
0 0.290101 0.020972 0.018569 0.021726
0 0.820799 0.966797 0.016066 0.021244
0 0.368519 0.824690 0.020088 0.022349
0 0.519466 0.623145 0.015986 0.020089
0 0.180334 0.250429 0.016416 0.018124
0 0.826091 0.897703 0.016533 0.021109
0 0.659228 0.676988 0.016473 0.021001
0 0.109343 0.539768 0.018852 0.023773
0 0.135019 0.134051 0.017061 0.020642
0 0.739753 0.587560 0.015593 0.018320
0 0.838848 0.479328 0.011958 0.014962
0 0.248683 0.961254 0.015722 0.020903
0 0.302477 0.827634 0.016899 0.021383
0 0.977738 0.244078 0.019273 0.023241
0 0.312438 0.017905 0.014970 0.021689
0 0.946443 0.516155 0.018754 0.021749
0 0.401426 0.674963 0.016254 0.019323
0 0.195272 0.931065 0.017235 0.022072
0 0.492653 0.546540 0.018066 0.021927
0 0.368964 0.641439 0.014322 0.019171
0 0.084168 0.791105 0.018198 0.021675
0 0.008410 0.500278 0.016699 0.021875
0 0.407903 0.510852 0.014377 0.018726
0 0.134408 0.233955 0.018135 0.021566
0 0.852103 0.672084 0.018159 0.022007
0 0.872844 0.639558 0.018297 0.020821
0 0.537822 0.435908 0.017192 0.021243
0 0.276352 0.453261 0.018918 0.021921
0 0.738643 0.956687 0.016904 0.019625
0 0.040748 0.737563 0.018305 0.021007
0 0.187524 0.660683 0.016908 0.023340
0 0.659976 0.603833 0.017579 0.024126
0 0.583197 0.344790 0.018373 0.021636
0 0.462599 0.137194 0.015454 0.022344
0 0.650739 0.057260 0.017888 0.021936
0 0.784756 0.828921 0.016836 0.020587
0 0.329086 0.102339 0.017346 0.022649
0 0.628151 0.079359 0.014200 0.018702
0 0.068672 0.924193 0.017528 0.021762
0 0.330645 0.825213 0.015578 0.018562
0 0.091106 0.849401 0.017276 0.023719
0 0.218940 0.230589 0.018120 0.020799
0 0.485243 0.605331 0.017744 0.021675
0 0.843221 0.052639 0.014486 0.018928
0 0.807631 0.405890 0.016502 0.020408
0 0.520176 0.682286 0.016382 0.021593
0 0.657303 0.834966 0.016659 0.020074
0 0.814517 0.068674 0.013662 0.015193
0 0.020313 0.896027 0.016115 0.018102
0 0.424358 0.659985 0.016010 0.022422
0 0.890933 0.990066 0.016888 0.016243
0 0.572719 0.687139 0.014568 0.018988
0 0.007177 0.091777 0.014354 0.019628
0 0.826186 0.581162 0.015716 0.018861
0 0.010864 0.654994 0.017656 0.021579
0 0.671814 0.817906 0.015055 0.019113
0 0.027807 0.691642 0.015766 0.020372
0 0.313749 0.042697 0.015684 0.021882
0 0.046214 0.899573 0.014634 0.019149
0 0.071985 0.040726 0.017485 0.020593
0 0.796227 0.775489 0.018982 0.023834
0 0.088605 0.487225 0.017673 0.021690
0 0.849221 0.920814 0.012292 0.016465
0 0.743910 0.512835 0.015030 0.020477
0 0.331520 0.046550 0.016094 0.019686
0 0.213240 0.320369 0.016735 0.020923
0 0.183668 0.339716 0.016280 0.020090
0 0.113794 0.059312 0.014750 0.020095
0 0.016595 0.056186 0.016930 0.021860
0 0.167421 0.978687 0.017221 0.018938
0 0.095798 0.940301 0.014452 0.018920
0 0.689251 0.027933 0.015334 0.019259
0 0.291977 0.557191 0.016882 0.019481
0 0.336424 0.012016 0.015276 0.021239
0 0.454002 0.261884 0.018229 0.023310
0 0.737433 0.459508 0.013275 0.017527
0 0.298194 0.099022 0.016448 0.019964
0 0.871834 0.057982 0.012649 0.017134
0 0.425040 0.044022 0.016289 0.021313
0 0.364577 0.951293 0.014359 0.017692
0 0.372893 0.429826 0.013237 0.015743
0 0.535794 0.893612 0.014635 0.015065
0 0.802901 0.982794 0.015218 0.018566
0 0.022021 0.477856 0.016038 0.020834
0 0.781211 0.079832 0.021091 0.020408
0 0.830422 0.034214 0.015065 0.015606
0 0.227326 0.508403 0.018078 0.018007
0 0.367931 0.975390 0.016069 0.018007
0 0.633575 0.776110 0.017073 0.015606
0 0.654666 0.538415 0.017073 0.022809
0 0.611982 0.108043 0.016069 0.016807