0 0.164147 0.014126 0.019609 0.021406
0 0.704458 0.268565 0.016280 0.021603
0 0.560399 0.522851 0.022761 0.030065
0 0.985185 0.647473 0.017120 0.021979
0 0.577263 0.478564 0.017316 0.020680
0 0.087008 0.415661 0.016703 0.021094
0 0.780076 0.450764 0.018134 0.023581
0 0.306060 0.577536 0.016869 0.021583
0 0.404361 0.098669 0.017550 0.022225
0 0.413646 0.844407 0.017348 0.020318
0 0.425498 0.088856 0.016971 0.020806
0 0.213828 0.319481 0.020126 0.025642
0 0.407956 0.228195 0.016301 0.021659
0 0.421119 0.546115 0.018813 0.021424
0 0.813737 0.802520 0.016472 0.021313
0 0.434075 0.829955 0.015720 0.020976
0 0.977248 0.851130 0.018834 0.022525
0 0.321695 0.557377 0.016436 0.020567
0 0.217924 0.450239 0.017941 0.020781
0 0.249800 0.384661 0.016058 0.020483
0 0.456084 0.493789 0.018386 0.023439
0 0.681076 0.279322 0.017249 0.022018
0 0.401751 0.565742 0.014949 0.018451
0 0.387311 0.014183 0.016032 0.019197
0 0.276451 0.665308 0.019855 0.022843
0 0.380410 0.659547 0.016279 0.018844
0 0.793489 0.819872 0.018548 0.023499
0 0.422749 0.148281 0.018495 0.023423
0 0.241293 0.320646 0.017767 0.023262
0 0.254853 0.522866 0.018612 0.022038
0 0.629498 0.064331 0.017504 0.022545
0 0.912349 0.169010 0.016921 0.022248
0 0.602499 0.067568 0.014149 0.018470
0 0.143129 0.361386 0.016643 0.021313
0 0.944086 0.327370 0.018092 0.021497
0 0.548351 0.440253 0.013363 0.016694
0 0.903979 0.776100 0.018316 0.023695
0 0.534341 0.527576 0.015481 0.019841
0 0.540145 0.462739 0.015626 0.017424
0 0.171701 0.287539 0.014297 0.017240
0 0.123409 0.213227 0.017313 0.021578
0 0.362843 0.477032 0.015390 0.020209
0 0.945925 0.449359 0.017932 0.024241
0 0.803134 0.765185 0.017758 0.019617
0 0.481024 0.833690 0.017388 0.021652
0 0.454116 0.870518 0.017663 0.023252
0 0.299440 0.286368 0.015679 0.021272
0 0.440011 0.395898 0.020530 0.022107
0 0.145285 0.108241 0.017342 0.022136
0 0.440763 0.746601 0.016059 0.019959
0 0.688336 0.709881 0.018109 0.022335
0 0.555444 0.303269 0.020022 0.023740
0 0.489007 0.972089 0.017184 0.019799
0 0.316431 0.789713 0.016409 0.018817
0 0.301603 0.095977 0.014041 0.017630
0 0.903535 0.683993 0.018333 0.022846
0 0.519533 0.028230 0.019648 0.021576
0 0.440308 0.615321 0.016350 0.019639
0 0.024973 0.555868 0.016460 0.020979
0 0.960480 0.961009 0.018951 0.025552
0 0.290149 0.580244 0.014270 0.020090
0 0.604391 0.853800 0.017740 0.023381
0 0.350607 0.801242 0.015480 0.019244
0 0.234666 0.787686 0.015857 0.019269
0 0.680151 0.955187 0.017233 0.021301
0 0.699515 0.761664 0.016572 0.020639
0 0.724849 0.251295 0.018092 0.023245
0 0.338097 0.284009 0.015410 0.019040
0 0.490377 0.457565 0.016859 0.022136
0 0.683409 0.119149 0.016777 0.020674
0 0.608506 0.177677 0.016367 0.021192
0 0.026866 0.687328 0.016304 0.020327
0 0.852999 0.568117 0.020223 0.023699
0 0.554996 0.066761 0.014477 0.018662
0 0.558133 0.984415 0.015717 0.018074
0 0.908685 0.861269 0.020823 0.024443
0 0.322052 0.105835 0.017651 0.022765
0 0.871658 0.928365 0.017711 0.020067
0 0.232071 0.365248 0.017438 0.022501
0 0.331380 0.134919 0.017402 0.021963
0 0.433599 0.242700 0.015694 0.018193
0 0.887240 0.601313 0.015450 0.020529
0 0.630603 0.448560 0.015069 0.018984
0 0.703064 0.055439 0.018004 0.022471
0 0.217155 0.421261 0.015863 0.018907
0 0.320578 0.626331 0.015313 0.017910
0 0.487657 0.302745 0.017146 0.020042
0 0.755052 0.642993 0.016699 0.023273
0 0.517392 0.737763 0.015010 0.019441
0 0.150278 0.442032 0.015971 0.020046
0 0.030350 0.532942 0.017234 0.019342
0 0.901489 0.727609 0.018386 0.021256
0 0.533683 0.484047 0.015571 0.018964
0 0.428236 0.458117 0.017050 0.019242
0 0.168476 0.343479 0.019170 0.017378
0 0.195063 0.192811 0.013094 0.016158
0 0.705846 0.242798 0.011970 0.015518
0 0.808115 0.596716 0.016702 0.023229
0 0.059803 0.420881 0.014728 0.019951
0 0.265011 0.113472 0.017913 0.020770
0 0.049059 0.377551 0.015065 0.018007
0 0.246408 0.658463 0.014061 0.013205
0 0.436728 0.982593 0.013056 0.018007