0 0.559204 0.520844 0.022489 0.029617
0 0.530066 0.044854 0.016815 0.019279
0 0.702787 0.266112 0.017924 0.022328
0 0.522535 0.018909 0.016312 0.019508
0 0.421186 0.572581 0.015131 0.019041
0 0.436554 0.102864 0.017497 0.025625
0 0.214167 0.315946 0.020957 0.025277
0 0.421293 0.841147 0.018344 0.025632
0 0.726911 0.250038 0.018121 0.025698
0 0.931688 0.908479 0.021156 0.023960
0 0.553275 0.465386 0.016879 0.017815
0 0.580706 0.477179 0.016857 0.022349
0 0.413150 0.105763 0.018714 0.024301
0 0.438368 0.743533 0.016503 0.019483
0 0.252507 0.515315 0.018904 0.023742
0 0.317581 0.594560 0.017655 0.023553
0 0.803902 0.760729 0.018430 0.020670
0 0.905184 0.771600 0.019912 0.023703
0 0.423618 0.542747 0.018487 0.021896
0 0.851871 0.565984 0.019179 0.022693
0 0.141527 0.358409 0.017729 0.021683
0 0.320202 0.816879 0.016213 0.020749
0 0.507835 0.862510 0.017430 0.023843
0 0.422212 0.146510 0.018213 0.022639
0 0.985708 0.645678 0.016983 0.022896
0 0.901537 0.721792 0.019602 0.022878
0 0.979980 0.855392 0.016934 0.020640
0 0.437369 0.878793 0.018129 0.021518
0 0.166369 0.013250 0.020376 0.022329
0 0.310243 0.121776 0.014551 0.019700
0 0.410483 0.228456 0.017041 0.021237
0 0.687017 0.707541 0.018606 0.023470
0 0.682287 0.116469 0.016308 0.020306
0 0.827072 0.841822 0.017647 0.022412
0 0.791649 0.820692 0.020101 0.025728
0 0.533614 0.528168 0.014987 0.018966
0 0.298118 0.283968 0.015725 0.020645
0 0.826212 0.011496 0.015473 0.018762
0 0.337853 0.142291 0.018908 0.024113
0 0.386019 0.014421 0.015531 0.018823
0 0.041593 0.584547 0.023937 0.027321
0 0.433665 0.242804 0.015225 0.015384
0 0.361507 0.474401 0.015186 0.019554
0 0.249648 0.381849 0.016079 0.020186
0 0.149385 0.438843 0.016748 0.020715
0 0.346482 0.803918 0.015755 0.019431
0 0.559269 0.486075 0.015069 0.018201
0 0.475204 0.888049 0.018461 0.021891
0 0.942793 0.325214 0.017761 0.022022
0 0.946055 0.448194 0.018954 0.023040
0 0.130034 0.224549 0.016428 0.020479
0 0.894517 0.681651 0.019034 0.023339
0 0.246374 0.326686 0.019002 0.022092
0 0.048479 0.701940 0.016523 0.022371
0 0.778525 0.447776 0.018685 0.022911
0 0.142975 0.106408 0.017040 0.021586
0 0.323595 0.555254 0.019830 0.023458
0 0.215557 0.446840 0.017535 0.020538
0 0.700787 0.050307 0.017343 0.021211
0 0.911125 0.167565 0.016689 0.020058
0 0.336822 0.281319 0.015052 0.018875
0 0.624505 0.097522 0.014524 0.017297
0 0.273941 0.662405 0.017773 0.021223
0 0.757310 0.640572 0.017577 0.020163
0 0.378614 0.656378 0.015360 0.018528
0 0.492770 0.297708 0.016309 0.020437
0 0.480049 0.520002 0.019706 0.023547
0 0.563481 0.093817 0.014222 0.017653
0 0.489256 0.455866 0.016649 0.021119
0 0.183844 0.310938 0.013933 0.017309
0 0.959163 0.958704 0.018177 0.024895
0 0.547344 0.436613 0.015572 0.017932
0 0.230746 0.421853 0.015118 0.018778
0 0.515453 0.736066 0.014985 0.019153
0 0.604364 0.851008 0.019228 0.025104
0 0.627763 0.060173 0.017084 0.020664
0 0.048864 0.379230 0.016681 0.020072
0 0.684011 0.284318 0.016279 0.019303
0 0.424990 0.451904 0.016066 0.019764
0 0.441545 0.609076 0.018991 0.021940
0 0.697772 0.758658 0.018059 0.021407
0 0.331870 0.698870 0.013503 0.017259
0 0.106116 0.465123 0.017892 0.021043
0 0.910088 0.978341 0.016041 0.018127
0 0.230880 0.364283 0.016887 0.021841
0 0.487706 0.969088 0.016854 0.018860
0 0.058872 0.418450 0.016061 0.020346
0 0.037795 0.532455 0.016651 0.022993
0 0.245648 0.836019 0.015761 0.018143
0 0.681347 0.952359 0.019565 0.022979
0 0.607802 0.175384 0.016879 0.021972
0 0.438920 0.398565 0.017321 0.022260
0 0.551706 0.305684 0.020511 0.024177
0 0.322430 0.101959 0.017233 0.022010
0 0.654069 0.497287 0.015255 0.018039
0 0.888927 0.612834 0.015118 0.019398
0 0.816631 0.640477 0.016726 0.019905
0 0.253219 0.684441 0.011444 0.015679
0 0.437074 0.227791 0.014780 0.016401
0 0.175627 0.384762 0.016310 0.016879
0 0.301687 0.593166 0.012678 0.018460
0 0.266157 0.111919 0.018125 0.021315
0 0.701869 0.236495 0.015065 0.016807
0 0.438736 0.976591 0.017073 0.018007