0 0.513912 0.659807 0.016923 0.020508
0 0.622290 0.705725 0.016707 0.021802
0 0.309810 0.828792 0.016529 0.019421
0 0.011895 0.501000 0.016520 0.020715
0 0.657176 0.674614 0.016761 0.020929
0 0.517429 0.966436 0.023601 0.026646
0 0.279709 0.453603 0.018896 0.022996
0 0.661558 0.053046 0.016098 0.020396
0 0.394898 0.039223 0.015196 0.019561
0 0.789393 0.655406 0.017918 0.021407
0 0.819028 0.872258 0.017510 0.021127
0 0.635962 0.950318 0.020037 0.025239
0 0.485894 0.132755 0.018553 0.024552
0 0.808272 0.642142 0.017427 0.022173
0 0.819288 0.271269 0.019991 0.021056
0 0.049709 0.902664 0.014110 0.017338
0 0.070027 0.044007 0.019790 0.024429
0 0.537598 0.436064 0.017166 0.020747
0 0.796650 0.435373 0.018305 0.022297
0 0.675495 0.700702 0.017967 0.022263
0 0.722839 0.549137 0.017654 0.021089
0 0.751807 0.572095 0.017923 0.023143
0 0.284517 0.387467 0.018837 0.022370
0 0.253378 0.468807 0.018585 0.023869
0 0.011667 0.071272 0.019744 0.021090
0 0.314764 0.038936 0.014842 0.020577
0 0.510900 0.297559 0.019236 0.024058
0 0.745367 0.227854 0.017642 0.021511
0 0.399389 0.008740 0.012779 0.014803
0 0.121332 0.491835 0.016695 0.021472
0 0.474141 0.679212 0.017218 0.020812
0 0.102457 0.150710 0.018102 0.021715
0 0.848372 0.039135 0.016924 0.020320
0 0.904171 0.114556 0.017968 0.020657
0 0.815972 0.062058 0.014926 0.026384
0 0.481699 0.570010 0.016365 0.021811
0 0.939227 0.892727 0.015270 0.019078
0 0.046219 0.071957 0.018274 0.024317
0 0.393801 0.083570 0.016976 0.021301
0 0.129670 0.168497 0.020164 0.024366
0 0.136541 0.234884 0.016414 0.021267
0 0.871675 0.574761 0.017928 0.021795
0 0.371541 0.642272 0.014670 0.019550
0 0.428184 0.153723 0.017625 0.021405
0 0.760830 0.052349 0.019367 0.023187
0 0.570641 0.386198 0.018103 0.022552
0 0.646503 0.074728 0.015983 0.018791
0 0.758883 0.914209 0.018941 0.025130
0 0.041455 0.876096 0.013930 0.016279
0 0.440952 0.959594 0.018318 0.022527
0 0.446559 0.008113 0.016137 0.015193
0 0.955791 0.533531 0.018110 0.022215
0 0.549523 0.081828 0.014055 0.017698
0 0.888097 0.938142 0.016171 0.020330
0 0.710262 0.587384 0.016944 0.020846
0 0.312192 0.012133 0.015788 0.023478
0 0.289498 0.923611 0.018213 0.021533
0 0.572301 0.760575 0.016697 0.021077
0 0.913893 0.142504 0.017184 0.021993
0 0.036632 0.981017 0.017500 0.020813
0 0.154532 0.688733 0.016168 0.022576
0 0.851558 0.070470 0.016297 0.020001
0 0.810408 0.988473 0.015350 0.018604
0 0.872131 0.546305 0.018031 0.022477
0 0.634829 0.683641 0.014854 0.018528
0 0.458204 0.640020 0.016111 0.019716
0 0.291663 0.022325 0.017437 0.021212
0 0.036670 0.824318 0.017082 0.021387
0 0.423536 0.039097 0.017480 0.022545
0 0.091737 0.852559 0.018604 0.024192
0 0.349662 0.040949 0.014984 0.019720
0 0.229056 0.547638 0.016719 0.020130
0 0.258720 0.607656 0.017970 0.021686
0 0.519160 0.725717 0.018707 0.023410
0 0.372567 0.690011 0.015907 0.019838
0 0.836155 0.988988 0.014235 0.017342
0 0.365336 0.870561 0.020932 0.026200
0 0.647373 0.155465 0.020501 0.021843
0 0.666955 0.566606 0.019136 0.023040
0 0.008920 0.476558 0.017273 0.020597
0 0.370825 0.546974 0.015383 0.020630
0 0.820828 0.966052 0.017925 0.019905
0 0.634729 0.408975 0.015746 0.020899
0 0.457444 0.260725 0.017028 0.021110
0 0.069089 0.077060 0.016187 0.023036
0 0.040924 0.934483 0.016059 0.023166
0 0.879867 0.695620 0.017455 0.022504
0 0.385509 0.652327 0.013992 0.017768
0 0.674474 0.607901 0.015825 0.024289
0 0.024515 0.895365 0.015383 0.018630
0 0.450633 0.365841 0.014384 0.018983
0 0.150239 0.280546 0.016029 0.020199
0 0.512798 0.092619 0.016304 0.021360
0 0.853783 0.675684 0.019391 0.021531
0 0.220257 0.232207 0.017501 0.021403
0 0.021629 0.032069 0.015293 0.016785
0 0.800121 0.778726 0.017739 0.021756
0 0.121177 0.981539 0.017519 0.020921
0 0.378713 0.007595 0.017246 0.013178
0 0.657823 0.866026 0.015893 0.020625
0 0.214064 0.322143 0.016540 0.022123
0 0.518306 0.347726 0.015736 0.020429
0 0.792136 0.279420 0.015051 0.019316
0 0.306384 0.856951 0.015820 0.020150
0 0.329854 0.102631 0.016244 0.022207
0 0.364944 0.950419 0.015482 0.018517
0 0.820926 0.579360 0.017795 0.021727
0 0.841626 0.748417 0.016805 0.019944
0 0.624796 0.842187 0.018977 0.025407
0 0.108315 0.541487 0.017365 0.022150
0 0.710620 0.286969 0.017158 0.021027
0 0.438542 0.886182 0.014567 0.018789
0 0.236581 0.798005 0.017530 0.022880
0 0.431030 0.685364 0.017355 0.021418
0 0.297917 0.098508 0.016289 0.020597
0 0.218283 0.514732 0.019991 0.024381
0 0.061148 0.537990 0.018572 0.021506
0 0.767522 0.989050 0.014796 0.017433
0 0.844709 0.935550 0.018195 0.021866
0 0.785183 0.076455 0.018219 0.023207
0 0.682498 0.032825 0.015475 0.019765
0 0.133529 0.365934 0.018033 0.022349
0 0.797769 0.887050 0.015568 0.018525
0 0.675312 0.848727 0.015271 0.019715
0 0.089448 0.093709 0.015548 0.019479
0 0.466443 0.143561 0.015759 0.020919
0 0.219145 0.644948 0.016697 0.019940
0 0.370362 0.972241 0.014805 0.017115
0 0.500045 0.388391 0.016168 0.023087
0 0.052574 0.114046 0.016069 0.014406
0 0.331776 0.051020 0.016069 0.020408
0 0.336797 0.018607 0.014061 0.018007
0 0.844483 0.008403 0.017073 0.014406