0 0.141466 0.772436 0.022211 0.024743
0 0.232613 0.554266 0.017875 0.022997
0 0.911469 0.883555 0.017036 0.021425
0 0.154733 0.924053 0.018387 0.023947
0 0.694351 0.256872 0.017599 0.022234
0 0.009083 0.218430 0.017588 0.022051
0 0.654826 0.500380 0.014590 0.020597
0 0.770540 0.233624 0.017404 0.019367
0 0.675634 0.247037 0.013940 0.018507
0 0.795442 0.223397 0.018039 0.025516
0 0.827730 0.267976 0.018198 0.021828
0 0.154964 0.892554 0.018733 0.023488
0 0.085676 0.504642 0.019919 0.023268
0 0.124326 0.909845 0.017463 0.023165
0 0.858815 0.571182 0.019338 0.029397
0 0.319756 0.169303 0.019567 0.022802
0 0.871844 0.872675 0.016143 0.019237
0 0.210533 0.738894 0.019376 0.023308
0 0.885306 0.302547 0.017121 0.022251
0 0.270992 0.475883 0.016084 0.021337
0 0.063753 0.229096 0.019213 0.023590
0 0.235584 0.739605 0.015467 0.024994
0 0.773551 0.842645 0.023026 0.027780
0 0.279744 0.322452 0.018263 0.022591
0 0.907132 0.425363 0.015866 0.020885
0 0.322328 0.400591 0.013377 0.016873
0 0.058630 0.182887 0.017178 0.020146
0 0.480259 0.780056 0.017164 0.022943
0 0.044094 0.412748 0.016405 0.021019
0 0.419730 0.063550 0.017125 0.020254
0 0.895843 0.138203 0.017268 0.020617
0 0.356335 0.319358 0.015116 0.019573
0 0.980749 0.291558 0.018996 0.022546
0 0.022791 0.851903 0.019132 0.025500
0 0.112550 0.264621 0.018139 0.023196
0 0.122903 0.796894 0.016658 0.020763
0 0.709815 0.914427 0.021112 0.026912
0 0.277854 0.765816 0.016608 0.021899
0 0.307205 0.389049 0.016713 0.022036
0 0.859607 0.623904 0.018395 0.022242
0 0.420046 0.224239 0.017272 0.021800
0 0.823877 0.986031 0.017334 0.019448
0 0.556498 0.836447 0.018900 0.022249
0 0.845234 0.205882 0.018533 0.022832
0 0.007506 0.937882 0.015012 0.019521
0 0.385973 0.292797 0.018067 0.022912
0 0.135491 0.690655 0.015689 0.019044
0 0.242767 0.457621 0.016652 0.022510
0 0.047679 0.108120 0.015733 0.019422
0 0.644337 0.149159 0.016590 0.020627
0 0.416616 0.472174 0.017345 0.019323
0 0.789087 0.870294 0.019505 0.025413
0 0.100013 0.465285 0.015146 0.017195
0 0.314737 0.075484 0.018639 0.022256
0 0.296607 0.150793 0.016354 0.021234
0 0.269003 0.675355 0.016599 0.021917
0 0.520077 0.410054 0.018744 0.021626
0 0.338340 0.992580 0.016736 0.013040
0 0.652330 0.271064 0.017652 0.021171
0 0.120831 0.226599 0.017243 0.021580
0 0.082477 0.875292 0.015551 0.018541
0 0.623931 0.263301 0.017982 0.023559
0 0.042673 0.943260 0.018570 0.023536
0 0.049366 0.718195 0.016047 0.020652
0 0.564720 0.216890 0.015908 0.021122
0 0.505914 0.130694 0.016366 0.021442
0 0.306325 0.286592 0.013938 0.017432
0 0.633339 0.505577 0.015581 0.020847
0 0.154644 0.049058 0.015451 0.020133
0 0.364382 0.007496 0.016078 0.014060
0 0.798416 0.081985 0.016328 0.018036
0 0.881643 0.422569 0.017073 0.021609
0 0.917798 0.397359 0.015065 0.019208
0 0.969019 0.257503 0.015065 0.018007
0 0.827409 0.235894 0.019082 0.020408
0 0.769159 0.207683 0.015065 0.014406
0 0.601437 0.153661 0.015065 0.014406
0 0.339308 0.377551 0.019082 0.015606
0 0.345836 0.403962 0.018078 0.018007
0 0.260971 0.564826 0.013056 0.020408
0 0.250426 0.588235 0.014061 0.016807
0 0.274027 0.643457 0.017073 0.016807
0 0.489957 0.543217 0.015065 0.015606
0 0.493472 0.748499 0.014061 0.015606
0 0.535151 0.650660 0.015065 0.016807
0 0.429697 0.672269 0.013056 0.016807
0 0.260469 0.740096 0.016069 0.015606
0 0.315205 0.436975 0.015065 0.014406
0 0.333282 0.293517 0.017073 0.015606
0 0.026462 0.181273 0.014061 0.016807
0 0.118357 0.061825 0.015065 0.018007
0 0.547203 0.153061 0.015065 0.015606