0 0.078534 0.405794 0.018095 0.022803
0 0.559596 0.525797 0.022749 0.030917
0 0.307556 0.575446 0.015198 0.020502
0 0.577664 0.480764 0.017305 0.020513
0 0.009236 0.548720 0.016989 0.025497
0 0.389058 0.089931 0.017753 0.022042
0 0.979505 0.849960 0.017778 0.021776
0 0.414371 0.804655 0.015955 0.021151
0 0.779748 0.782297 0.016865 0.021316
0 0.390801 0.830046 0.017392 0.026752
0 0.163230 0.017244 0.020864 0.023848
0 0.780695 0.450711 0.018541 0.023206
0 0.170160 0.293793 0.015501 0.017572
0 0.704938 0.269941 0.016100 0.022439
0 0.215238 0.320164 0.019750 0.025889
0 0.945076 0.329824 0.017407 0.020049
0 0.421862 0.546012 0.019401 0.022974
0 0.438945 0.480187 0.017462 0.021810
0 0.492672 0.457971 0.016774 0.021773
0 0.682577 0.281384 0.015655 0.019757
0 0.700663 0.762163 0.016980 0.020463
0 0.519090 0.028253 0.020126 0.021151
0 0.403490 0.230966 0.016480 0.021414
0 0.320469 0.134171 0.019239 0.021572
0 0.031699 0.535194 0.014700 0.016813
0 0.240053 0.314896 0.016916 0.023350
0 0.490356 0.974817 0.016908 0.018281
0 0.428790 0.457658 0.017685 0.019087
0 0.524217 0.461545 0.015581 0.017306
0 0.803562 0.768889 0.016405 0.018933
0 0.147454 0.323884 0.020467 0.017957
0 0.250665 0.385969 0.015884 0.020028
0 0.469809 0.825182 0.018802 0.021519
0 0.947356 0.452729 0.016300 0.020974
0 0.888186 0.689337 0.019917 0.023284
0 0.144736 0.361921 0.018284 0.022379
0 0.559539 0.305605 0.020799 0.023873
0 0.535190 0.528073 0.014953 0.019579
0 0.440867 0.396921 0.020339 0.021373
0 0.596682 0.064473 0.014471 0.018829
0 0.293420 0.601872 0.013498 0.016617
0 0.558856 0.977665 0.016103 0.017889
0 0.323247 0.558503 0.016537 0.021709
0 0.794889 0.821470 0.021629 0.024544
0 0.725564 0.253343 0.017913 0.023038
0 0.986709 0.648288 0.016325 0.020939
0 0.150625 0.442579 0.015514 0.020436
0 0.381645 0.660816 0.016007 0.018543
0 0.484059 0.306851 0.016717 0.021099
0 0.874320 0.590233 0.014600 0.019082
0 0.216823 0.450285 0.017221 0.020487
0 0.854715 0.569626 0.017586 0.020972
0 0.430324 0.847346 0.019397 0.022452
0 0.680700 0.956967 0.017140 0.021433
0 0.441609 0.748856 0.016350 0.020497
0 0.201724 0.419893 0.016591 0.019992
0 0.836240 0.905604 0.017316 0.020491
0 0.254079 0.525014 0.018081 0.021308
0 0.961229 0.962418 0.017525 0.024133
0 0.689902 0.711139 0.018014 0.022072
0 0.913593 0.169640 0.018045 0.023730
0 0.602408 0.858289 0.019998 0.024050
0 0.324225 0.105476 0.018471 0.022341
0 0.146090 0.109575 0.017697 0.021900
0 0.339619 0.285153 0.015729 0.019285
0 0.549628 0.440290 0.013842 0.017199
0 0.683983 0.119400 0.016967 0.021163
0 0.299505 0.288166 0.015100 0.021516
0 0.416051 0.089427 0.016504 0.020012
0 0.353479 0.804906 0.015379 0.019020
0 0.365324 0.476088 0.020709 0.021771
0 0.902774 0.776528 0.018592 0.024576
0 0.265464 0.116298 0.016490 0.020315
0 0.183736 0.176643 0.013567 0.016650
0 0.376127 0.009577 0.015306 0.016841
0 0.609088 0.179839 0.016307 0.020360
0 0.703983 0.057010 0.018166 0.022416
0 0.986013 0.812529 0.015808 0.022826
0 0.521177 0.483224 0.015305 0.018576
0 0.232408 0.366070 0.017153 0.022830
0 0.440659 0.616571 0.016649 0.021401
0 0.273575 0.663159 0.017849 0.025965
0 0.627877 0.063504 0.017680 0.022267
0 0.309020 0.787619 0.015656 0.019376
0 0.121127 0.213399 0.017965 0.021385
0 0.970768 0.316855 0.016968 0.021845
0 0.221394 0.774766 0.016978 0.019991
0 0.389015 0.549409 0.016754 0.020846
0 0.293944 0.084931 0.013796 0.017903
0 0.423685 0.150425 0.017988 0.023427
0 0.903247 0.727945 0.018720 0.021451
0 0.756580 0.643565 0.017961 0.023252
0 0.290672 0.571605 0.013567 0.017819
0 0.518048 0.737517 0.016623 0.020514
0 0.791840 0.577174 0.017212 0.021976
0 0.146515 0.561309 0.021510 0.022387
0 0.544469 0.057239 0.014990 0.018005
0 0.432208 0.228091 0.014061 0.014406
0 0.433715 0.246098 0.013056 0.019208
0 0.880639 0.839736 0.017073 0.022809
0 0.243898 0.647059 0.013056 0.012005
0 0.601939 0.432773 0.012052 0.018007
0 0.443758 0.982593 0.019082 0.015606