0 0.438638 0.601397 0.017344 0.023579
0 0.719973 0.253591 0.017207 0.022773
0 0.390721 0.535505 0.014236 0.020086
0 0.551888 0.511356 0.021368 0.027638
0 0.206405 0.306772 0.021764 0.025948
0 0.245335 0.664689 0.020026 0.023146
0 0.411967 0.535508 0.017277 0.021390
0 0.133066 0.350265 0.017898 0.020365
0 0.265638 0.650950 0.016187 0.019655
0 0.379173 0.014578 0.014493 0.018579
0 0.830411 0.817346 0.022115 0.025561
0 0.367986 0.539778 0.018514 0.021832
0 0.976724 0.865239 0.020394 0.023400
0 0.748236 0.269087 0.017588 0.021300
0 0.692150 0.256853 0.022067 0.025707
0 0.600620 0.854398 0.020433 0.022455
0 0.535881 0.475483 0.019305 0.023921
0 0.319528 0.243025 0.019634 0.022045
0 0.692896 0.049031 0.018807 0.025631
0 0.332350 0.882579 0.020281 0.025749
0 0.548001 0.300938 0.020973 0.024013
0 0.726289 0.396753 0.020175 0.023025
0 0.195760 0.344550 0.018465 0.023624
0 0.145872 0.057622 0.019031 0.023289
0 0.616733 0.052427 0.016982 0.021385
0 0.988887 0.762239 0.018664 0.022286
0 0.318448 0.554662 0.018441 0.022090
0 0.287531 0.272814 0.017479 0.023338
0 0.160626 0.007163 0.017643 0.014326
0 0.222522 0.358802 0.015664 0.020384
0 0.786414 0.812159 0.022090 0.026211
0 0.286379 0.550350 0.016577 0.019815
0 0.975903 0.638625 0.019587 0.022634
0 0.418134 0.601758 0.014788 0.020216
0 0.327381 0.273869 0.016718 0.020774
0 0.399498 0.203527 0.017884 0.022312
0 0.470201 0.965898 0.017169 0.021847
0 0.636987 0.035341 0.017129 0.021297
0 0.423055 0.233776 0.016571 0.022838
0 0.594591 0.170620 0.018895 0.024451
0 0.097074 0.471861 0.017995 0.023036
0 0.955894 0.779088 0.018046 0.020871
0 0.140710 0.432968 0.016613 0.020477
0 0.976043 0.073033 0.019516 0.025701
0 0.855076 0.252417 0.020270 0.023548
0 0.353015 0.467231 0.017016 0.021340
0 0.690065 0.750047 0.015356 0.021213
0 0.037591 0.373789 0.017246 0.021532
0 0.415425 0.137910 0.017671 0.023404
0 0.595652 0.904066 0.020851 0.025598
0 0.952065 0.948923 0.019747 0.025021
0 0.244701 0.508540 0.019108 0.022876
0 0.131259 0.860148 0.018875 0.022994
0 0.206667 0.436621 0.018833 0.023076
0 0.596085 0.006739 0.013990 0.012975
0 0.341277 0.791990 0.018119 0.022205
0 0.259878 0.077666 0.020244 0.021412
0 0.296114 0.913823 0.020577 0.025021
0 0.842083 0.555372 0.022387 0.029621
0 0.678868 0.698783 0.020901 0.026257
0 0.172055 0.044227 0.013253 0.018112
0 0.244703 0.370367 0.015368 0.020082
0 0.521608 0.250681 0.018575 0.022715
0 0.417760 0.842374 0.017752 0.022755
0 0.507068 0.727324 0.017788 0.021279
0 0.301534 0.377297 0.019053 0.023027
0 0.135735 0.097896 0.017166 0.022128
0 0.697287 0.834149 0.020397 0.024193
0 0.531581 0.528060 0.016888 0.020900
0 0.309489 0.089336 0.017612 0.019830
0 0.669707 0.751386 0.016081 0.019114
0 0.753483 0.642638 0.018859 0.025123
0 0.785352 0.717253 0.019217 0.021829
0 0.370536 0.649012 0.016873 0.020991
0 0.900679 0.726463 0.019749 0.022720
0 0.143118 0.324623 0.015522 0.018213
0 0.829089 0.649799 0.020017 0.022596
0 0.021033 0.521829 0.018342 0.021926
0 0.905277 0.105212 0.018196 0.020714
0 0.416096 0.445481 0.016775 0.021911
0 0.431600 0.743604 0.017293 0.021801
0 0.052077 0.406059 0.016153 0.020213
0 0.936775 0.438896 0.019654 0.023312
0 0.121674 0.222840 0.017799 0.023008
0 0.950925 0.164621 0.016755 0.019785
0 0.541825 0.431730 0.016445 0.019731
0 0.017866 0.906378 0.016853 0.021095
0 0.359051 0.009734 0.013175 0.015662
0 0.902890 0.162324 0.018237 0.021707
0 0.620136 0.210193 0.017208 0.019810
0 0.292647 0.006067 0.017505 0.012134
0 0.045544 0.678872 0.012052 0.015606
0 0.554233 0.482593 0.017073 0.019208
0 0.574320 0.471188 0.017073 0.020408