0 0.951889 0.667396 0.018335 0.023865
0 0.414227 0.341680 0.018570 0.025028
0 0.237156 0.554872 0.019217 0.024359
0 0.237792 0.742605 0.016822 0.020110
0 0.208090 0.745938 0.016305 0.019042
0 0.771770 0.210806 0.018353 0.018990
0 0.744818 0.362446 0.020772 0.025276
0 0.071385 0.357418 0.018414 0.022010
0 0.443079 0.315090 0.016685 0.020164
0 0.935233 0.424702 0.018936 0.023150
0 0.037937 0.229320 0.018850 0.023760
0 0.169470 0.989348 0.016788 0.017145
0 0.638836 0.303899 0.017611 0.020942
0 0.915145 0.885140 0.017879 0.021784
0 0.075702 0.303613 0.017734 0.023158
0 0.852349 0.728468 0.019833 0.023138
0 0.978762 0.296105 0.018631 0.023481
0 0.777629 0.355108 0.016747 0.020449
0 0.099643 0.310419 0.017742 0.022924
0 0.391805 0.103819 0.019702 0.022263
0 0.327724 0.399703 0.018675 0.023050
0 0.311971 0.853739 0.017880 0.027364
0 0.152101 0.956675 0.016441 0.020471
0 0.379087 0.903381 0.017227 0.021808
0 0.560995 0.770182 0.017732 0.021909
0 0.282068 0.054843 0.019810 0.023909
0 0.480536 0.149020 0.017514 0.021528
0 0.127476 0.284926 0.019387 0.024057
0 0.043495 0.417856 0.016216 0.019815
0 0.263814 0.738771 0.015715 0.020574
0 0.865550 0.633048 0.017816 0.024941
0 0.821646 0.126665 0.021003 0.025263
0 0.270385 0.904474 0.018246 0.021263
0 0.668952 0.068901 0.018101 0.023683
0 0.534373 0.043547 0.016378 0.020060
0 0.095544 0.503793 0.018517 0.022778
0 0.289199 0.207425 0.019112 0.023356
0 0.043726 0.270341 0.019266 0.023075
0 0.777434 0.236321 0.017383 0.021290
0 0.156637 0.891329 0.018685 0.023735
0 0.565231 0.578181 0.018142 0.021443
0 0.415077 0.226989 0.018291 0.022049
0 0.606493 0.155521 0.015193 0.019240
0 0.431836 0.671263 0.015594 0.019912
0 0.797059 0.874721 0.019357 0.023798
0 0.278238 0.506863 0.018478 0.022524
0 0.130028 0.916683 0.018787 0.023439
0 0.320556 0.266882 0.015926 0.018911
0 0.723552 0.336937 0.017920 0.021243
0 0.545791 0.657375 0.016875 0.021463
0 0.424887 0.429209 0.018909 0.023414
0 0.519753 0.729693 0.029451 0.026227
0 0.868866 0.880477 0.017732 0.021463
0 0.443428 0.697575 0.017732 0.021698
0 0.832742 0.512472 0.018392 0.022579
0 0.471255 0.483015 0.016450 0.020817
0 0.243890 0.401749 0.021179 0.028269
0 0.711607 0.428363 0.019105 0.021177
0 0.339168 0.241832 0.016547 0.019581
0 0.304815 0.154691 0.018037 0.021041
0 0.932059 0.220968 0.018194 0.023397
0 0.837041 0.879065 0.016970 0.020809
0 0.590748 0.253696 0.018951 0.022735
0 0.776939 0.110923 0.018466 0.021863
0 0.075698 0.214595 0.019618 0.025648
0 0.045463 0.869160 0.016512 0.021537
0 0.932143 0.683722 0.016137 0.020971
0 0.885523 0.420047 0.020937 0.024342
0 0.641814 0.507895 0.017788 0.021538
0 0.134997 0.225193 0.018113 0.021038
0 0.316442 0.242473 0.015602 0.019968
0 0.174911 0.864941 0.016574 0.019783
0 0.207211 0.867146 0.019405 0.020513
0 0.531663 0.112877 0.019079 0.022256
0 0.825452 0.989177 0.018755 0.018105
0 0.413940 0.538782 0.015897 0.019405
0 0.225489 0.174801 0.017191 0.019292
0 0.519940 0.411913 0.019034 0.021728
0 0.800089 0.088403 0.018493 0.018782
0 0.524464 0.695856 0.017295 0.020608
0 0.029504 0.179531 0.016681 0.022454
0 0.328979 0.298837 0.016408 0.020500
0 0.267813 0.577324 0.016063 0.018946
0 0.239564 0.904586 0.015459 0.018916
0 0.889033 0.286798 0.022367 0.020625
0 0.556787 0.159106 0.015621 0.018423
0 0.896775 0.112206 0.020983 0.023956
0 0.062792 0.190035 0.014789 0.017593
0 0.092052 0.869269 0.018181 0.022267
0 0.477875 0.258838 0.014795 0.019399
0 0.298131 0.265306 0.015065 0.021609