0 0.557616 0.522489 0.027071 0.035389
0 0.703913 0.272952 0.015869 0.021345
0 0.210782 0.321954 0.020976 0.027327
0 0.432315 0.752846 0.016258 0.021080
0 0.832784 0.920731 0.015549 0.018818
0 0.752004 0.704194 0.016561 0.021108
0 0.426156 0.395675 0.019704 0.022637
0 0.699719 0.764502 0.015616 0.019580
0 0.724431 0.736297 0.016123 0.019501
0 0.720105 0.254921 0.015894 0.021218
0 0.236376 0.315503 0.016594 0.024892
0 0.343998 0.905532 0.019298 0.024586
0 0.429446 0.427444 0.017244 0.020268
0 0.937964 0.807240 0.015814 0.019153
0 0.424877 0.155386 0.015291 0.020452
0 0.951768 0.293617 0.017507 0.022117
0 0.797357 0.822431 0.016794 0.021751
0 0.402950 0.237416 0.017190 0.022376
0 0.928477 0.977133 0.013464 0.017406
0 0.165695 0.021949 0.017629 0.022408
0 0.909411 0.659169 0.014607 0.017898
0 0.358681 0.827234 0.015694 0.019602
0 0.064528 0.277494 0.013758 0.016892
0 0.417640 0.854084 0.013942 0.017218
0 0.944708 0.337667 0.019816 0.022699
0 0.074962 0.175857 0.016218 0.019503
0 0.080786 0.251267 0.015126 0.019792
0 0.776176 0.917849 0.013523 0.017177
0 0.305545 0.580865 0.018060 0.020845
0 0.420136 0.880632 0.015729 0.019709
0 0.177374 0.641427 0.016188 0.019084
0 0.135689 0.361769 0.017231 0.021274
0 0.350071 0.736018 0.021071 0.023555
0 0.149684 0.444207 0.017512 0.023918
0 0.238049 0.667045 0.015670 0.021540
0 0.676342 0.961850 0.016190 0.021292
0 0.045220 0.384045 0.015175 0.018494
0 0.382405 0.335215 0.017150 0.021378
0 0.733826 0.980294 0.015762 0.018548
0 0.932505 0.878507 0.015111 0.018974
0 0.248786 0.387826 0.017650 0.020882
0 0.756619 0.922273 0.014852 0.019932
0 0.964111 0.466287 0.014736 0.018456
0 0.027081 0.347907 0.018508 0.022076
0 0.527722 0.338435 0.014198 0.018275
0 0.489382 0.459662 0.017636 0.023052
0 0.683706 0.286802 0.014582 0.020427
0 0.849027 0.569350 0.016825 0.021398
0 0.383310 0.842793 0.015765 0.018950
0 0.300807 0.050220 0.015887 0.020455
0 0.602573 0.860438 0.018501 0.022747
0 0.074152 0.898910 0.017169 0.024261
0 0.703151 0.738414 0.015115 0.019405
0 0.348601 0.544389 0.015168 0.019193
0 0.433485 0.245611 0.014501 0.019992
0 0.230674 0.370495 0.015377 0.020628
0 0.314041 0.555628 0.016655 0.020748
0 0.348212 0.809048 0.014929 0.018381
0 0.415900 0.091268 0.016536 0.021395
0 0.907325 0.975567 0.015691 0.018653
0 0.889132 0.442331 0.015786 0.019539
0 0.864585 0.694295 0.014419 0.019462
0 0.862763 0.139056 0.014488 0.018804
0 0.145273 0.113957 0.015085 0.019496
0 0.556111 0.314175 0.017237 0.021650
0 0.621151 0.059535 0.018253 0.021965
0 0.526645 0.663881 0.017410 0.021745
0 0.361067 0.469030 0.016419 0.020685
0 0.216778 0.451984 0.016587 0.019638
0 0.733800 0.507276 0.016495 0.020774
0 0.597078 0.634401 0.016081 0.021417
0 0.597537 0.185819 0.017372 0.020484
0 0.334388 0.291156 0.016256 0.020063
0 0.962652 0.971055 0.016740 0.022807
0 0.426515 0.466005 0.015676 0.018763
0 0.644627 0.115504 0.017206 0.019136
0 0.964923 0.150133 0.015226 0.020121
0 0.214298 0.623543 0.017775 0.021724
0 0.867987 0.251019 0.017363 0.022338
0 0.539505 0.433301 0.017592 0.019366
0 0.414398 0.554397 0.018312 0.022330
0 0.848253 0.378564 0.015317 0.021014
0 0.767717 0.494794 0.014746 0.017492
0 0.315667 0.417979 0.017695 0.025063
0 0.312282 0.102176 0.017075 0.019863
0 0.342334 0.621067 0.017488 0.022135
0 0.779640 0.456222 0.017805 0.024945
0 0.221397 0.914925 0.016639 0.022076
0 0.820529 0.320007 0.018693 0.021926
0 0.438204 0.619134 0.016992 0.020654
0 0.625616 0.499495 0.018391 0.022094
0 0.900185 0.466271 0.017089 0.019589
0 0.832852 0.975622 0.017324 0.019122
0 0.694706 0.058122 0.017215 0.020291
0 0.102211 0.637327 0.015479 0.019476
0 0.478383 0.304509 0.016223 0.020011
0 0.246290 0.517236 0.017317 0.021106
0 0.914231 0.320226 0.018177 0.021370
0 0.944758 0.457171 0.014764 0.019851
0 0.293652 0.128368 0.017372 0.020738
0 0.687102 0.713487 0.020724 0.020840
0 0.833415 0.992689 0.015817 0.014094
0 0.060919 0.421765 0.015815 0.019752
0 0.837751 0.901731 0.016899 0.017087
0 0.840134 0.776943 0.013876 0.017570
0 0.065128 0.980192 0.017073 0.018007
0 0.920811 0.747899 0.015065 0.016807
0 0.902734 0.779712 0.015065 0.020408
0 0.902734 0.733493 0.013056 0.019208
0 0.929348 0.776711 0.016069 0.019208
0 0.052072 0.327731 0.019082 0.019208
0 0.555238 0.985594 0.017073 0.016807