0 0.125603 0.181212 0.020672 0.025758
0 0.280144 0.385314 0.018388 0.023555
0 0.625331 0.944860 0.019731 0.026413
0 0.034056 0.932342 0.015743 0.021800
0 0.396077 0.537996 0.015809 0.018222
0 0.522867 0.900181 0.018609 0.021741
0 0.504447 0.219014 0.018841 0.024946
0 0.066445 0.930576 0.016131 0.021438
0 0.818848 0.254195 0.018244 0.023291
0 0.115660 0.488940 0.018069 0.021477
0 0.463648 0.020328 0.016636 0.020798
0 0.315956 0.075860 0.015521 0.020962
0 0.091855 0.670936 0.016391 0.019075
0 0.934387 0.888373 0.014736 0.019003
0 0.763077 0.805546 0.018891 0.022748
0 0.042317 0.502573 0.020541 0.019544
0 0.131157 0.231547 0.016904 0.022281
0 0.072313 0.806094 0.014836 0.018786
0 0.963768 0.682789 0.014068 0.017465
0 0.905592 0.989859 0.016613 0.016944
0 0.842089 0.309470 0.015966 0.022601
0 0.256671 0.233745 0.017290 0.020478
0 0.816888 0.869843 0.018005 0.023521
0 0.384245 0.086931 0.015749 0.020614
0 0.063455 0.046450 0.016651 0.020903
0 0.800972 0.625835 0.016833 0.021831
0 0.290774 0.541957 0.019792 0.020991
0 0.134135 0.645133 0.016941 0.020026
0 0.245684 0.469282 0.020152 0.024314
0 0.768328 0.951130 0.014550 0.019771
0 0.716354 0.897595 0.015384 0.019381
0 0.712769 0.187199 0.022413 0.024474
0 0.737905 0.532795 0.016852 0.021337
0 0.005394 0.674342 0.010787 0.020445
0 0.254978 0.964076 0.013346 0.018039
0 0.326378 0.824814 0.015668 0.018842
0 0.087447 0.380566 0.014419 0.019418
0 0.615529 0.632238 0.015896 0.020097
0 0.312421 0.844217 0.016890 0.020336
0 0.081476 0.707173 0.013095 0.016037
0 0.507765 0.092628 0.015715 0.019543
0 0.246675 0.049796 0.013361 0.018690
0 0.828780 0.538566 0.015537 0.022537
0 0.034016 0.165650 0.016366 0.021988
0 0.801613 0.957257 0.015218 0.018566
0 0.786293 0.656051 0.016660 0.020145
0 0.543129 0.850423 0.016994 0.022089
0 0.209686 0.405295 0.014153 0.016313
0 0.044015 0.905822 0.013241 0.016438
0 0.490851 0.011996 0.018162 0.020859
0 0.991044 0.699471 0.016567 0.019779
0 0.589645 0.611590 0.014542 0.019220
0 0.654072 0.680740 0.017313 0.021019
0 0.465049 0.335492 0.013142 0.017136
0 0.063410 0.527251 0.015230 0.021715
0 0.560000 0.620060 0.014596 0.019427
0 0.996086 0.035307 0.007828 0.016304
0 0.932419 0.976802 0.015635 0.019213
0 0.529924 0.434038 0.015454 0.018555
0 0.511625 0.965431 0.025329 0.028642
0 0.488863 0.197282 0.012840 0.018099
0 0.789086 0.763433 0.015900 0.018949
0 0.382735 0.649508 0.013661 0.019658
0 0.327470 0.099834 0.014264 0.018442
0 0.241413 0.936633 0.015183 0.020807
0 0.222840 0.455955 0.019123 0.027052
0 0.308367 0.334563 0.013249 0.017930
0 0.365092 0.643196 0.012167 0.016829
0 0.250365 0.711728 0.015350 0.018926
0 0.299183 0.040459 0.015951 0.020467
0 0.110739 0.214897 0.015456 0.021368
0 0.478735 0.795572 0.019001 0.024540
0 0.738799 0.147209 0.016313 0.021960
0 0.021216 0.144146 0.013783 0.017521
0 0.712425 0.018524 0.018905 0.022953
0 0.270512 0.060624 0.014061 0.018007
0 0.260469 0.026411 0.014061 0.016807
0 0.044539 0.107443 0.018078 0.018007
0 0.215274 0.229292 0.014061 0.016807
0 0.090738 0.251501 0.014061 0.018007
0 0.119864 0.383553 0.010043 0.013205
0 0.050063 0.417167 0.013056 0.013205
0 0.085717 0.511405 0.012052 0.014406
0 0.113838 0.552221 0.012052 0.012005
0 0.661696 0.608643 0.015065 0.016807
0 0.626545 0.172869 0.015065 0.019208
0 0.329767 0.046218 0.020086 0.015606
0 0.039518 0.072629 0.016069 0.013205
0 0.468364 0.678271 0.016069 0.016807
0 0.421663 0.039016 0.021091 0.022809
0 0.525108 0.301321 0.015065 0.021609
0 0.828414 0.069628 0.013056 0.014406
0 0.679272 0.156062 0.020086 0.016807
0 0.878630 0.572629 0.015065 0.016807
0 0.979564 0.279112 0.018078 0.020408
0 0.442754 0.772509 0.017073 0.015606
0 0.194184 0.876951 0.018078 0.022809
0 0.215777 0.965786 0.019082 0.018007
0 0.060106 0.168667 0.015065 0.020408
0 0.351862 0.080432 0.016069 0.021609
0 0.766146 0.159664 0.015065 0.016807
0 0.454303 0.061224 0.014061 0.016807
0 0.448780 0.258703 0.015065 0.018007