0 0.101064 0.875355 0.024042 0.029681
0 0.173409 0.899173 0.020249 0.024730
0 0.888783 0.879792 0.020531 0.022530
0 0.501974 0.218589 0.021583 0.024983
0 0.160520 0.273681 0.016615 0.021903
0 0.937036 0.889859 0.019696 0.023114
0 0.903179 0.327871 0.020139 0.022982
0 0.381884 0.324414 0.020099 0.023340
0 0.930744 0.566165 0.023978 0.030037
0 0.079898 0.485950 0.020611 0.025279
0 0.329423 0.859997 0.023055 0.024341
0 0.412256 0.293932 0.021500 0.025609
0 0.705255 0.947394 0.019365 0.023526
0 0.461022 0.265773 0.017862 0.023848
0 0.676355 0.560893 0.021753 0.027411
0 0.827736 0.668863 0.019462 0.022723
0 0.576226 0.075587 0.023526 0.026539
0 0.257909 0.750078 0.015763 0.020679
0 0.333747 0.247702 0.021203 0.021716
0 0.066418 0.720374 0.019180 0.024116
0 0.786787 0.386479 0.020325 0.020835
0 0.906710 0.289511 0.021731 0.028510
0 0.015024 0.328797 0.017426 0.022868
0 0.550754 0.700157 0.019700 0.021680
0 0.110426 0.331176 0.017569 0.020535
0 0.873168 0.901325 0.018896 0.022968
0 0.256429 0.561424 0.018403 0.025607
0 0.123555 0.441187 0.019062 0.023906
0 0.498390 0.155811 0.019375 0.025735
0 0.240331 0.891133 0.019672 0.023621
0 0.181835 0.942838 0.020209 0.024257
0 0.116020 0.288296 0.017808 0.023290
0 0.816277 0.127166 0.018262 0.020933
0 0.279056 0.743376 0.018326 0.023941
0 0.094610 0.309399 0.018959 0.023127
0 0.789264 0.215557 0.017435 0.022152
0 0.793471 0.245243 0.021933 0.025281
0 0.215106 0.299028 0.020055 0.023174
0 0.054745 0.445788 0.017726 0.021368
0 0.202810 0.925703 0.016535 0.021076
0 0.538551 0.416585 0.019974 0.024681
0 0.741422 0.388507 0.018721 0.022680
0 0.607265 0.055465 0.021056 0.026912
0 0.888095 0.639904 0.020472 0.024063
0 0.156813 0.562459 0.019038 0.024475
0 0.923109 0.908398 0.016152 0.020175
0 0.918854 0.120051 0.022795 0.026509
0 0.349909 0.304204 0.017423 0.020193
0 0.321799 0.164252 0.018698 0.022580
0 0.305519 0.089781 0.017269 0.019881
0 0.270352 0.262349 0.017968 0.021854
0 0.144758 0.291148 0.018207 0.023667
0 0.150648 0.748346 0.018534 0.022046
0 0.164809 0.528033 0.020534 0.026272
0 0.047521 0.187373 0.020819 0.025663
0 0.023290 0.821955 0.019119 0.021868
0 0.348469 0.392024 0.016036 0.020278
0 0.270701 0.081605 0.020436 0.025493
0 0.691951 0.891460 0.018375 0.021842
0 0.112427 0.209237 0.018103 0.021277
0 0.164875 0.715478 0.019841 0.021734
0 0.778394 0.471574 0.021899 0.026265
0 0.616975 0.612564 0.020209 0.021655
0 0.360155 0.109141 0.018515 0.028064
0 0.302167 0.277728 0.016906 0.024442
0 0.283984 0.582213 0.014652 0.018218
0 0.816783 0.881990 0.020593 0.025802
0 0.902210 0.429052 0.022175 0.026866
0 0.253467 0.788802 0.018764 0.022062
0 0.662097 0.675847 0.018389 0.022699
0 0.508656 0.264789 0.016916 0.021349
0 0.524160 0.613662 0.019168 0.023244
0 0.200313 0.244023 0.017458 0.021024
0 0.462241 0.324973 0.020173 0.022898
0 0.820571 0.094915 0.020567 0.022528
0 0.242182 0.184490 0.017539 0.021560
0 0.674943 0.306303 0.020006 0.023956
0 0.524099 0.036739 0.019101 0.022614
0 0.487585 0.485445 0.019423 0.022783
0 0.414023 0.734400 0.019850 0.023749
0 0.819414 0.326774 0.018857 0.022651
0 0.587437 0.708160 0.019019 0.023687
0 0.330107 0.409904 0.015925 0.022733
0 0.324157 0.272527 0.017777 0.021519
0 0.309745 0.118046 0.018458 0.022242
0 0.954042 0.689655 0.019520 0.021999
0 0.679184 0.188184 0.017485 0.020339
0 0.702413 0.082452 0.017286 0.023769
0 0.450943 0.678997 0.018081 0.027034
0 0.061567 0.421773 0.016406 0.018928
0 0.717531 0.098676 0.016252 0.019273
0 0.955324 0.511609 0.018424 0.022422
0 0.568442 0.162187 0.016053 0.020491
0 0.349769 0.223200 0.016218 0.021169
0 0.722668 0.853933 0.020766 0.024932
0 0.624752 0.156799 0.017392 0.022539
0 0.525714 0.117456 0.017783 0.022250
0 0.532687 0.972225 0.019871 0.025950
0 0.216617 0.271794 0.018189 0.019550
0 0.128432 0.311968 0.014596 0.017873
0 0.871012 0.685022 0.018951 0.021340
0 0.409644 0.340410 0.015190 0.018667
0 0.760340 0.216627 0.016871 0.022704
0 0.581030 0.140472 0.015736 0.020229
0 0.486930 0.262029 0.015483 0.021073