0 0.557365 0.517208 0.022206 0.029278
0 0.212065 0.312638 0.020896 0.024761
0 0.271696 0.659008 0.017107 0.022101
0 0.771433 0.975333 0.019061 0.021556
0 0.427882 0.507452 0.019518 0.022304
0 0.201398 0.347849 0.018454 0.023272
0 0.163974 0.011147 0.018893 0.020101
0 0.358772 0.472285 0.016535 0.020903
0 0.982613 0.644653 0.019342 0.024320
0 0.437497 0.571713 0.018670 0.022852
0 0.406766 0.077004 0.016488 0.020592
0 0.420870 0.842483 0.017881 0.021697
0 0.280823 0.163323 0.018287 0.021707
0 0.699024 0.263713 0.020540 0.024344
0 0.248155 0.376777 0.016986 0.021483
0 0.897676 0.359321 0.020541 0.023496
0 0.902715 0.769677 0.023889 0.025972
0 0.102391 0.474661 0.019021 0.023647
0 0.126438 0.229414 0.017402 0.026636
0 0.229358 0.362205 0.016271 0.021005
0 0.543365 0.484897 0.017484 0.022632
0 0.428988 0.240325 0.018667 0.020733
0 0.679155 0.114117 0.018370 0.021978
0 0.793181 0.821618 0.021153 0.024576
0 0.486054 0.965999 0.018518 0.021388
0 0.444616 0.606610 0.019723 0.022111
0 0.685317 0.703822 0.019607 0.026215
0 0.333308 0.280540 0.015272 0.019839
0 0.212137 0.444746 0.017650 0.020705
0 0.906183 0.967022 0.020110 0.023458
0 0.420337 0.144626 0.017159 0.022451
0 0.247842 0.515348 0.019531 0.023713
0 0.248069 0.661024 0.018728 0.026666
0 0.848243 0.561350 0.022412 0.028401
0 0.675001 0.245105 0.017071 0.023231
0 0.421296 0.542812 0.019345 0.023939
0 0.992410 0.770507 0.015180 0.024431
0 0.887619 0.684787 0.018313 0.022515
0 0.900359 0.718305 0.020021 0.023207
0 0.395780 0.129198 0.018421 0.022011
0 0.767840 0.806800 0.019510 0.023555
0 0.029477 0.528692 0.018722 0.021326
0 0.461912 0.932581 0.019174 0.024510
0 0.532544 0.529902 0.016157 0.020604
0 0.421588 0.451830 0.016440 0.021113
0 0.138423 0.356792 0.016637 0.020664
0 0.979013 0.854366 0.020455 0.023317
0 0.140525 0.103404 0.016736 0.022493
0 0.435535 0.740850 0.017753 0.022042
0 0.482721 0.057105 0.017053 0.022145
0 0.304337 0.888280 0.020050 0.024395
0 0.488636 0.301931 0.017092 0.021979
0 0.146142 0.437493 0.016731 0.021705
0 0.363754 0.126896 0.017524 0.022160
0 0.563548 0.122271 0.015690 0.020936
0 0.728523 0.249970 0.019725 0.025970
0 0.604572 0.849801 0.020956 0.025183
0 0.317083 0.098365 0.017629 0.021143
0 0.546369 0.431939 0.017099 0.020013
0 0.124995 0.414966 0.017513 0.024461
0 0.768931 0.732518 0.018595 0.020577
0 0.776635 0.447377 0.019873 0.025138
0 0.624167 0.058784 0.018317 0.022046
0 0.943165 0.445015 0.020567 0.025023
0 0.957468 0.956227 0.019254 0.024338
0 0.700110 0.051987 0.018739 0.021424
0 0.756294 0.638447 0.020320 0.020862
0 0.382006 0.611019 0.017213 0.020382
0 0.383281 0.014571 0.016211 0.019383
0 0.694461 0.756277 0.021497 0.025552
0 0.374275 0.654591 0.017636 0.021625
0 0.150228 0.331507 0.015132 0.017644
0 0.373319 0.250898 0.016907 0.022957
0 0.601290 0.174978 0.017196 0.022011
0 0.470982 0.881912 0.018645 0.022520
0 0.684612 0.950367 0.020770 0.024312
0 0.386623 0.434260 0.019679 0.023526
0 0.346120 0.804003 0.017673 0.021953
0 0.049364 0.378226 0.017293 0.019580
0 0.548266 0.306734 0.019217 0.023795
0 0.206120 0.726847 0.015128 0.019325
0 0.496124 0.119844 0.015245 0.020500
0 0.840581 0.677534 0.018613 0.024119
0 0.185845 0.917448 0.017607 0.022424
0 0.324334 0.558114 0.020287 0.023279
0 0.909443 0.165850 0.017363 0.022354
0 0.274241 0.134392 0.016371 0.019099
0 0.057478 0.415269 0.016807 0.021599
0 0.252335 0.818829 0.015641 0.019829
0 0.224690 0.420625 0.017119 0.021451
0 0.295625 0.280898 0.016294 0.022997
0 0.662352 0.296174 0.017407 0.022524
0 0.513470 0.733456 0.016809 0.021022
0 0.989846 0.398592 0.018856 0.023907
0 0.747179 0.095569 0.015297 0.019349
0 0.561766 0.489796 0.014061 0.016807
0 0.578839 0.477191 0.016069 0.018007