0 0.703198 0.267238 0.017566 0.022950
0 0.559323 0.521796 0.022624 0.029622
0 0.314488 0.584665 0.016342 0.020836
0 0.420857 0.844957 0.017737 0.020364
0 0.553340 0.465736 0.016924 0.018307
0 0.977843 0.855550 0.016933 0.020376
0 0.984306 0.646925 0.017728 0.023329
0 0.411777 0.105675 0.017816 0.021870
0 0.322124 0.102478 0.016317 0.022781
0 0.499263 0.854597 0.018268 0.023703
0 0.035841 0.574955 0.019914 0.022968
0 0.580621 0.478539 0.016257 0.021677
0 0.101579 0.452279 0.017753 0.021149
0 0.213497 0.317714 0.020476 0.024545
0 0.141848 0.360164 0.017711 0.022229
0 0.679927 0.279918 0.017686 0.021608
0 0.386140 0.013520 0.015298 0.018834
0 0.682881 0.117008 0.016471 0.020646
0 0.408680 0.227870 0.016421 0.020966
0 0.177138 0.304356 0.014888 0.017593
0 0.253002 0.516099 0.019370 0.023334
0 0.440701 0.860360 0.016364 0.020101
0 0.805284 0.761915 0.018059 0.019935
0 0.249276 0.383137 0.015407 0.020318
0 0.048173 0.704342 0.016506 0.020715
0 0.215924 0.447804 0.017007 0.020623
0 0.474100 0.513036 0.018671 0.023522
0 0.725114 0.250946 0.017799 0.026106
0 0.166674 0.013638 0.019483 0.021534
0 0.320626 0.555216 0.017983 0.021499
0 0.687470 0.708012 0.018729 0.023548
0 0.438544 0.397510 0.016731 0.021539
0 0.852084 0.566680 0.018670 0.022170
0 0.528792 0.041900 0.017404 0.020247
0 0.628863 0.061471 0.017493 0.020994
0 0.474185 0.890545 0.017871 0.022201
0 0.347658 0.805355 0.016298 0.018564
0 0.438829 0.745149 0.016489 0.020240
0 0.619030 0.089589 0.013825 0.017313
0 0.422904 0.146623 0.017926 0.022540
0 0.925577 0.897895 0.020589 0.023801
0 0.130112 0.223767 0.016741 0.020702
0 0.274738 0.664366 0.017899 0.021892
0 0.231581 0.364527 0.016747 0.020918
0 0.492484 0.295958 0.016859 0.020007
0 0.942869 0.326253 0.018047 0.021562
0 0.318089 0.808406 0.016577 0.019932
0 0.305668 0.117640 0.014621 0.018566
0 0.778655 0.447812 0.018874 0.022641
0 0.946042 0.448769 0.019211 0.023104
0 0.378997 0.657826 0.015413 0.018320
0 0.904586 0.773427 0.020283 0.024300
0 0.911361 0.168537 0.016711 0.021257
0 0.557592 0.487807 0.015201 0.018100
0 0.333159 0.671085 0.012853 0.015415
0 0.362006 0.475070 0.015041 0.019704
0 0.298254 0.284896 0.015932 0.020492
0 0.441337 0.612283 0.017461 0.020301
0 0.679035 0.953414 0.017484 0.022668
0 0.901517 0.722089 0.019496 0.021867
0 0.703138 0.055088 0.018544 0.021725
0 0.792797 0.818311 0.020745 0.025002
0 0.231294 0.423600 0.015167 0.019247
0 0.697844 0.761221 0.016180 0.020328
0 0.241140 0.823252 0.015673 0.019433
0 0.242853 0.326330 0.019528 0.023845
0 0.547385 0.437887 0.015030 0.017873
0 0.557775 0.302359 0.021431 0.023171
0 0.888885 0.613051 0.015755 0.018765
0 0.533637 0.529610 0.015348 0.019139
0 0.824619 0.830338 0.018013 0.022596
0 0.427063 0.454223 0.017464 0.018628
0 0.149666 0.440386 0.017077 0.020755
0 0.338466 0.136599 0.019761 0.023121
0 0.489688 0.456090 0.016667 0.021417
0 0.898456 0.681815 0.019748 0.023922
0 0.415998 0.570787 0.016441 0.021123
0 0.337227 0.282438 0.016253 0.019521
0 0.756754 0.642014 0.018498 0.020950
0 0.959604 0.959702 0.017584 0.024181
0 0.144389 0.107674 0.017438 0.021037
0 0.425131 0.544455 0.017744 0.021752
0 0.604921 0.852371 0.019298 0.023760
0 0.488553 0.970272 0.017420 0.019391
0 0.607902 0.175782 0.016878 0.020782
0 0.058829 0.419239 0.015787 0.018837
0 0.902034 0.962375 0.018260 0.020402
0 0.434075 0.099020 0.017394 0.021601
0 0.561826 0.084404 0.014478 0.018439
0 0.516302 0.736937 0.016034 0.020488
0 0.175313 0.370766 0.013775 0.016583
0 0.049517 0.376022 0.016416 0.020709
0 0.816295 0.629240 0.015581 0.018381
0 0.645669 0.485099 0.016219 0.019041
0 0.266533 0.112184 0.017560 0.021234
0 0.034998 0.532413 0.015065 0.020408
0 0.704882 0.240096 0.013056 0.016807
0 0.297629 0.588235 0.012052 0.014406
0 0.248417 0.676471 0.010043 0.013205
0 0.433213 0.228691 0.014061 0.015606
0 0.433715 0.243697 0.013056 0.012005
0 0.438234 0.975990 0.014061 0.021609