0 0.705114 0.272814 0.015496 0.021001
0 0.957149 0.815814 0.014942 0.019568
0 0.439944 0.445279 0.015302 0.020121
0 0.682984 0.123545 0.016575 0.020882
0 0.722345 0.254326 0.015543 0.020571
0 0.425242 0.013148 0.014197 0.018746
0 0.557807 0.528842 0.024905 0.034352
0 0.700022 0.764888 0.014868 0.018899
0 0.945341 0.331238 0.017309 0.019675
0 0.364524 0.044798 0.014803 0.017695
0 0.504889 0.445487 0.018396 0.020616
0 0.214190 0.324499 0.021322 0.027387
0 0.316725 0.556694 0.017457 0.022066
0 0.703294 0.738452 0.016349 0.020944
0 0.961220 0.690141 0.015831 0.019185
0 0.624139 0.752984 0.016989 0.020876
0 0.076433 0.175539 0.016963 0.021073
0 0.793420 0.823469 0.026092 0.023475
0 0.718307 0.757086 0.015634 0.021593
0 0.239145 0.316684 0.017971 0.024738
0 0.231679 0.368400 0.016908 0.024157
0 0.927034 0.772836 0.015119 0.018473
0 0.359147 0.442203 0.019602 0.023771
0 0.689056 0.713592 0.017784 0.020401
0 0.249833 0.388699 0.017366 0.020871
0 0.359856 0.829229 0.015429 0.019449
0 0.064871 0.370853 0.018167 0.022563
0 0.081730 0.282871 0.014545 0.017866
0 0.622751 0.060327 0.017500 0.021059
0 0.414803 0.090933 0.018491 0.022816
0 0.150170 0.444158 0.017158 0.023197
0 0.258066 0.694749 0.016920 0.021656
0 0.974984 0.788234 0.014663 0.019122
0 0.218141 0.451913 0.018066 0.022608
0 0.403749 0.235713 0.018142 0.023970
0 0.604251 0.860792 0.017746 0.022083
0 0.431475 0.753514 0.017669 0.020818
0 0.107522 0.378007 0.016634 0.022299
0 0.856205 0.571937 0.018956 0.022262
0 0.166187 0.021526 0.018530 0.022613
0 0.432061 0.388488 0.016251 0.019907
0 0.254668 0.525235 0.017518 0.020861
0 0.791414 0.555873 0.016026 0.021153
0 0.294525 0.560330 0.014900 0.020062
0 0.933818 0.877579 0.014277 0.018032
0 0.903358 0.775272 0.017193 0.021330
0 0.903224 0.471295 0.021058 0.021201
0 0.549448 0.443725 0.014667 0.019859
0 0.386952 0.842641 0.016573 0.021176
0 0.414820 0.552582 0.018841 0.023536
0 0.678393 0.961020 0.017311 0.021603
0 0.434695 0.244171 0.015272 0.019437
0 0.301716 0.048874 0.017517 0.022967
0 0.490684 0.462255 0.015479 0.020399
0 0.337376 0.290649 0.018001 0.021980
0 0.598848 0.185074 0.016759 0.020815
0 0.306666 0.580329 0.016814 0.019894
0 0.735324 0.981386 0.016217 0.020446
0 0.683877 0.285061 0.014713 0.020108
0 0.425487 0.151801 0.017542 0.021100
0 0.294661 0.133251 0.015664 0.020190
0 0.615534 0.401041 0.015532 0.019305
0 0.557916 0.319190 0.019636 0.023731
0 0.415836 0.886859 0.017509 0.023378
0 0.349298 0.736114 0.021053 0.022618
0 0.942347 0.804481 0.014216 0.018683
0 0.668125 0.115824 0.012699 0.017355
0 0.380180 0.666378 0.016950 0.019863
0 0.089813 0.251883 0.017256 0.021022
0 0.132978 0.682318 0.017165 0.021080
0 0.375506 0.952153 0.019738 0.025488
0 0.692806 0.060025 0.017397 0.020868
0 0.905625 0.731418 0.015672 0.019715
0 0.559589 0.981120 0.014889 0.017812
0 0.477903 0.306333 0.015533 0.019703
0 0.220824 0.720530 0.016522 0.022623
0 0.825598 0.768957 0.018146 0.025046
0 0.203843 0.555742 0.013844 0.017050
0 0.146215 0.113047 0.015867 0.019259
0 0.261761 0.665244 0.017015 0.020472
0 0.273427 0.693108 0.014362 0.021340
0 0.136336 0.363657 0.018267 0.023743
0 0.939229 0.840782 0.014009 0.018151
0 0.716219 0.580188 0.019123 0.022236
0 0.780895 0.455571 0.018667 0.026124
0 0.348567 0.545826 0.015727 0.019825
0 0.697608 0.688024 0.015554 0.019453
0 0.905117 0.168028 0.014604 0.017877
0 0.139442 0.571468 0.016518 0.023364
0 0.327712 0.108080 0.017591 0.019886
0 0.842434 0.519554 0.015620 0.018489
0 0.438327 0.624270 0.017790 0.023916
0 0.362087 0.469868 0.015690 0.019661
0 0.938899 0.355842 0.018275 0.021970
0 0.931673 0.266686 0.016898 0.019885
0 0.956926 0.309284 0.016861 0.021287
0 0.298417 0.286954 0.015659 0.022220
0 0.350055 0.809655 0.015417 0.018434
0 0.753592 0.652889 0.015418 0.020645
0 0.961629 0.968232 0.017726 0.026083
0 0.419849 0.331454 0.014689 0.017702
0 0.424541 0.469208 0.016813 0.020198
0 0.199630 0.585299 0.013029 0.015181
0 0.952124 0.714640 0.014649 0.017162
0 0.266535 0.118183 0.015818 0.019311
0 0.883149 0.975990 0.018078 0.016807
0 0.905244 0.974790 0.014061 0.021609
0 0.046548 0.382353 0.018078 0.022809
0 0.946924 0.462185 0.017073 0.019208
0 0.238374 0.021008 0.016069 0.015606