0 0.912362 0.882624 0.016879 0.020973
0 0.009410 0.157487 0.017681 0.022058
0 0.172328 0.966874 0.017958 0.021438
0 0.213372 0.733734 0.014980 0.019239
0 0.126313 0.796604 0.015942 0.020810
0 0.220931 0.764220 0.016740 0.021740
0 0.564053 0.159994 0.014563 0.019115
0 0.829624 0.115882 0.016876 0.021782
0 0.146563 0.141019 0.014486 0.021338
0 0.072635 0.095965 0.016651 0.021846
0 0.968262 0.976056 0.017327 0.019513
0 0.788415 0.867120 0.017844 0.023297
0 0.792400 0.191141 0.015952 0.020177
0 0.233843 0.553265 0.017456 0.021439
0 0.123808 0.909491 0.017049 0.020888
0 0.947107 0.771268 0.016798 0.020755
0 0.444930 0.104328 0.017738 0.021579
0 0.981597 0.292884 0.016927 0.021341
0 0.087107 0.501736 0.018169 0.024434
0 0.545175 0.656592 0.015734 0.019790
0 0.875606 0.871902 0.016465 0.021351
0 0.769861 0.131607 0.018323 0.023203
0 0.035103 0.817843 0.017956 0.023056
0 0.727159 0.871280 0.018872 0.022242
0 0.365757 0.782067 0.017765 0.021515
0 0.788101 0.087016 0.017427 0.021135
0 0.536785 0.612191 0.017865 0.021989
0 0.051354 0.679366 0.016800 0.019319
0 0.238043 0.739917 0.014877 0.019458
0 0.334796 0.886895 0.018309 0.021771
0 0.049102 0.414780 0.017030 0.020239
0 0.157437 0.894175 0.019075 0.023009
0 0.351116 0.099119 0.017831 0.024238
0 0.319883 0.544160 0.017703 0.021445
0 0.049679 0.753576 0.015704 0.019258
0 0.299554 0.519943 0.015218 0.017624
0 0.158493 0.599145 0.021436 0.027289
0 0.772848 0.203524 0.015367 0.020987
0 0.153539 0.166448 0.018187 0.021024
0 0.788931 0.836570 0.019021 0.023604
0 0.443025 0.353868 0.016387 0.020227
0 0.177654 0.548068 0.017768 0.021670
0 0.085482 0.034336 0.015993 0.019059
0 0.161062 0.307207 0.015886 0.020208
0 0.668953 0.157038 0.015375 0.018542
0 0.088275 0.868584 0.015667 0.018494
0 0.418892 0.036173 0.015871 0.019251
0 0.647137 0.343600 0.016059 0.018986
0 0.185893 0.886214 0.017637 0.022358
0 0.307221 0.296975 0.014113 0.016797
0 0.372805 0.204814 0.016056 0.020556
0 0.013973 0.436262 0.013910 0.017729
0 0.673229 0.107680 0.015062 0.019069
0 0.519958 0.406784 0.015371 0.019611
0 0.045913 0.596985 0.017869 0.020464
0 0.793326 0.382967 0.018753 0.023114
0 0.652065 0.231971 0.016983 0.021964
0 0.621776 0.048703 0.014491 0.019626
0 0.268277 0.381930 0.015597 0.020611
0 0.097843 0.106483 0.018413 0.023846
0 0.278934 0.299404 0.016871 0.022485
0 0.630562 0.244898 0.017073 0.019208
0 0.331274 0.358343 0.015065 0.020408
0 0.350356 0.343337 0.015065 0.019208
0 0.343326 0.304322 0.017073 0.015606
0 0.306668 0.396158 0.012052 0.014406
0 0.308676 0.417767 0.012052 0.016807
0 0.279551 0.576831 0.014061 0.018007
0 0.261473 0.566627 0.014061 0.016807
0 0.240382 0.582833 0.014061 0.018007
0 0.777193 0.240696 0.015065 0.022809
0 0.246911 0.340336 0.017073 0.018007
0 0.300140 0.150660 0.013056 0.015606
0 0.297127 0.263505 0.013056 0.018007
0 0.313196 0.239496 0.013056 0.015606
0 0.340313 0.244298 0.011048 0.013205
0 0.491965 0.384154 0.011048 0.016807
0 0.492970 0.567827 0.011048 0.016807
0 0.485437 0.541417 0.012052 0.014406
0 0.433715 0.671068 0.015065 0.016807
0 0.483429 0.774910 0.014061 0.018007
0 0.088227 0.947779 0.015065 0.020408
0 0.067639 0.875150 0.016069 0.024010
0 0.061613 0.829532 0.012052 0.021609
0 0.872102 0.295918 0.014061 0.015606
0 0.868084 0.235894 0.014061 0.018007
0 0.880639 0.421969 0.017073 0.020408
0 0.930855 0.124250 0.015065 0.020408
0 0.802803 0.147659 0.018078 0.014406
0 0.826405 0.978391 0.021091 0.019208
0 0.503515 0.026411 0.014061 0.014406
0 0.600432 0.151861 0.015065 0.015606