0 0.541579 0.491727 0.023314 0.028861
0 0.233846 0.355197 0.015004 0.020168
0 0.256967 0.368878 0.018340 0.021955
0 0.255946 0.634656 0.016216 0.019231
0 0.093481 0.869400 0.018349 0.025409
0 0.876985 0.460368 0.021208 0.025701
0 0.080693 0.443327 0.017711 0.022540
0 0.189522 0.281443 0.020250 0.024881
0 0.235667 0.491308 0.022081 0.026824
0 0.234575 0.618071 0.016926 0.021560
0 0.450774 0.661337 0.021414 0.025527
0 0.372845 0.963933 0.020045 0.024400
0 0.686611 0.729747 0.018619 0.022397
0 0.372407 0.915944 0.020054 0.023249
0 0.116700 0.322994 0.018124 0.022135
0 0.211576 0.344819 0.016175 0.020982
0 0.390987 0.450654 0.019094 0.023151
0 0.135137 0.246521 0.020136 0.023091
0 0.500469 0.398756 0.019169 0.023996
0 0.295834 0.205536 0.018364 0.024010
0 0.367408 0.411363 0.019647 0.022616
0 0.255459 0.461042 0.018791 0.022965
0 0.975829 0.744196 0.021377 0.025735
0 0.334829 0.529539 0.019389 0.022056
0 0.677807 0.508048 0.022017 0.026985
0 0.586081 0.821608 0.020879 0.025301
0 0.671484 0.021924 0.019725 0.025635
0 0.926514 0.037077 0.018538 0.021534
0 0.022682 0.354256 0.019153 0.023271
0 0.044509 0.397092 0.017306 0.019688
0 0.828609 0.704687 0.020421 0.024652
0 0.507406 0.445150 0.020054 0.025827
0 0.201393 0.418494 0.017802 0.022025
0 0.530831 0.281691 0.019604 0.024982
0 0.236911 0.750285 0.019987 0.024805
0 0.966346 0.214916 0.019965 0.023743
0 0.007474 0.504107 0.014948 0.024387
0 0.919469 0.296113 0.023589 0.024819
0 0.416144 0.728583 0.020352 0.023558
0 0.616151 0.787532 0.020435 0.023813
0 0.921231 0.665451 0.018043 0.021548
0 0.925410 0.421928 0.019702 0.023771
0 0.316767 0.019241 0.017530 0.021752
0 0.338914 0.454103 0.015648 0.020237
0 0.670900 0.561976 0.018250 0.022076
0 0.070075 0.872938 0.020186 0.027091
0 0.939102 0.929770 0.022131 0.023426
0 0.689335 0.978682 0.022712 0.030036
0 0.425063 0.592283 0.017597 0.022150
0 0.408817 0.118014 0.018436 0.022308
0 0.607203 0.033523 0.019799 0.024706
0 0.544684 0.145016 0.018037 0.023376
0 0.742894 0.136925 0.022250 0.027342
0 0.662009 0.662747 0.022054 0.026343
0 0.706799 0.222604 0.021155 0.024844
0 0.960432 0.620080 0.019861 0.022646
0 0.410766 0.215151 0.019418 0.023257
0 0.808941 0.614264 0.021360 0.026140
0 0.875003 0.426246 0.019443 0.023150
0 0.129022 0.410020 0.015685 0.019041
0 0.144093 0.949494 0.021002 0.024992
0 0.316443 0.256667 0.016369 0.019946
0 0.736482 0.614673 0.018534 0.022214
0 0.113172 0.205294 0.016957 0.021323
0 0.334735 0.775604 0.020435 0.022768
0 0.126773 0.085184 0.015516 0.020834
0 0.512694 0.830488 0.018503 0.021983
0 0.792605 0.317768 0.018844 0.023050
0 0.278950 0.256939 0.017280 0.021659
0 0.814031 0.408790 0.017360 0.020487
0 0.621248 0.639876 0.019473 0.024343
0 0.302524 0.963052 0.021113 0.028941
0 0.254977 0.430039 0.017625 0.020532
0 0.942151 0.176533 0.018066 0.021336
0 0.939028 0.147411 0.018113 0.020622
0 0.239380 0.007889 0.018846 0.015778
0 0.158107 0.364287 0.015150 0.019589
0 0.462798 0.575231 0.016058 0.018214
0 0.472855 0.944649 0.019279 0.025390
0 0.213517 0.235683 0.019170 0.020202
0 0.813851 0.870125 0.016452 0.019106
0 0.933535 0.986986 0.020326 0.019887
0 0.824903 0.664971 0.017347 0.021234
0 0.339557 0.750486 0.018020 0.021190