0 0.703811 0.272824 0.017025 0.022262
0 0.558910 0.522291 0.026992 0.033750
0 0.348299 0.543206 0.016098 0.020184
0 0.945558 0.328318 0.019941 0.023170
0 0.720791 0.253083 0.015277 0.020073
0 0.640951 0.575104 0.017612 0.021867
0 0.758769 0.881145 0.014704 0.018674
0 0.234382 0.312789 0.019650 0.023326
0 0.435462 0.434312 0.016514 0.020630
0 0.062739 0.154905 0.016233 0.019502
0 0.304928 0.579363 0.017809 0.020415
0 0.939947 0.813078 0.016940 0.020611
0 0.730857 0.884235 0.014635 0.018579
0 0.433340 0.247459 0.013696 0.018728
0 0.915621 0.754853 0.015215 0.017757
0 0.838864 0.895751 0.015879 0.018430
0 0.355438 0.320469 0.018685 0.021314
0 0.433782 0.753973 0.016941 0.020639
0 0.683622 0.287217 0.013364 0.017886
0 0.709177 0.705396 0.016435 0.022335
0 0.931919 0.879233 0.014788 0.019505
0 0.945179 0.749086 0.016256 0.019133
0 0.362252 0.822619 0.015125 0.018332
0 0.771376 0.832480 0.018006 0.021257
0 0.964598 0.971762 0.015834 0.020427
0 0.279839 0.350049 0.016529 0.022483
0 0.598373 0.183824 0.016415 0.022143
0 0.182146 0.780992 0.013362 0.016313
0 0.352307 0.271575 0.015735 0.020229
0 0.165505 0.023339 0.017451 0.021472
0 0.145898 0.543206 0.014988 0.019368
0 0.164924 0.229214 0.021718 0.026598
0 0.603447 0.091361 0.015711 0.021186
0 0.488177 0.458890 0.016988 0.022047
0 0.814290 0.570011 0.014829 0.019164
0 0.321678 0.551179 0.016597 0.021184
0 0.228939 0.367948 0.015682 0.020634
0 0.944447 0.458016 0.016615 0.020504
0 0.250271 0.388979 0.015203 0.018890
0 0.170544 0.525219 0.016939 0.019607
0 0.867411 0.896673 0.017970 0.023648
0 0.023972 0.762755 0.017100 0.021096
0 0.034191 0.194196 0.014261 0.018500
0 0.415982 0.854550 0.014111 0.018693
0 0.555253 0.318437 0.020000 0.024124
0 0.294717 0.804983 0.018224 0.022228
0 0.668755 0.622618 0.016991 0.022569
0 0.897760 0.468929 0.016470 0.018920
0 0.900609 0.779105 0.019344 0.023281
0 0.699223 0.764793 0.016083 0.021317
0 0.459276 0.906155 0.013048 0.016833
0 0.678653 0.960887 0.015669 0.019664
0 0.821039 0.247562 0.016940 0.020240
0 0.415652 0.551415 0.017337 0.021582
0 0.135400 0.359202 0.017922 0.020569
0 0.329773 0.099010 0.012668 0.015854
0 0.897613 0.698148 0.015222 0.018684
0 0.360492 0.469115 0.015917 0.019753
0 0.604392 0.860623 0.018040 0.023058
0 0.330054 0.924739 0.014987 0.020059
0 0.302097 0.051720 0.016830 0.020734
0 0.510938 0.566609 0.016553 0.021842
0 0.450674 0.235272 0.013378 0.017790
0 0.217114 0.453417 0.017321 0.020432
0 0.750708 0.968914 0.013801 0.018551
0 0.457639 0.602711 0.015567 0.021392
0 0.947759 0.294225 0.021672 0.023303
0 0.387540 0.842875 0.014181 0.017458
0 0.414670 0.092674 0.017282 0.021120
0 0.225710 0.899023 0.016267 0.019380
0 0.827445 0.217315 0.016874 0.019875
0 0.799509 0.824186 0.014818 0.018950
0 0.477475 0.309588 0.016999 0.020654
0 0.642946 0.975139 0.016296 0.019340
0 0.778429 0.574459 0.014823 0.017583
0 0.785190 0.034835 0.013911 0.017850
0 0.747265 0.281107 0.017122 0.020680
0 0.244651 0.517647 0.016992 0.022133
0 0.157437 0.774384 0.016257 0.019973
0 0.830631 0.839814 0.014036 0.018193
0 0.951246 0.123036 0.015186 0.018204
0 0.847062 0.569202 0.014550 0.022066
0 0.986049 0.963763 0.013008 0.016247
0 0.917824 0.111302 0.016927 0.019915
0 0.429500 0.867972 0.014193 0.018019
0 0.422222 0.468048 0.014509 0.019737
0 0.144926 0.115333 0.016502 0.019297
0 0.986234 0.567805 0.015463 0.021053
0 0.346274 0.732259 0.016285 0.021463
0 0.237359 0.670001 0.016599 0.020451
0 0.425209 0.150784 0.016423 0.019793
0 0.677572 0.373161 0.016155 0.017612
0 0.343460 0.576137 0.015532 0.019671
0 0.347833 0.811116 0.014314 0.019473
0 0.151009 0.446405 0.017611 0.023727
0 0.079692 0.252193 0.016386 0.020977
0 0.043479 0.384391 0.013865 0.019636
0 0.621317 0.059266 0.017029 0.020615
0 0.908284 0.732894 0.014982 0.017053
0 0.439668 0.618569 0.016110 0.020436
0 0.962556 0.441251 0.015316 0.017888
0 0.087080 0.543018 0.014728 0.018205
0 0.699562 0.249532 0.012029 0.013971
0 0.834489 0.372174 0.016611 0.018825
0 0.355201 0.151942 0.015103 0.018637
0 0.688866 0.714937 0.017344 0.022799
0 0.990557 0.498897 0.015243 0.017638
0 0.694501 0.058711 0.016185 0.020209
0 0.331596 0.292956 0.016591 0.019114
0 0.293600 0.222919 0.013056 0.016042
0 0.129594 0.624779 0.014207 0.019830
0 0.296358 0.128295 0.014361 0.017605
0 0.774205 0.309968 0.016671 0.017613
0 0.734365 0.983732 0.014187 0.017006
0 0.661411 0.397180 0.014271 0.017379
0 0.783168 0.462499 0.014828 0.019228
0 0.049059 0.873950 0.015065 0.016807
0 0.016920 0.864946 0.015065 0.015606