0 0.718852 0.254149 0.015322 0.019779
0 0.342707 0.255064 0.017428 0.023042
0 0.703715 0.272959 0.016203 0.022259
0 0.815236 0.892570 0.015975 0.020864
0 0.143641 0.150572 0.018643 0.024838
0 0.806402 0.557581 0.015436 0.019185
0 0.951367 0.841777 0.017851 0.023000
0 0.362546 0.819493 0.015255 0.019331
0 0.124676 0.480095 0.015627 0.020446
0 0.907031 0.730836 0.014846 0.018952
0 0.613486 0.498938 0.016417 0.021408
0 0.698784 0.761857 0.015750 0.019985
0 0.164541 0.021724 0.018675 0.021920
0 0.934947 0.932360 0.013403 0.016959
0 0.269478 0.792050 0.015109 0.018471
0 0.414239 0.092244 0.016339 0.018118
0 0.654084 0.534070 0.015673 0.019952
0 0.939073 0.811264 0.016243 0.020460
0 0.752109 0.867442 0.015232 0.018900
0 0.899877 0.466916 0.015696 0.019255
0 0.309987 0.192915 0.016147 0.020035
0 0.273411 0.763787 0.018028 0.021263
0 0.144626 0.114096 0.014358 0.017925
0 0.946143 0.425956 0.015148 0.017044
0 0.641154 0.977505 0.014481 0.016998
0 0.433629 0.247442 0.015317 0.019602
0 0.400727 0.762889 0.014779 0.018213
0 0.633792 0.518330 0.015965 0.019209
0 0.138651 0.679343 0.016992 0.021756
0 0.910851 0.706783 0.013623 0.016984
0 0.960628 0.924964 0.014358 0.018278
0 0.052896 0.065701 0.016802 0.020323
0 0.250010 0.386321 0.014848 0.019456
0 0.924983 0.681495 0.014516 0.018409
0 0.154006 0.486452 0.014972 0.018985
0 0.944995 0.455906 0.015970 0.019204
0 0.897280 0.683143 0.014644 0.017634
0 0.543769 0.455998 0.024552 0.029223
0 0.659020 0.769875 0.014694 0.018752
0 0.603697 0.859502 0.015923 0.021779
0 0.679403 0.961798 0.016312 0.019362
0 0.075551 0.243039 0.014655 0.018422
0 0.980080 0.954927 0.016078 0.018874
0 0.135263 0.360641 0.016899 0.020665
0 0.846169 0.567808 0.015369 0.020356
0 0.726454 0.290510 0.018284 0.021587
0 0.942416 0.329623 0.015297 0.019720
0 0.591523 0.887291 0.017109 0.021836
0 0.965243 0.973033 0.015618 0.019404
0 0.214534 0.453135 0.016414 0.018303
0 0.875449 0.724541 0.018383 0.021556
0 0.786076 0.840600 0.015489 0.021197
0 0.932268 0.878220 0.014133 0.018287
0 0.311143 0.521576 0.017392 0.022519
0 0.346461 0.810383 0.013928 0.019716
0 0.669437 0.810336 0.015672 0.019058
0 0.790493 0.728942 0.015110 0.017940
0 0.388109 0.841683 0.015421 0.019342
0 0.245488 0.518369 0.016440 0.019865
0 0.359363 0.469430 0.018770 0.021175
0 0.925784 0.508222 0.016500 0.020405
0 0.304795 0.577357 0.019368 0.020843
0 0.417234 0.854657 0.015036 0.019359
0 0.012614 0.115873 0.015512 0.018641
0 0.783973 0.119508 0.016186 0.020197
0 0.477904 0.304852 0.015252 0.018446
0 0.775775 0.570151 0.014698 0.016812
0 0.555579 0.318405 0.019478 0.022467
0 0.692891 0.713361 0.013983 0.021087
0 0.983745 0.649987 0.017972 0.022871
0 0.406478 0.656418 0.017119 0.022717
0 0.799967 0.823522 0.014585 0.018786
0 0.416636 0.142907 0.013837 0.018346
0 0.944135 0.296488 0.016553 0.018552
0 0.754438 0.261067 0.015003 0.016630
0 0.835885 0.399635 0.017431 0.020807
0 0.118199 0.850992 0.016207 0.020748
0 0.329664 0.291818 0.015175 0.020386
0 0.460510 0.277947 0.017219 0.022945
0 0.842019 0.840497 0.015474 0.018010
0 0.683938 0.287232 0.013902 0.018397
0 0.346101 0.729699 0.016308 0.021276
0 0.805639 0.263571 0.016530 0.021289
0 0.940253 0.096084 0.015856 0.020167
0 0.956934 0.701206 0.015746 0.019708
0 0.894895 0.374702 0.015577 0.018916
0 0.621180 0.056116 0.015322 0.018785
0 0.780389 0.459923 0.016604 0.020483
0 0.234123 0.311731 0.018073 0.021298
0 0.712414 0.726291 0.016069 0.016807
0 0.435221 0.438776 0.020086 0.020408
0 0.461334 0.468788 0.016069 0.020408
0 0.489957 0.454982 0.019082 0.021609
0 0.419152 0.473589 0.018078 0.022809
0 0.338304 0.563025 0.015065 0.016807
0 0.352867 0.542617 0.016069 0.019208
0 0.238374 0.666867 0.014061 0.015606
0 0.204227 0.727491 0.018078 0.019208
0 0.962993 0.454982 0.015065 0.021609
0 0.985088 0.471188 0.019082 0.025210
0 0.825903 0.987995 0.016069 0.019208
0 0.728986 0.965786 0.017073 0.020408
0 0.242893 0.264106 0.021091 0.019208
0 0.417645 0.552221 0.011048 0.016807
0 0.441247 0.558223 0.016069 0.021609
0 0.451290 0.860744 0.012052 0.016807
0 0.077682 0.284514 0.018078 0.019208
0 0.749574 0.601441 0.014061 0.024010