0 0.555738 0.515131 0.022591 0.029192
0 0.209685 0.310490 0.020913 0.024947
0 0.421669 0.539485 0.018212 0.023335
0 0.317924 0.072168 0.015336 0.018202
0 0.398005 0.540374 0.017319 0.021852
0 0.249064 0.668888 0.019284 0.023409
0 0.199652 0.346219 0.018749 0.022365
0 0.725171 0.255716 0.018679 0.023489
0 0.539547 0.487384 0.018205 0.023559
0 0.297426 0.115537 0.017899 0.022545
0 0.226640 0.361806 0.016541 0.020420
0 0.695520 0.261551 0.022098 0.024680
0 0.124344 0.226038 0.018447 0.025410
0 0.420522 0.848396 0.018839 0.023859
0 0.756235 0.845909 0.020186 0.024593
0 0.443892 0.094420 0.016502 0.020874
0 0.365383 0.111961 0.018462 0.022268
0 0.100212 0.476003 0.018056 0.023711
0 0.789250 0.817622 0.021238 0.024585
0 0.675539 0.114536 0.018668 0.023221
0 0.603605 0.862279 0.021809 0.024964
0 0.443520 0.607651 0.018634 0.022799
0 0.357079 0.470947 0.016702 0.020973
0 0.248012 0.511210 0.020014 0.024225
0 0.982059 0.865377 0.020749 0.026135
0 0.940164 0.441979 0.020897 0.026108
0 0.979730 0.642204 0.021272 0.024324
0 0.406933 0.917462 0.020480 0.024809
0 0.372506 0.653525 0.017506 0.020852
0 0.332752 0.278796 0.016046 0.019668
0 0.238539 0.110650 0.014590 0.020184
0 0.845127 0.558404 0.023499 0.031355
0 0.416528 0.587269 0.020115 0.024692
0 0.244027 0.164810 0.018690 0.022653
0 0.991459 0.768260 0.017082 0.025195
0 0.484169 0.301263 0.018281 0.022700
0 0.551590 0.305385 0.020002 0.023388
0 0.346413 0.798887 0.017582 0.021567
0 0.869987 0.829051 0.022547 0.026668
0 0.381948 0.016305 0.016580 0.020399
0 0.906668 0.164846 0.018274 0.023565
0 0.325196 0.251028 0.017205 0.022543
0 0.845827 0.374988 0.020394 0.024530
0 0.621903 0.055469 0.019559 0.023777
0 0.757321 0.644855 0.020186 0.026585
0 0.773562 0.445315 0.021502 0.026573
0 0.582899 0.313292 0.015951 0.021330
0 0.690857 0.051966 0.017448 0.022355
0 0.357364 0.436940 0.019067 0.025218
0 0.269529 0.655495 0.016825 0.021356
0 0.533533 0.528643 0.015571 0.020148
0 0.321856 0.560462 0.020641 0.024195
0 0.162563 0.009643 0.018316 0.018678
0 0.247440 0.373785 0.016732 0.021541
0 0.684055 0.701408 0.021701 0.026041
0 0.190953 0.401029 0.018072 0.022804
0 0.024193 0.526444 0.019398 0.021669
0 0.907320 0.726155 0.016677 0.020993
0 0.255749 0.916803 0.020010 0.023834
0 0.209928 0.440442 0.019516 0.022928
0 0.434380 0.748379 0.018553 0.023516
0 0.070017 0.440436 0.020858 0.021780
0 0.691899 0.753269 0.020022 0.024615
0 0.684875 0.955746 0.019864 0.024476
0 0.544941 0.433298 0.017442 0.022568
0 0.415636 0.977906 0.019352 0.024625
0 0.140076 0.102118 0.017332 0.023293
0 0.953920 0.953603 0.020110 0.026284
0 0.598996 0.174540 0.017763 0.022361
0 0.136702 0.354892 0.018452 0.022291
0 0.503767 0.098374 0.016023 0.021081
0 0.143891 0.435125 0.017157 0.021546
0 0.418770 0.454815 0.016993 0.020849
0 0.447854 0.038687 0.016401 0.020753
0 0.655271 0.245879 0.017236 0.019594
0 0.293208 0.279564 0.017799 0.023431
0 0.098521 0.325735 0.016524 0.019968
0 0.171876 0.868054 0.015678 0.020382
0 0.810560 0.724398 0.018075 0.020907
0 0.055003 0.412756 0.017942 0.020497
0 0.511556 0.730738 0.016998 0.021465
0 0.367474 0.624831 0.017091 0.021093
0 0.041648 0.374116 0.015770 0.019648
0 0.960813 0.398075 0.019420 0.023123
0 0.419586 0.141799 0.017612 0.022210
0 0.160525 0.736910 0.017102 0.020225
0 0.508431 0.663469 0.018502 0.021395
0 0.731163 0.779082 0.017582 0.021658
0 0.490863 0.970410 0.018846 0.025200
0 0.679632 0.086493 0.015956 0.018056
0 0.134452 0.950204 0.018572 0.021384
0 0.426199 0.238764 0.020873 0.022066
0 0.885715 0.717771 0.017989 0.021892
0 0.558251 0.483193 0.017073 0.018007
0 0.574822 0.475390 0.016069 0.021609
0 0.313698 0.101441 0.016069 0.015606