0 0.703163 0.272094 0.016666 0.022114
0 0.007765 0.091603 0.014183 0.017196
0 0.967993 0.939406 0.014370 0.020301
0 0.945908 0.455821 0.017452 0.019896
0 0.719787 0.252645 0.014785 0.018909
0 0.044880 0.044514 0.015609 0.018945
0 0.364817 0.812747 0.015038 0.019914
0 0.898000 0.703319 0.014254 0.018908
0 0.939202 0.810040 0.015741 0.019311
0 0.458630 0.444366 0.015114 0.021137
0 0.925094 0.829478 0.018513 0.022802
0 0.545575 0.446412 0.022160 0.028673
0 0.799620 0.823913 0.014321 0.016991
0 0.931401 0.930390 0.014384 0.017363
0 0.777818 0.827367 0.015436 0.019515
0 0.619166 0.494066 0.017557 0.018972
0 0.147121 0.143477 0.020310 0.025996
0 0.806014 0.558421 0.015439 0.019349
0 0.646064 0.488702 0.015574 0.020225
0 0.942258 0.330465 0.015176 0.019536
0 0.770689 0.557053 0.014172 0.017160
0 0.152311 0.479504 0.014389 0.020007
0 0.934898 0.420861 0.014610 0.017800
0 0.712224 0.710119 0.018868 0.023418
0 0.650247 0.781437 0.014156 0.017570
0 0.478754 0.305051 0.014993 0.018855
0 0.433207 0.247244 0.014935 0.019321
0 0.958043 0.905419 0.014641 0.017458
0 0.638725 0.978122 0.014537 0.017791
0 0.451999 0.858404 0.011769 0.014329
0 0.089530 0.277037 0.013138 0.016656
0 0.898321 0.680007 0.013416 0.016053
0 0.860248 0.688903 0.017594 0.020307
0 0.803335 0.941982 0.016570 0.020491
0 0.414639 0.091826 0.016639 0.018780
0 0.965918 0.972316 0.015254 0.018489
0 0.752394 0.867788 0.015189 0.019109
0 0.163568 0.020886 0.018991 0.022019
0 0.305627 0.577620 0.018400 0.020689
0 0.416778 0.854987 0.015084 0.018869
0 0.274228 0.763482 0.016523 0.020273
0 0.899463 0.465729 0.015519 0.018756
0 0.311408 0.500769 0.016045 0.019884
0 0.237670 0.667899 0.014980 0.018470
0 0.845710 0.566728 0.016176 0.021664
0 0.309097 0.181978 0.016229 0.019595
0 0.348537 0.711929 0.016345 0.020430
0 0.439259 0.441631 0.015384 0.020927
0 0.332401 0.243622 0.017960 0.021625
0 0.130968 0.641577 0.016057 0.018874
0 0.394809 0.722140 0.014419 0.018369
0 0.359337 0.469270 0.016999 0.019553
0 0.983187 0.649914 0.017459 0.023490
0 0.576700 0.868681 0.016745 0.021589
0 0.113103 0.456820 0.014561 0.018428
0 0.800459 0.855389 0.014427 0.020817
0 0.645258 0.728699 0.015116 0.019360
0 0.678749 0.961161 0.016674 0.020606
0 0.601951 0.860146 0.014967 0.019625
0 0.778782 0.701689 0.014589 0.019920
0 0.720239 0.109518 0.015324 0.020245
0 0.932723 0.878015 0.013381 0.018739
0 0.086525 0.410541 0.012468 0.015153
0 0.387076 0.839013 0.015812 0.017797
0 0.430862 0.531891 0.016446 0.018312
0 0.398746 0.621742 0.017431 0.022235
0 0.518183 0.743273 0.014132 0.018033
0 0.739771 0.561019 0.014726 0.017891
0 0.135317 0.359240 0.016081 0.020203
0 0.812664 0.839462 0.013286 0.016441
0 0.776554 0.091828 0.016590 0.019416
0 0.941963 0.670361 0.014877 0.019516
0 0.417360 0.551892 0.014863 0.019424
0 0.798438 0.740580 0.016455 0.021434
0 0.245724 0.517538 0.016757 0.021361
0 0.223881 0.294179 0.019012 0.023283
0 0.044101 0.383201 0.013767 0.019472
0 0.936352 0.074683 0.014806 0.017742
0 0.615075 0.470076 0.016657 0.019314
0 0.919057 0.659197 0.013756 0.017740
0 0.387227 0.086540 0.013192 0.017767
0 0.698821 0.761105 0.015811 0.020287
0 0.076885 0.243493 0.014030 0.017265
0 0.351671 0.542552 0.015471 0.020221
0 0.199250 0.685090 0.014064 0.017613
0 0.798530 0.241885 0.014994 0.020529
0 0.063515 0.483654 0.016072 0.022264
0 0.905773 0.731436 0.015802 0.019996
0 0.327837 0.290271 0.015659 0.020551
0 0.909246 0.497121 0.015609 0.019516
0 0.243693 0.240388 0.016722 0.021407
0 0.249761 0.384809 0.016251 0.019775
0 0.584885 0.154014 0.016116 0.018799
0 0.258226 0.780422 0.016176 0.019692
0 0.722277 0.288393 0.014632 0.020950
0 0.325934 0.021934 0.015125 0.018127
0 0.622171 0.235927 0.015162 0.019319
0 0.970708 0.199641 0.012882 0.017497
0 0.555849 0.319069 0.019787 0.022788
0 0.944961 0.296132 0.016541 0.020657
0 0.488463 0.460504 0.016108 0.019301
0 0.830235 0.363073 0.016892 0.020923
0 0.778024 0.459379 0.015036 0.022235
0 0.463168 0.248237 0.014702 0.018384
0 0.415135 0.127251 0.018078 0.019208
0 0.723964 0.969988 0.015065 0.019208
0 0.743046 0.984394 0.015065 0.021609
0 0.291603 0.130252 0.014061 0.018007
0 0.311187 0.100240 0.013056 0.018007
0 0.307672 0.055222 0.014061 0.019208