0 0.139914 0.368931 0.018231 0.021633
0 0.559683 0.528696 0.023540 0.032112
0 0.497198 0.025141 0.018125 0.024597
0 0.493426 0.487279 0.016657 0.021308
0 0.717480 0.748060 0.016731 0.023720
0 0.232305 0.368323 0.017073 0.022740
0 0.216544 0.321914 0.019815 0.026686
0 0.706276 0.272136 0.015790 0.020648
0 0.946560 0.332991 0.017124 0.020184
0 0.983708 0.646717 0.018087 0.022696
0 0.963012 0.313956 0.015416 0.021028
0 0.131814 0.296806 0.014794 0.018128
0 0.724521 0.253489 0.015955 0.020475
0 0.405676 0.491259 0.018578 0.022527
0 0.325747 0.059392 0.019467 0.024748
0 0.529053 0.475127 0.017213 0.020993
0 0.489866 0.976283 0.017312 0.019650
0 0.388188 0.842755 0.016428 0.021103
0 0.512449 0.045787 0.014702 0.017705
0 0.250885 0.388221 0.016450 0.020204
0 0.794923 0.824677 0.019658 0.023608
0 0.294065 0.563054 0.015580 0.020106
0 0.319498 0.557306 0.018522 0.023036
0 0.958640 0.695941 0.016865 0.020941
0 0.903994 0.774511 0.017934 0.022347
0 0.436920 0.752242 0.017752 0.026478
0 0.239625 0.315411 0.017618 0.024140
0 0.906207 0.166049 0.015192 0.020701
0 0.927543 0.779783 0.014900 0.019190
0 0.068824 0.393440 0.018649 0.023080
0 0.790508 0.792413 0.018647 0.022681
0 0.717962 0.508664 0.015374 0.021003
0 0.629424 0.066094 0.017672 0.021419
0 0.427163 0.155103 0.018348 0.022653
0 0.308071 0.579808 0.016138 0.019800
0 0.362269 0.829655 0.018185 0.027636
0 0.684185 0.286174 0.014801 0.020681
0 0.357962 0.770222 0.016875 0.021322
0 0.600832 0.186433 0.016926 0.020524
0 0.550272 0.443123 0.014842 0.017572
0 0.187364 0.731773 0.016692 0.022457
0 0.606276 0.859105 0.018842 0.023193
0 0.754387 0.752518 0.015855 0.020641
0 0.062621 0.423134 0.015962 0.021175
0 0.963437 0.850478 0.018687 0.023250
0 0.239246 0.748457 0.017071 0.021752
0 0.441476 0.400201 0.018223 0.021177
0 0.419091 0.549006 0.018520 0.023350
0 0.440660 0.622533 0.016936 0.021871
0 0.327094 0.108801 0.018284 0.021074
0 0.808566 0.641958 0.018946 0.023402
0 0.362451 0.467588 0.015808 0.017688
0 0.108359 0.290055 0.014206 0.019268
0 0.948973 0.455850 0.015994 0.020706
0 0.382474 0.663448 0.016141 0.019794
0 0.405172 0.793966 0.018855 0.021739
0 0.559409 0.315576 0.019991 0.025031
0 0.351043 0.807088 0.016327 0.019556
0 0.856456 0.571767 0.019144 0.022658
0 0.155916 0.392521 0.016048 0.020499
0 0.254889 0.523995 0.018079 0.021819
0 0.435494 0.244813 0.015299 0.019263
0 0.781754 0.453951 0.019054 0.024249
0 0.903876 0.731811 0.017715 0.019132
0 0.691412 0.713619 0.017853 0.021371
0 0.339784 0.288101 0.016380 0.020568
0 0.972586 0.288176 0.016993 0.020976
0 0.299654 0.287194 0.016744 0.023058
0 0.105097 0.205592 0.016326 0.020273
0 0.962585 0.964510 0.018186 0.026987
0 0.151427 0.442967 0.016058 0.020786
0 0.262628 0.662425 0.018266 0.027893
0 0.755572 0.645833 0.016795 0.023748
0 0.350768 0.547737 0.017114 0.020528
0 0.219278 0.452076 0.017475 0.020249
0 0.677462 0.963805 0.016019 0.020309
0 0.034531 0.537807 0.019278 0.021841
0 0.163839 0.021592 0.023567 0.024224
0 0.428633 0.465374 0.016203 0.019304
0 0.700755 0.764746 0.016134 0.020567
0 0.403691 0.234849 0.016909 0.021900
0 0.559966 0.980430 0.016050 0.018376
0 0.294777 0.131724 0.016265 0.021327
0 0.146414 0.113231 0.016520 0.020614
0 0.414636 0.090875 0.022213 0.024150
0 0.049988 0.383215 0.015308 0.021030
0 0.228649 0.583321 0.014647 0.017005
0 0.486355 0.303254 0.016389 0.019552
0 0.480191 0.067819 0.014421 0.017432
0 0.746640 0.875380 0.016294 0.020989
0 0.810468 0.581529 0.016209 0.019261
0 0.520434 0.741729 0.015475 0.019653
0 0.694806 0.054887 0.017253 0.021736
0 0.535672 0.532261 0.015196 0.020601
0 0.512975 0.381979 0.013762 0.017152
0 0.141612 0.569720 0.019646 0.022973
0 0.492231 0.460687 0.015639 0.019659
0 0.355654 0.484203 0.012265 0.014774
0 0.684293 0.123649 0.014061 0.019208
0 0.705384 0.250300 0.014061 0.015606
0 0.276036 0.080432 0.017073 0.016807