0 0.559263 0.529266 0.023668 0.031670
0 0.706035 0.272668 0.015528 0.021025
0 0.139222 0.369449 0.018491 0.021833
0 0.983622 0.646959 0.018340 0.022258
0 0.512354 0.468405 0.015994 0.020368
0 0.723874 0.254779 0.015767 0.020693
0 0.475543 0.487656 0.016375 0.020786
0 0.320085 0.558110 0.017672 0.026209
0 0.961316 0.313370 0.015263 0.020835
0 0.217198 0.321651 0.020168 0.028134
0 0.405537 0.231722 0.017064 0.023099
0 0.240919 0.315573 0.018638 0.024295
0 0.904643 0.773669 0.018780 0.023567
0 0.958334 0.696378 0.016387 0.020438
0 0.716993 0.749555 0.016709 0.022726
0 0.421678 0.548002 0.018371 0.024210
0 0.794782 0.824880 0.021325 0.025296
0 0.250723 0.388521 0.016670 0.020462
0 0.492095 0.013820 0.019437 0.021522
0 0.946957 0.332736 0.017158 0.020526
0 0.351149 0.808414 0.016718 0.020112
0 0.232701 0.369372 0.016938 0.022650
0 0.096650 0.278248 0.013472 0.017970
0 0.062155 0.423902 0.015296 0.020221
0 0.435761 0.247400 0.015579 0.019745
0 0.743426 0.748011 0.014365 0.019682
0 0.066894 0.394512 0.018953 0.023794
0 0.766752 0.789977 0.016797 0.023544
0 0.312979 0.059415 0.018645 0.022878
0 0.388231 0.774978 0.019249 0.021022
0 0.989456 0.528288 0.019095 0.020622
0 0.437203 0.753369 0.017607 0.024895
0 0.116590 0.294652 0.014864 0.018517
0 0.718154 0.846991 0.016300 0.020215
0 0.926836 0.774119 0.015330 0.020297
0 0.225065 0.734510 0.018722 0.021086
0 0.389617 0.841295 0.016860 0.021557
0 0.382070 0.664188 0.016691 0.019461
0 0.342224 0.765986 0.017213 0.019939
0 0.047217 0.383123 0.015321 0.020324
0 0.685530 0.287022 0.015478 0.020187
0 0.600512 0.186229 0.017568 0.020665
0 0.781149 0.454729 0.018946 0.025099
0 0.150707 0.443148 0.016478 0.021816
0 0.293786 0.562038 0.015233 0.020827
0 0.145831 0.114126 0.016916 0.020622
0 0.608189 0.859701 0.017766 0.023372
0 0.307298 0.579233 0.016602 0.019993
0 0.217633 0.451525 0.017601 0.020518
0 0.441274 0.400673 0.017378 0.021079
0 0.457602 0.065235 0.014984 0.018936
0 0.389524 0.484336 0.017921 0.023622
0 0.856334 0.571893 0.019647 0.022675
0 0.789657 0.628649 0.019726 0.023852
0 0.151979 0.389510 0.015622 0.019761
0 0.948614 0.456376 0.016093 0.020488
0 0.629334 0.067745 0.018628 0.023329
0 0.340172 0.288799 0.015703 0.020223
0 0.349742 0.545065 0.016421 0.019501
0 0.559816 0.980437 0.016067 0.018949
0 0.562552 0.317660 0.019733 0.024985
0 0.254536 0.525746 0.018384 0.022313
0 0.220937 0.566072 0.013465 0.017300
0 0.940654 0.844198 0.018095 0.022657
0 0.690953 0.714169 0.017801 0.021327
0 0.962480 0.965729 0.017545 0.026223
0 0.439080 0.622850 0.017239 0.022033
0 0.363363 0.832041 0.017705 0.026251
0 0.796072 0.565410 0.016149 0.019126
0 0.428137 0.463406 0.014728 0.017819
0 0.106090 0.201713 0.016504 0.019679
0 0.756547 0.647285 0.015798 0.023635
0 0.972252 0.287642 0.017048 0.021117
0 0.495194 0.039598 0.014372 0.017885
0 0.464502 0.950309 0.017633 0.023249
0 0.362022 0.468399 0.016014 0.019195
0 0.701460 0.479291 0.014751 0.018218
0 0.904005 0.733978 0.017600 0.019557
0 0.700427 0.764964 0.015680 0.020725
0 0.427243 0.156274 0.018666 0.021370
0 0.298922 0.287455 0.016024 0.021694
0 0.478000 0.300254 0.016761 0.019984
0 0.164308 0.021481 0.021643 0.023449
0 0.491582 0.461643 0.014971 0.019996
0 0.262083 0.665010 0.017918 0.024249
0 0.677074 0.963260 0.016445 0.020154
0 0.696545 0.057680 0.018502 0.021173
0 0.413963 0.090954 0.021426 0.024849
0 0.031826 0.539725 0.018050 0.021650
0 0.941596 0.439480 0.013339 0.015516
0 0.520566 0.743105 0.015649 0.020160
0 0.684119 0.123209 0.016847 0.019736
0 0.989903 0.603019 0.017148 0.019981
0 0.535390 0.534400 0.015214 0.018475
0 0.139673 0.569080 0.016529 0.022698
0 0.179944 0.718958 0.017035 0.018320
0 0.550334 0.443113 0.015276 0.017724
0 0.355155 0.484577 0.012648 0.014588
0 0.296122 0.131453 0.013056 0.018007
0 0.326252 0.112245 0.017073 0.025210
0 0.905747 0.168667 0.017073 0.022809