0 0.904219 0.884267 0.017325 0.020832
0 0.312300 0.688509 0.017505 0.020147
0 0.015709 0.442194 0.024746 0.025586
0 0.516600 0.614865 0.030326 0.033574
0 0.446785 0.813994 0.026937 0.027689
0 0.110881 0.026793 0.023299 0.026522
0 0.947784 0.898668 0.021322 0.025875
0 0.779216 0.686328 0.018100 0.022061
0 0.181110 0.901723 0.019332 0.024453
0 0.263586 0.939836 0.023122 0.028303
0 0.921864 0.180355 0.022447 0.025568
0 0.007387 0.717826 0.014774 0.023997
0 0.324528 0.712438 0.020156 0.023618
0 0.118041 0.770770 0.018197 0.023231
0 0.105450 0.454515 0.017931 0.023304
0 0.420505 0.598944 0.020370 0.023493
0 0.622814 0.524107 0.019194 0.023637
0 0.427944 0.741246 0.017075 0.021083
0 0.519232 0.470986 0.021041 0.022514
0 0.591409 0.082569 0.024904 0.028509
0 0.514495 0.170536 0.018393 0.023074
0 0.340532 0.634597 0.017542 0.021629
0 0.151565 0.917328 0.023246 0.029531
0 0.799517 0.710886 0.019031 0.023447
0 0.378307 0.132786 0.019850 0.022196
0 0.046912 0.868189 0.020332 0.026764
0 0.337571 0.787150 0.020300 0.024961
0 0.354309 0.732882 0.017732 0.023012
0 0.428830 0.632560 0.016701 0.020353
0 0.339513 0.276551 0.018994 0.023275
0 0.862002 0.421925 0.018194 0.022670
0 0.552232 0.739268 0.018659 0.023388
0 0.804200 0.254362 0.019921 0.024428
0 0.800732 0.639929 0.018966 0.023270
0 0.297920 0.844787 0.017561 0.021998
0 0.122068 0.267228 0.023506 0.028171
0 0.193674 0.872337 0.019124 0.022276
0 0.898397 0.645699 0.020586 0.024716
0 0.263842 0.876374 0.019927 0.022359
0 0.793551 0.114613 0.020498 0.027370
0 0.410588 0.065490 0.019673 0.025533
0 0.936528 0.152168 0.018538 0.021298
0 0.601409 0.543034 0.019964 0.023145
0 0.412543 0.781343 0.018535 0.024061
0 0.585128 0.444881 0.017506 0.020947
0 0.350024 0.247260 0.020326 0.022200
0 0.273310 0.570094 0.019409 0.022456
0 0.824446 0.886650 0.021256 0.027038
0 0.684620 0.390619 0.021511 0.025271
0 0.491035 0.903716 0.020445 0.025552
0 0.880604 0.877668 0.017886 0.021056
0 0.566632 0.552209 0.016635 0.022533
0 0.517888 0.383764 0.019482 0.022777
0 0.709611 0.940624 0.017781 0.023765
0 0.598338 0.663746 0.019088 0.024121
0 0.411400 0.231626 0.017897 0.022318
0 0.938774 0.609722 0.017995 0.023574
0 0.077915 0.137725 0.019024 0.023447
0 0.960789 0.415938 0.018249 0.022017
0 0.298830 0.476885 0.019931 0.025678
0 0.318831 0.096537 0.018453 0.022942
0 0.130579 0.612098 0.016835 0.019547
0 0.451759 0.410296 0.017767 0.022969
0 0.397026 0.632604 0.018236 0.022790
0 0.129794 0.691039 0.017780 0.022859
0 0.872228 0.566810 0.016166 0.019932
0 0.691867 0.355350 0.021024 0.023842
0 0.656495 0.283658 0.020534 0.023238
0 0.178567 0.054793 0.018773 0.022420
0 0.220067 0.860311 0.016026 0.019888
0 0.912900 0.434807 0.020523 0.024431
0 0.913618 0.098081 0.019231 0.023065
0 0.166696 0.477313 0.018903 0.024088
0 0.419614 0.561006 0.020473 0.023964
0 0.042259 0.289550 0.019653 0.024239
0 0.829368 0.097965 0.015478 0.021159
0 0.081258 0.873406 0.018095 0.021891
0 0.126610 0.447581 0.017073 0.021423
0 0.919359 0.904616 0.018105 0.023137
0 0.330095 0.172057 0.017329 0.021473
0 0.144890 0.770127 0.017673 0.022210
0 0.440059 0.955238 0.019693 0.025103
0 0.431251 0.123466 0.017674 0.022712
0 0.199391 0.107128 0.018800 0.023428
0 0.523598 0.699836 0.016929 0.020954
0 0.662256 0.954278 0.018983 0.024148
0 0.604089 0.194180 0.018673 0.023735
0 0.551677 0.427600 0.018268 0.022093
0 0.682306 0.139214 0.018588 0.023293
0 0.534419 0.775808 0.021219 0.031768
0 0.845478 0.976085 0.018009 0.021994
0 0.501815 0.494800 0.016972 0.021656
0 0.083504 0.565275 0.018695 0.022246
0 0.320905 0.619282 0.015296 0.018618
0 0.370386 0.813234 0.020119 0.024028
0 0.559610 0.711120 0.018204 0.021911
0 0.682160 0.917760 0.017790 0.022320
0 0.805232 0.476411 0.020284 0.024656
0 0.581838 0.163948 0.015996 0.019777
0 0.215869 0.039253 0.017753 0.022442
0 0.092387 0.381845 0.017924 0.023352
0 0.778061 0.875260 0.018775 0.019364
0 0.844157 0.619294 0.014068 0.017192
0 0.465182 0.681460 0.017541 0.021567
0 0.576006 0.345650 0.018428 0.025777
0 0.697073 0.043328 0.019723 0.026786
0 0.491515 0.073364 0.017723 0.020983
0 0.801785 0.227891 0.017525 0.019602
0 0.433801 0.040710 0.019608 0.022154
0 0.975737 0.542231 0.016278 0.021706
0 0.637931 0.166336 0.017116 0.021061
0 0.214766 0.156521 0.021118 0.025864
0 0.388832 0.400290 0.016782 0.020784
0 0.136972 0.942700 0.016754 0.020991
0 0.989477 0.555618 0.015319 0.018556
0 0.830435 0.629981 0.013725 0.017246
0 0.872459 0.466293 0.016655 0.019399