0 0.912591 0.882520 0.016763 0.021317
0 0.250699 0.759613 0.018213 0.021802
0 0.237176 0.740856 0.014481 0.019143
0 0.210307 0.483575 0.020695 0.028387
0 0.235694 0.480698 0.015500 0.020547
0 0.302533 0.292590 0.016307 0.021253
0 0.030410 0.960236 0.020667 0.025449
0 0.788264 0.866215 0.019821 0.023175
0 0.232936 0.552027 0.019240 0.022218
0 0.035247 0.848207 0.016058 0.019958
0 0.961901 0.663666 0.019138 0.022610
0 0.201247 0.082378 0.014926 0.022694
0 0.480803 0.050420 0.017190 0.019607
0 0.804848 0.115979 0.017222 0.021403
0 0.047403 0.123810 0.019848 0.023697
0 0.664838 0.185837 0.017995 0.025028
0 0.198902 0.901359 0.026670 0.028146
0 0.414281 0.650534 0.016184 0.019955
0 0.098743 0.604889 0.014951 0.019617
0 0.949230 0.776287 0.017708 0.022292
0 0.879561 0.870712 0.015758 0.019898
0 0.050083 0.414799 0.017468 0.021780
0 0.213599 0.730037 0.017111 0.025168
0 0.589966 0.109202 0.016026 0.019089
0 0.276530 0.346361 0.014799 0.018391
0 0.200040 0.868090 0.019658 0.023972
0 0.801382 0.042664 0.018537 0.022578
0 0.156678 0.897021 0.019319 0.026748
0 0.767952 0.918602 0.017416 0.021838
0 0.731912 0.011060 0.015130 0.018870
0 0.230102 0.098228 0.016548 0.021586
0 0.389053 0.394597 0.016788 0.020492
0 0.108577 0.074431 0.017962 0.021549
0 0.981471 0.289786 0.018247 0.023492
0 0.122049 0.652848 0.016108 0.019143
0 0.087610 0.502509 0.019590 0.022676
0 0.801497 0.344128 0.018640 0.023010
0 0.516569 0.677708 0.017195 0.021919
0 0.590862 0.484432 0.017622 0.023072
0 0.791949 0.836198 0.021117 0.024653
0 0.306316 0.418139 0.014952 0.017498
0 0.338076 0.480804 0.016524 0.020930
0 0.072872 0.583533 0.014667 0.019763
0 0.435868 0.661809 0.013612 0.017972
0 0.408024 0.727588 0.015626 0.021689
0 0.128644 0.909696 0.017884 0.022218
0 0.603143 0.150891 0.015049 0.016678
0 0.761229 0.717794 0.015780 0.020540
0 0.400732 0.176196 0.015699 0.020932
0 0.224594 0.235910 0.015802 0.020853
0 0.777502 0.203357 0.017680 0.020443
0 0.709525 0.064317 0.016363 0.019575
0 0.019212 0.076181 0.017820 0.021056
0 0.364227 0.412093 0.015445 0.019495
0 0.893585 0.139972 0.014319 0.020686
0 0.343828 0.307323 0.016069 0.021609
0 0.126894 0.798920 0.016069 0.015606
0 0.102790 0.785114 0.014061 0.019208
0 0.082202 0.743097 0.015065 0.019208
0 0.038513 0.823529 0.014061 0.014406
0 0.082202 0.942377 0.015065 0.016807
0 0.229837 0.796519 0.015065 0.018007
0 0.102790 0.842737 0.014061 0.014406
0 0.268001 0.570228 0.013056 0.014406
0 0.246911 0.576230 0.013056 0.019208
0 0.290599 0.402761 0.014061 0.018007
0 0.319724 0.390156 0.016069 0.019208
0 0.285075 0.322929 0.013056 0.016807
0 0.358893 0.333133 0.016069 0.015606
0 0.372451 0.313325 0.017073 0.019208
0 0.331776 0.279112 0.014061 0.018007
0 0.308676 0.261705 0.018078 0.014406
0 0.298633 0.144658 0.014061 0.015606
0 0.398061 0.051621 0.018078 0.016807
0 0.418650 0.034214 0.015065 0.018007
0 0.149993 0.043217 0.020086 0.021609
0 0.030981 0.040216 0.017073 0.018007
0 0.023951 0.182473 0.017073 0.019208
0 0.035500 0.390156 0.014061 0.016807
0 0.065128 0.361345 0.017073 0.016807
0 0.504519 0.249100 0.016069 0.015606
0 0.643116 0.176471 0.014061 0.019208
0 0.520086 0.405162 0.015065 0.018007
0 0.542684 0.651861 0.014061 0.016807
0 0.888673 0.187275 0.017073 0.016807
0 0.776691 0.239496 0.016069 0.018007
0 0.814353 0.078031 0.019082 0.016807
0 0.894699 0.108043 0.017073 0.019208
0 0.670735 0.249700 0.011048 0.014406
0 0.549714 0.297119 0.014061 0.015606
0 0.520589 0.471789 0.014061 0.014406
0 0.640103 0.300120 0.020086 0.014406
0 0.884154 0.424370 0.016069 0.018007
0 0.867582 0.628451 0.013056 0.018007
0 0.820881 0.984994 0.016069 0.020408